raw_data/Biomass/Anisotremus interruptusGrid_biomas_Teorica.asc
NCOLS 96 
NROWS 96 
XLLCORNER 0 
YLLCORNER 0 
CELLSIZE 0.0104166666666667 
NODATA_value -9999 
[rows 52 to 77 of 96, columns 0 to 58 of 96]
48.5004831351439 50.1533689020506 52.3193833714925 54.4306524202781 68.4686560872676 59.652263125935 -9999 -9999 -9999 -9999 -9999 -9999 -9999 -9999 -9999 -9999 -9999 -9999 -9999 -9999 -9999 -9999 -9999 -9999 -9999 -9999 -9999 -9999 -9999 65.7615764649328 62.2503530092059 54.5311234211163 83.9378077761717 80.8981215363488 41.9420569058657 37.1277170527338 23.8961121792548 19.3753180233349 18.9882666465398 19.2096285648454 19.2583357034064 19.2818749815329 19.1476171615849 19.4981256569031 24.2943631913055 38.6654745780316 43.1596100943275 43.0190509136038 43.3472728864168 48.0955925182997 51.7313398827961 50.6453260345838 42.5893557354554 49.5347581761915 -9999 -9999 -9999 -9999 -9999
48.1681270687802 49.7574981256807 52.5542750505094 55.1006261266156 56.8815435180318 -9999 -9999 -9999 -9999 -9999 -9999 -9999 -9999 -9999 -9999 -9999 -9999 -9999 -9999 -9999 -9999 -9999 -9999 -9999 -9999 -9999 -9999 -9999 54.5051913797528 54.5908798642582 54.3145219741721 84.6259464390198 79.9649438739502 43.1316736439698 36.6764744778969 23.4731818814621 18.3329251258605 16.7125358397736 16.279495804116 15.8370475737416 16.4491940805941 17.4241260878548 17.4447840280521 17.916258606175 33.6583356347625 41.0604927750697 43.1767728463411 45.2374305680212 45.8167047673676 48.9521015366672 49.899435337588 49.1920042381699 72.1937249275715 -9999 -9999 -9999 -9999 -9999 -9999
48.5487142265688 50.7226210564256 54.5833633305297 57.2528602842218 -9999 -9999 -9999 -9999 -9999 -9999 -9999 -9999 -9999 -9999 -9999 -9999 -9999 -9999 -9999 -9999 -9999 -9999 -9999 -9999 -9999 -9999 54.3998346319911 54.4324062781481 85.6460653415453 86.2146911181096 85.4530157002839 48.7403858366466 44.3430883298867 40.9251951679559 30.5806908996105 16.1856894631838 15.8076829819754 16.0146883208595 15.7879896636066 15.4437449463955 15.3047015999737 15.6789372867616 16.0090509205631 22.0868825107945 40.3231208162996 42.9480196698691 44.7726582324729 45.7583263554092 45.067431630194 47.4305045588858 49.2179362795334 77.7222607604772 -9999 -9999 -9999 -9999 -9999 -9999 -9999
49.3316864899587 52.4322566529828 57.3488213648229 -9999 -9999 -9999 -9999 -9999 -9999 -9999 -9999 -9999 -9999 -9999 -9999 -9999 -9999 -9999 -9999 -9999 63.2402805012551 58.5985703727553 86.3243072349842 54.4381689540067 54.5901282108854 54.5331278301106 85.6063529883462 85.7490418536264 83.6605729571506 49.2233231287055 46.4746520197394 45.4807157097017 41.3692970357507 37.4819963424724 22.0840011728652 15.842684974038 15.3426851504153 15.9273837816024 16.0568184924079 15.9074399121094 15.5465210175771 15.1684644261438 15.8087603518098 34.1614422923263 42.2116499155961 44.4579660203713 46.2121997170511 84.8010816748949 44.7529899692166 47.6229278223365 83.9096207746897 84.6020188066507 -9999 -9999 -9999 -9999 -9999 -9999 -9999
51.0424495665751 53.7851074485584 56.3725489090473 -9999 -9999 -9999 -9999 -9999 -9999 -9999 -9999 -9999 -9999 -9999 -9999 -9999 -9999 -9999 -9999 59.2205635387923 88.1949219288943 86.4038572169446 82.7453097001383 51.64853273622 53.7210916363036 54.2681700161794 48.9075034365446 48.2637123226948 47.6820578876677 46.7915991919596 44.1856169482737 42.9566636836569 36.0577384764756 26.6846209169822 18.3665365591833 17.7784680153746 18.4109968561877 17.5298837174154 16.6546710576201 16.662500780254 16.7128991389038 17.5201247511245 20.0650602133785 38.9769096255175 43.7215962660983 45.8646853076681 45.3888887226513 46.4703926506266 78.8353341301123 81.5565698909692 -9999 -9999 -9999 -9999 -9999 -9999 -9999 -9999 -9999
52.2710270045055 54.9035676673656 -9999 -9999 -9999 -9999 -9999 -9999 -9999 -9999 -9999 -9999 -9999 -9999 -9999 -9999 -9999 62.9987492174445 86.1521786126006 86.8285413726073 85.7361384707257 85.607104641719 85.3697074514592 84.1214617502724 81.2980011307073 51.0032383156246 47.5974968832216 46.1763709062784 45.6171407968748 45.7876408369505 40.7979151968193 37.9150739607987 26.6505459640795 23.0151744262696 18.4628734664708 18.3841503032206 18.3873573576114 18.0691950124384 17.7780170233508 17.9527012672022 18.3812940204037 19.8942344568411 23.0869573233771 39.2639159383857 43.8047792393608 46.3444907106735 47.2166591743088 81.1040745605109 82.9501352442411 -9999 -9999 -9999 -9999 -9999 -9999 -9999 -9999 -9999 -9999
52.9898581800785 55.0550258219958 -9999 -9999 -9999 -9999 -9999 -9999 -9999 -9999 -9999 -9999 -9999 -9999 -9999 -9999 61.4842929467052 59.5142094564541 86.726191238337 84.3106278491075 49.7097681365044 49.9202310809036 49.5262394379658 81.7469887454257 85.34577981909 50.1670239383241 46.9856510377182 45.3890139982135 46.0462095972124 42.1062931678344 35.3004477033249 26.2930095097251 22.9897434871546 21.3874690473535 19.2088894390288 18.7117834808916 18.3860795468776 18.0743939482673 18.1528289777247 18.4228103416977 18.7890033373961 20.0491502169864 21.4196648668241 37.0699650185861 42.5460103909541 45.9372198581486 48.5662528052687 82.4844859797579 -9999 -9999 -9999 -9999 -9999 -9999 -9999 -9999 -9999 -9999 -9999
53.3425088875093 -9999 -9999 -9999 -9999 -9999 -9999 -9999 -9999 -9999 -9999 -9999 -9999 -9999 -9999 54.3014933157093 86.0907935871508 85.8209500262961 85.2342845687833 84.1995084254872 85.296546523168 51.9648535306295 47.495773126762 81.1995345388634 82.401929384306 50.5028877204279 47.4971511579456 47.5498921696075 43.0224333537816 27.1784571829475 23.9086397354691 22.6561346651695 21.8747909840874 21.1679862624801 20.218648052565 19.51981085671 19.1485066180761 18.8682150753388 18.8825841823165 18.8973291159806 18.9542042211933 19.6363296570586 20.0552887195314 35.2559748787643 41.7594051362621 44.9348900854473 48.3609261589173 83.3971184499652 -9999 -9999 -9999 -9999 -9999 -9999 -9999 -9999 -9999 -9999 -9999
-9999 -9999 -9999 -9999 -9999 -9999 -9999 -9999 -9999 -9999 -9999 -9999 -9999 53.542824511375 85.2038426071827 85.2523242497318 84.7313031867816 50.3172293373328 49.9186024985958 49.9366421795443 47.2051338225917 45.5444809708322 46.2458988432674 45.5233094008301 43.7298644531997 46.9980533183703 46.1459289446778 43.5671314979767 34.8990648022207 21.6658313464339 21.9207671153937 22.2871981346601 21.9340463249808 21.513746813993 20.98495866619 20.4698255546605 20.1071528022583 19.4328069788021 19.4628856412725 19.3366454573016 17.4496447198632 19.0830877195254 20.8254828755828 30.5790623173026 37.2864411899682 40.0467629262135 76.6778383988961 -9999 -9999 -9999 -9999 -9999 -9999 -9999 -9999 -9999 -9999 -9999 -9999
-9999 -9999 -9999 -9999 -9999 -9999 -9999 -9999 -9999 -9999 -9999 54.0999249362222 86.4329211473616 82.7301513571191 79.4536943048471 47.2736595550835 39.5957709025009 48.3898648137722 48.3814713511087 49.4864018092045 48.378214186493 46.4513507651809 44.8761358468025 43.3917457109774 42.5726940856905 41.5861490338192 38.2186166478697 34.3870635797447 22.7235329176021 19.3808677307378 22.0529328334539 22.6922140270665 22.2451055457803 21.9824026919677 21.7024118105795 21.2069469623063 20.3466796770746 19.8606230235183 20.2415734804371 19.3172402727257 18.058471424319 21.0130203921099 26.9098663777142 29.7543732917193 35.2535946430836 42.4010665655554 72.2244174402964 -9999 -9999 -9999 -9999 -9999 -9999 -9999 -9999 -9999 -9999 -9999 -9999
-9999 -9999 -9999 -9999 63.6580745009999 60.4248375176671 55.5810579074317 55.1225493499905 58.6698521676144 63.4400950228722 59.3323093402233 85.2339087420968 83.6535575256706 47.5303491819133 46.6967655914179 45.092110915936 43.230390786938 47.8579447769156 49.9987788583669 85.2068492206741 84.4124768811292 50.382497905209 45.8068079979583 37.2281880535719 38.1333039900507 36.9726259068015 34.2205723576575 20.6006132415372 13.1635292745047 15.2469620933823 23.8235776287744 22.89415823324 22.6036442046318 22.5343668187671 22.1502719452385 21.4078889639827 20.8633160953498 20.8120783904335 21.2809848195325 22.4216188128389 26.9390555836934 29.8822796406666 31.9034755602719 33.7329998697993 37.7441980940364 40.9852021622221 37.2757927671861 -9999 -9999 -9999 -9999 -9999 -9999 -9999 -9999 -9999 -9999 -9999 -9999
-9999 -9999 64.6583998647069 62.5164383031964 90.4138026855603 87.2423265543636 86.2031657663925 54.7276807781177 55.4060479471188 56.3431091519438 86.271315672198 84.2132887373228 84.9203440100545 82.9036580106863 84.3113795024803 78.9817812622567 46.2575494705466 45.8063068957098 46.8630062623808 46.1657224834963 45.627037566284 41.0629982863126 33.2050886509313 34.2275877891375 34.2823332097937 33.455514499654 20.8104498081257 11.6408173442202 11.1593332486821 19.9439187447868 25.1806877934629 22.979470891059 22.9923742739596 22.5864814526183 21.9200154620208 21.9261539645658 20.9451210374287 21.7376142435415 30.4971320996615 36.1013343721012 35.2212735480509 37.6800570062195 37.3871627419306 35.9793159745745 36.4131452462736 36.3917231251472 -9999 -9999 -9999 -9999 -9999 -9999 -9999 -9999 -9999 -9999 -9999 -9999 -9999
-9999 65.2854040532295 63.4752974558342 88.8652714619182 85.1274245142758 51.5263890631312 50.31823154183 50.0383659360039 53.0760477668325 84.4569497056898 83.3718127864124 53.7970086269619 85.092347356876 47.8152258102251 43.0090288686324 43.9135184273004 42.2073905464833 36.8968341917053 34.1175958455765 35.1731677321882 35.5972255100402 33.5552338471193 30.9434889275748 32.1993764380522 31.5622249289961 21.8782986998274 13.8682920044491 12.4883942150069 15.6007653359848 26.2177188968775 25.9056574715808 23.7179703298883 23.6827678969263 22.6910865470072 21.2977717448596 22.2952157706373 22.8891472107543 28.7680787909723 39.8710013125277 40.3798706459501 34.7930816766482 55.1715320947882 32.6427266524742 34.4490749830052 30.1089031325822 28.7053157343389 -9999 -9999 -9999 -9999 -9999 -9999 -9999 -9999 -9999 -9999 -9999 -9999 -9999
63.64228978017 59.912711019629 53.8684156973831 53.7691974521663 52.0625684691006 50.2231473901639 49.7373287601757 49.4704918128124 49.4959227519274 82.6723993229715 86.1291279091663 85.7757255483627 80.7556832221929 41.3270791713087 26.0041240634248 26.0761575116566 31.0001134816632 30.0503994450617 25.1199291458238 25.5109141752702 25.5314593674615 25.3504361801658 24.7056428618189 26.7721885349197 25.7495641211514 14.583728212288 14.208026801423 15.3461928661553 24.1952702216508 31.8473521084321 27.2582577160322 26.0697684579874 24.8735121150897 23.9868116862459 22.7271659089042 27.1619208087447 30.0312322840539 37.7855390295434 43.7823549137374 36.9974304681057 28.3418913285639 15.0359228813972 22.9981369498182 33.4086614394127 22.8752416233565 26.3585286287256 -9999 -9999 -9999 -9999 -9999 -9999 -9999 -9999 -9999 -9999 -9999 -9999 -9999
64.3982025221372 62.1586512977177 85.7471627201942 53.7313642323993 52.1314700282789 51.2663169961236 51.2489036929858 50.1217994603907 44.5059465606718 42.3964313697561 45.8143245316869 42.8375266240595 40.3590749026345 25.3530669669708 20.7357855730888 21.6735984312867 23.3237281358263 22.9537894008198 21.794364073192 20.7673550147487 20.5145489303454 20.768482494808 21.869153583791 24.874639595149 19.6146820399204 13.6534569429311 13.6971781141188 15.915958650335 31.7065423765841 33.2888980020046 33.0521271895555 31.6034405889409 30.4715758849844 27.8855124556791 27.6136644858302 34.5402755922449 39.6354832557001 42.5319795279942 42.6565034367637 35.9689181029167 -9999 -9999 -9999 -9999 33.5227874765244 -9999 -9999 -9999 -9999 -9999 -9999 -9999 -9999 -9999 -9999 -9999 -9999 -9999 -9999
64.7652599192144 54.107692021075 55.7684701483967 85.3684546958378 53.5835390690713 85.7192262698365 85.5334426111793 83.1617256686996 40.6821605773997 35.85040742113 34.9647091967833 30.8484047759087 24.7846917415308 20.8422698009099 18.1930549607286 18.0718132716872 19.1636273784267 19.4925258392753 18.8516912286922 17.7133873608416 16.0601758774734 17.2024133979752 18.3378234003403 17.843222953446 14.5710127427306 13.7699005779425 14.8614516060015 26.0067548502298 33.8714293659667 34.778800262564 33.9389528939614 33.5234138543351 32.8888931320839 30.3630872481691 33.3527885386972 42.5899821132661 43.151216631664 37.6454809510682 34.4441892360817 -9999 -9999 -9999 -9999 -9999 -9999 -9999 -9999 -9999 -9999 -9999 -9999 -9999 -9999 -9999 -9999 -9999 -9999 -9999 -9999
65.5737883972813 65.4639217292824 94.3369321896113 86.7545035153811 86.1224883043728 84.8048399417592 50.4810897726151 44.8019727140142 41.9410547013686 40.3198636516839 35.9317112609604 24.9156047039696 22.7360604738163 19.2558677748322 15.101166394161 14.4282361845569 15.0942261280183 16.9306907036884 16.2995148389464 15.3963156185684 14.6661470046215 15.0668408901339 15.7444689333183 15.416873338316 14.9559845451941 15.8875461528411 23.4937270736535 32.3722567138087 35.2160119744409 35.9857050282437 35.5095326165405 35.0161974528238 35.230168112963 37.0776068278768 41.5781313978421 44.3200376264525 45.070939345934 36.7552728064844 -9999 -9999 -9999 -9999 -9999 -9999 -9999 -9999 -9999 -9999 -9999 -9999 -9999 -9999 -9999 -9999 -9999 -9999 -9999 -9999 -9999
-9999 65.6622329441538 60.6096189718271 86.3060170029114 80.3425244182473 44.4206339028528 43.870924736172 43.4809419112228 42.480741823078 41.5419267603829 36.2219747384443 21.2852441886453 19.0411830439887 15.6060895473758 13.6852268254904 13.723561147506 14.909081374728 15.5498408199739 15.3788271500933 14.8501016400714 14.7340964695276 15.0950153640598 15.6641422428726 15.140402700224 15.8541977981988 20.3094728351183 26.5334133134764 34.0366678324325 36.3379799089881 37.2369573429219 37.3395580283165 37.1668030281222 38.0773058137731 43.7476535830239 37.4178552546555 44.7564976849566 39.4775107718385 -9999 -9999 -9999 -9999 -9999 -9999 -9999 -9999 -9999 -9999 -9999 -9999 -9999 -9999 -9999 -9999 -9999 -9999 -9999 -9999 -9999 -9999
-9999 59.1676972515682 84.6472432845841 82.2710164218673 45.8688194012188 44.3885633589444 44.1213505848947 43.7334974445018 42.6209251771153 41.6510417750089 26.3448735924521 19.0747944773115 16.8842635803584 13.8208125663971 11.7992408201054 12.1126802765857 14.9128145864799 15.3777998904838 15.0130600913062 14.5519332746163 14.6501367877797 16.0115689593621 15.6882703161413 15.8035614159809 19.557355942684 24.4763885830984 34.2933574592622 37.6208016653262 39.4947987994142 40.1969683252222 40.2176387929757 40.9954747583178 44.1233549938889 45.8297334258304 34.7200460239192 36.2179659204557 34.6088013247368 -9999 -9999 -9999 -9999 -9999 -9999 -9999 -9999 -9999 -9999 -9999 -9999 -9999 -9999 -9999 -9999 -9999 -9999 -9999 -9999 -9999 -9999
62.6226719798931 86.7129120287499 83.6928940521833 47.955033337576 45.3827502201064 45.3318883418765 45.36483581472 44.2361029998171 42.6923322475364 41.099453474896 24.0485725383821 17.9799862846368 15.8621903790635 13.8557644482348 11.247214055525 11.7076643841793 13.1818696168023 15.0431136986642 14.2951434273368 13.8855800320247 15.114733737541 21.7249614117651 20.1541311380617 21.2219800297634 24.7556278111137 33.7104502686137 39.4279016492301 41.2174630544341 42.0219827145125 42.7310423962384 42.2759162789751 42.816856156306 47.7443198420525 47.6577544286121 36.7166879333446 40.6562285360362 35.8193390817187 -9999 -9999 -9999 -9999 -9999 -9999 -9999 -9999 -9999 -9999 -9999 -9999 -9999 -9999 -9999 -9999 -9999 -9999 -9999 -9999 -9999 -9999
63.3347382751104 51.6515393497114 50.4693138697737 80.3742191354694 81.7360897715193 49.2072878567513 46.6591829227751 44.5828657558272 42.7730097095561 42.6876970517372 23.0837001587614 16.3453656946905 14.9040703522423 14.9353266049969 15.0192361765198 12.1594331163772 9.99949451169924 11.9112371726607 12.5733310461394 12.9761420886521 17.9835816932703 22.5921188529147 21.6718445734167 25.7466827832222 35.4268507455266 40.5464871435995 42.4321349049667 43.4863287603949 44.2716812594655 45.2396855281397 46.3290818165299 49.2254528132619 51.0881751467571 46.5096039015771 43.6501891956771 38.3641868510791 30.8219716322967 -9999 -9999 -9999 -9999 -9999 -9999 -9999 -9999 -9999 -9999 -9999 -9999 -9999 -9999 -9999 -9999 -9999 -9999 -9999 -9999 -9999 -9999
82.3435509723477 42.2699030519923 82.903407459562 84.6486213157676 78.7977514614696 46.7946058054511 45.8184586252376 43.6951631224863 41.8786674714216 38.9945734797796 19.8536326471508 15.7603664021542 14.9452609570748 14.5846176687793 14.6683769096277 11.2966728474588 9.2753641798476 9.19290780484548 10.1445510851039 12.3341549428972 21.9049823945637 28.520659555741 30.0725732195609 36.9965535391707 41.1603373980972 43.3762115412717 45.1541223191965 46.1818830310126 46.948569471324 48.333365535246 49.7645135571606 52.0689575227698 49.7249264795236 46.9301539636891 39.1879989477275 25.8750902344181 -9999 -9999 -9999 -9999 -9999 -9999 -9999 -9999 -9999 -9999 -9999 -9999 -9999 -9999 -9999 -9999 -9999 -9999 -9999 -9999 -9999 -9999 -9999
83.2823660350427 79.5725808133202 83.092573558397 46.4566123387909 38.1711372098177 46.4814169000951 45.8681930234081 41.6734661006324 36.076529810797 23.350787657249 18.3915666164994 15.8729640774078 15.1732499526177 14.6824954654811 14.4256179253081 11.5358865333697 11.8060683382422 10.0191502473994 9.07501097331328 12.9673853268583 30.8004242356082 34.0144940579333 36.3089159785711 41.5166210968301 44.8965557634317 46.4587420233473 47.769374954481 48.4849489654383 49.3148995646316 50.970165567219 52.4695887705012 53.5564795476485 50.1556238621692 -9999 -9999 -9999 -9999 -9999 -9999 -9999 -9999 -9999 -9999 -9999 -9999 -9999 -9999 -9999 -9999 -9999 -9999 -9999 -9999 -9999 -9999 -9999 -9999 -9999 -9999
43.8332167919672 41.9074808507144 40.4574162189163 35.9515047997789 36.9186321395181 42.5352366926099 39.7642665335824 33.0303292417427 22.0485481887789 19.4585761619348 17.4200295769728 15.6876815209992 15.0312375753731 15.0620052534352 13.0333303827701 12.192693778126 12.1836614100955 11.8407070311745 11.6685909363471 20.7134865230275 39.2193178382631 39.9000652429448 39.4114905505895 44.9905124350385 47.6782996208035 48.7098185994839 49.8126193730233 50.6571019374251 50.5375890511413 50.0106800367704 51.4448346721765 51.1640921374154 -9999 -9999 -9999 -9999 -9999 -9999 -9999 -9999 -9999 -9999 -9999 -9999 -9999 -9999 -9999 -9999 -9999 -9999 -9999 -9999 -9999 -9999 -9999 -9999 -9999 -9999 -9999
33.9543617881049 35.171163323194 38.5157702812714 38.996703164336 39.7772951920452 36.6521710188413 31.0529797688873 22.7326780336385 18.8120790959427 17.95432984951 16.2067858678486 15.9589281681499 16.0028121975684 11.4176514578197 12.0722413251261 12.1796275369946 12.1955876436115 12.3524702300824 15.045381186339 36.4204112288778 38.9169026312513 36.8121479116971 37.8008226481248 42.6452286361709 44.9203581202388 47.6952118216927 50.7371530216341 51.4158960173216 48.6614622324969 46.5280194092121 47.9980028553908 46.2921255256979 -9999 -9999 -9999 -9999 -9999 -9999 -9999 -9999 -9999 -9999 -9999 -9999 -9999 -9999 -9999 -9999 -9999 -9999 -9999 -9999 -9999 -9999 -9999 -9999 -9999 -9999 -9999
32.5382468336474 37.8001962703141 40.2272850112607 39.1325018736984 34.5214842579235 23.5537340679197 21.3000267049781 18.1431952869959 15.8078583677624 15.2947171376709 14.9679984716036 15.3375864350361 15.3991844289415 13.0661275249389 12.5019365032745 12.3289810621807 12.3462064519753 14.0396564459037 28.5283013650317 35.4160770471823 39.5066999778177 39.4936713193549 38.9127685377006 41.4113896246305 42.8176078096788 46.0847944703523 47.9758290808916 48.9816665693329 46.4964499675522 44.6788268364283 42.6757958733336 41.2495335983426 -9999 -9999 -9999 -9999 -9999 -9999 -9999 -9999 -9999 -9999 -9999 -9999 -9999 -9999 -9999 -9999 -9999 -9999 -9999 -9999 -9999 -9999 -9999 -9999 -9999 -9999 -9999
