raw_data/Biomass/Anisotremus interruptusGrid_biomas_Teorica.asc
NCOLS 96 
NROWS 96 
XLLCORNER 0 
YLLCORNER 0 
CELLSIZE 0.0104166666666667 
NODATA_value -9999 
[rows 26 to 51 of 96, columns 0 to 58 of 96]
8.38293114128015 8.74938220463657 8.74924440151822 8.26562936866812 7.50300298405019 7.49806512249278 7.50439291641216 7.49029139803516 7.47947974119559 8.22016937267789 8.26620939452084 8.16893292051728 7.47017301968403 7.46494314079127 7.46222528747059 7.46163874728864 7.46421554032635 7.46000239789594 7.46251141685452 8.26374271870226 9.07250546207043 10.1373978505056 11.2869389362803 13.8487615443111 16.3809564818952 23.0590208730194 28.2255103313336 31.1132373142777 35.6519709306964 35.8436425407743 37.2369573429219 22.274795854008 23.393005521691 43.1672519036182 24.9756116982358 -9999 -9999 -9999 -9999 -9999 -9999 -9999 -9999 -9999 -9999 -9999 -9999 -9999 -9999 -9999 -9999 -9999 -9999 -9999 -9999 -9999 -9999 -9999 -9999
7.47635110930664 8.91485869467045 8.59173919550346 7.49716038238299 7.48798770572292 7.48901233454569 7.49320881532633 7.50594207401361 7.47504010054882 7.46765397868047 7.46792006397446 7.4714448171909 7.46772926929332 7.4646339607039 7.46232237603125 7.46269469500194 7.45992172043392 8.57038848144753 9.09699683446927 9.85942390566784 10.7204303167163 11.5733063437816 12.6550733504373 15.9418155263612 22.772766213524 28.2509412704485 31.2948868793842 35.868948204327 36.9464433143137 37.3509581044715 38.4120421158175 22.6568863185423 24.4975601531004 77.0386320178662 -9999 -9999 -9999 -9999 -9999 -9999 -9999 -9999 -9999 -9999 -9999 -9999 -9999 -9999 -9999 -9999 -9999 -9999 -9999 -9999 -9999 -9999 -9999 -9999 -9999
7.45918547595521 7.50382504228897 7.49550160866466 7.48702809491691 7.46977802583659 7.47828749367068 7.48171165061072 7.48455766083147 7.48506465103146 7.48486558816321 7.47533813111116 7.4801200245937 7.46735244040239 7.46521949868136 7.45951946060388 7.46165240232491 8.67397884378307 9.98632805011808 10.69808115643 11.8285177189781 16.0427249916669 15.8975807253688 14.7438554358184 23.0992343284671 29.403100615472 31.661568449775 36.9272761533059 37.7750158823235 37.8253766583047 37.7503365965814 38.9889360794832 41.0587389171997 25.135087488843 -9999 -9999 -9999 -9999 -9999 -9999 -9999 -9999 -9999 -9999 -9999 -9999 -9999 -9999 -9999 -9999 -9999 -9999 -9999 -9999 -9999 -9999 -9999 -9999 -9999 -9999
7.47084211646143 7.4780200303455 7.47485256303229 7.47130024919219 7.47002319011171 7.47171779264081 7.47233477478436 7.46537684478741 7.46694441789649 7.46880826771005 7.47302341454945 7.48920701276926 7.47631553104699 7.4974267182281 8.52626392294974 8.93805972877922 10.1949369161976 12.0505937079879 16.4802874751179 24.3853132494208 26.9699986475426 19.2435156044049 18.9150806631362 27.7360587100433 33.0512502606205 37.4872579160824 38.4386005349917 38.6050917570789 38.0582639283274 38.1700097297584 39.1957660325803 41.1582077135408 45.2142545890248 -9999 -9999 -9999 -9999 -9999 -9999 -9999 -9999 -9999 -9999 -9999 -9999 -9999 -9999 -9999 -9999 -9999 -9999 -9999 -9999 -9999 -9999 -9999 -9999 59.6666698155813 58.68889405306
7.48159552016461 7.48069178225931 7.49139044054184 7.47049134488743 7.47159552369216 7.47139357948598 7.46851599982357 7.46609530013629 7.45989127847232 7.46009397433186 7.47639270079327 7.4878527839425 8.57324476426438 9.12988166953165 10.477571111947 10.894087300958 12.4954848118242 23.0434867033137 28.3862388775623 30.084098571278 30.026847639379 30.6037416030447 32.3094936571754 32.6660279070326 36.8829286043075 38.5008624893765 39.1447788787883 38.7648180988105 38.4923437511508 38.7998952562103 40.1781769909009 41.7148070361394 45.043754548949 -9999 -9999 -9999 -9999 -9999 -9999 -9999 -9999 -9999 -9999 -9999 -9999 -9999 -9999 -9999 -9999 -9999 -9999 -9999 -9999 -9999 -9999 -9999 -9999 60.3251181702017 58.4317033239817
7.50947108659916 7.50042356022568 7.47680573432166 7.47193765125237 7.47327333929593 7.47433166724491 7.47062551501449 7.46151823219786 7.46255563912796 7.46624500443305 7.47907685498774 8.67602083544599 9.05155938808022 10.1587197511822 11.4115630654996 12.7279461449356 17.1696037282501 30.2009806707569 31.2529195660665 32.2295678485286 33.3645644415386 35.0125644615217 36.1252620044704 36.3049071605826 38.9988328488924 39.0553321274187 39.3561187521225 38.8786935847979 39.393450869641 39.8205152609844 41.0186507373142 42.7953087596175 46.2361273494203 -9999 -9999 -9999 -9999 -9999 -9999 -9999 -9999 -9999 -9999 -9999 -9999 -9999 -9999 -9999 -9999 -9999 -9999 -9999 -9999 -9999 -9999 -9999 63.1492051675776 86.5543131670776 83.3200739792476
7.50276859347342 7.50518039859578 7.47817574786925 7.47510198667652 7.47273014445848 7.46848355345298 7.46512779696987 7.46443802972471 7.46940295080354 7.47963671147495 8.58789448850131 9.59876304351817 10.4573892188859 11.4364302645848 13.1296046522765 15.351091140635 20.1170495716676 31.8201673114472 33.2124799090977 34.0384216903025 35.7845124754431 37.1436270491258 37.8530625575382 38.7836094331318 39.2904743575599 39.5234869031448 39.6277161708472 39.5504211490054 40.5793093408808 41.4642559118546 42.0222332656368 43.9024941778319 48.6275125551563 -9999 -9999 -9999 -9999 -9999 -9999 -9999 -9999 -9999 -9999 -9999 -9999 -9999 -9999 -9999 -9999 -9999 -9999 -9999 -9999 -9999 -9999 59.4491914397022 57.5719371409985 51.8113909670051 48.0954672427376
7.49964359457578 7.50230908271148 7.47494514167272 7.47518817626327 7.47334549801972 7.47164162509902 7.46928080713045 7.46449816199454 7.4817858137435 8.78779169198943 9.90798071355423 11.3464698834104 12.1847262523738 13.4256558607314 16.4301647227047 18.8203723381566 26.288499589488 34.4522068720588 36.2279879654271 36.6912569942297 39.2335992523473 39.5619465007225 39.1385151006812 39.4352929073965 39.5356386326726 39.7875677881409 39.8974344561398 40.2826568097276 41.6537978373761 43.2414150364065 43.7455238984675 46.0726427408245 53.9955703929576 63.2347683765208 62.1099191040443 -9999 -9999 -9999 -9999 -9999 -9999 -9999 -9999 -9999 -9999 -9999 -9999 -9999 -9999 -9999 -9999 -9999 -9999 -9999 60.7331406760995 51.8968289003862 82.8053166944045 51.5347825257947 38.3603033086527
7.49894994378819 7.49293546404974 7.47611346156526 7.47437350928266 7.4759720254556 7.48033574911171 7.48013706207015 8.22847639520356 9.29260209719839 10.9094586124329 12.9622615563667 15.5842790720069 16.4124131755491 17.7978731999504 24.9758622493601 29.9440404928028 35.4487739689015 39.1418975408591 39.8237724256001 40.3004459395518 40.1065193693554 39.9837493184559 39.8067349491487 39.8416868309864 39.8910454024705 40.1957155696008 40.7570753635609 41.0532267924655 42.5513972401263 43.9346899973025 45.3172311011059 47.4933928910813 56.2448931112242 63.4319521113329 64.3239141137867 -9999 -9999 -9999 -9999 -9999 -9999 -9999 -9999 -9999 -9999 -9999 -9999 -9999 -9999 -9999 -9999 -9999 59.9189747977361 59.8786360667263 87.5573945931517 50.5472352694263 46.091559350708 40.0720685897663 39.5695883100132
7.49622332117816 7.49416354038542 7.47466314638234 7.48014269947044 8.32667740285573 8.46554035246808 8.73687970353476 9.42183636710448 12.9751023014863 15.5810219073912 18.3283650953986 19.8456651213985 20.0520315549157 21.1490696525966 32.1034153574512 36.6991493546446 40.488860385014 40.5332079340124 40.4462666938856 40.1145370053325 39.9980307325401 39.9896372698766 39.8428143110457 40.1714121105452 40.3663408852387 40.8502803817948 41.3973587616706 42.6705342997237 43.8492520639214 45.289169375186 45.3866337625328 47.4411529816679 -9999 -9999 -9999 -9999 -9999 -9999 -9999 -9999 -9999 -9999 -9999 -9999 -9999 -9999 -9999 -9999 -9999 -9999 -9999 59.3391994961411 57.5674272207614 49.2591519394782 46.7180624369821 44.642496923407 39.0698640926272 42.6408439914959 80.5219190232352
8.36823757059647 7.47436749605568 7.4822335486026 8.37492352734801 8.61967689861683 9.48381018769632 10.6905270400329 14.38292401373 17.7066725907108 19.2952544115697 20.3956624218722 21.2692089166911 24.8242788191678 26.1944176423191 38.0806882539509 40.7602072526144 40.2782721650526 40.1159150365161 40.2775205116798 40.2687512223298 40.2831579119762 40.3390308126917 40.5620213133052 40.8385044789534 40.9488722492008 41.476908743631 43.0099057975674 44.3789171406594 45.6700070840988 47.160535722469 47.1478828906926 -9999 -9999 -9999 -9999 -9999 -9999 -9999 -9999 -9999 -9999 -9999 -9999 -9999 -9999 -9999 -9999 -9999 -9999 -9999 -9999 57.6394606689932 54.4030917966068 46.3979833757083 44.8891645052653 41.2605578478111 77.8536748251645 81.73671614933 47.6399652987879
8.33551559376487 8.23931648959574 8.43863993100925 8.83886653867488 10.3367112698741 12.2058351845947 14.9375690375592 18.4681099849684 20.6707675563369 21.5106149249395 25.6784076018546 27.4308874406644 28.7428984029816 35.2261592949745 41.3195626375802 40.7952844100143 40.2960612948769 40.1405943222582 40.1622669945088 40.2594808307313 40.6975694715432 41.1270140985673 41.5454344761229 41.8125219746105 42.0943919894308 42.7921768705639 44.1257352295696 45.6158880412533 47.5993760166537 48.9009891073132 -9999 -9999 -9999 -9999 -9999 -9999 -9999 -9999 -9999 -9999 -9999 -9999 -9999 -9999 -9999 -9999 -9999 -9999 -9999 52.4639513702048 83.2543043091228 80.4446240013934 81.1461671493908 78.644163622283 41.0523498635305 79.1292305988983 79.5527872745017 46.2618088396595 45.4620496509425
8.51852314596496 8.60967113946852 9.60004085425202 11.1941974376263 12.8097260319021 17.8805675985206 20.6448355149734 26.0473441323639 28.6971728227997 30.4147007797718 34.9337661329341 38.4338400636303 39.7518642529303 41.6165909954198 41.1916562886328 40.8426385725041 40.6438262553841 40.5551311573873 40.5488673792802 40.8542891997833 41.5468125073065 42.054053258421 42.3439409092185 42.6467319429166 42.889891809035 43.7055609941441 44.9876310971093 46.2832309607858 47.8668393418277 -9999 -9999 -9999 -9999 -9999 -9999 -9999 -9999 -9999 -9999 -9999 -9999 -9999 -9999 -9999 60.0064171401115 49.4738742529903 90.1914385627575 85.1873062329799 45.9169252170815 74.0178623879268 70.4936102737371 45.3598247922343 45.7213700645772 46.6786006349072 78.3939883246847 85.8362336448775 45.2274085230498 47.2313164150794 46.9523277381883
8.67252564726222 9.05378929308636 11.8160903832136 13.8349687049192 19.7127101672968 27.2790534593478 29.2240818371705 32.756101036213 38.0081537034704 40.8487770750491 42.0623214455224 42.3871609781576 41.6910046793323 41.3720530981178 41.4165259226784 41.2274850994055 41.070389544479 41.1028359150738 41.0909347366703 41.5409245558858 42.2149070802118 42.5963711669354 42.8838785820522 43.2297644091273 43.3788423280767 44.3102661326054 45.55663270036 79.2858250515763 -9999 -9999 -9999 -9999 -9999 -9999 -9999 -9999 -9999 -9999 -9999 -9999 -9999 -9999 -9999 51.3492494182618 50.4096827021939 78.2525522150259 49.1306192127201 48.7818520477157 47.305730098992 43.8517575751642 43.0270685495809 48.78911803032 48.8627800608597 37.9372477352979 41.1134843378559 51.2585499112707 50.4556588335002 47.8265006108179 47.6583808064228
8.81493890630568 11.2042194825977 16.8077703221143 35.6971954086298 31.7442503207889 34.2548978616845 36.5625989919094 40.5960962662079 42.3960555430697 43.1648716679375 43.736253506869 43.486454035957 42.7671217581354 42.0747237261745 42.190478345594 41.9899121706041 41.871902591066 41.7664205677421 41.9327865142671 42.4875067034336 42.8060824579617 43.1557265519011 43.5895558236002 43.8481245838621 43.8463707259921 45.0293478593027 46.8656370491858 -9999 -9999 -9999 -9999 -9999 -9999 -9999 -9999 -9999 -9999 -9999 -9999 -9999 -9999 -9999 59.098920967952 49.9865018532769 48.8669141544104 45.1725378268314 44.1907532463215 44.8142497191042 48.3111917607468 48.2142284756486 47.787915737678 50.6120027350539 41.0532267924655 40.8436407770012 41.4741526812639 45.393899745137 88.5428121649637 54.8374221705545 78.6818715664879
10.3314496962641 14.635416909228 37.0494198263948 38.7085693714085 37.9456411979614 39.6482613630386 41.405626948772 43.1363088397691 44.4126162668757 44.4435593307249 44.2372304798764 43.7366293335554 43.2897714033935 43.0474884662101 43.1225285279334 43.0137893399938 42.9243425886241 42.544131257522 42.7543436507969 43.2032059899531 43.5069992281484 43.9440856644632 44.4910387687768 44.8438147517698 44.8845293094661 46.0995769866851 79.3497155882689 -9999 -9999 -9999 -9999 -9999 -9999 -9999 -9999 -9999 -9999 -9999 -9999 -9999 -9999 62.7792664325711 59.9658278579774 80.4592812421641 45.4408780809404 43.0963459354456 42.6876970517372 45.3371499154865 45.9183032482651 46.5663537312276 43.1032360913635 35.2394385045615 35.1370883702912 36.9798918894057 37.0916376908367 42.3404331934785 79.4307688769751 55.7724789663852 83.0430897113508
13.5050680395734 32.7822836287008 39.1817351696203 39.985628451888 40.5400980899302 42.6610133570008 44.1605618358452 45.5833163950963 45.7159832154051 45.1266869710873 44.8473224675098 44.4886585330961 44.5098301030982 44.2433689824213 44.2917253494083 44.081137129447 43.9643803055302 43.677373992662 43.6667255698799 43.9770331373066 44.3179079418961 44.8726281310625 45.5679075009528 45.8322389370732 46.0419502280996 47.9244661004132 -9999 -9999 -9999 -9999 -9999 -9999 -9999 -9999 -9999 -9999 -9999 -9999 -9999 -9999 56.6544189238676 51.2793456545864 54.4513228880316 74.3888033274304 44.0585875282613 42.2962109200422 43.5107574950127 44.6639190445333 44.448946179897 40.1615153411359 37.8658406648767 32.2671505171713 32.4697211011555 31.8494817929886 32.2119039942665 36.136411529501 43.7302402798861 87.9081661671504 93.5114915106551
28.5042484571004 40.3483012042902 41.2758414663925 41.5087287364152 41.8589992081653 43.7229742972819 45.4676870512389 46.611578209161 46.5767516028854 46.386332748429 46.1795027953319 45.9513759966706 45.7511856483671 45.4661837444932 45.4478935124204 45.2341734034055 45.3104662207502 44.9347648098852 44.7954583847828 45.1330760247566 45.3470466848958 45.7939046150577 46.2534153769959 46.9540815960583 49.1253576391102 50.1105246597979 -9999 -9999 -9999 -9999 -9999 -9999 -9999 -9999 -9999 -9999 -9999 -9999 57.0034366399963 55.3995336178873 45.9276989154257 45.327879523888 75.6854053956041 40.7540687500694 42.5025397708907 42.3390551622949 41.9316590342079 43.5676326002253 38.6246347447731 36.9425597718873 35.1489895486948 36.842840424422 30.7186192935292 29.6839684257952 30.6676321397373 36.8048819290928 41.3023998855667 90.3143338892192 -9999
42.434139313961 43.5503445726497 42.7140049197871 42.9813429693989 43.560366617621 45.370974317265 46.7258295218349 47.6355806541129 47.4501728221422 80.7700899118393 49.1213488211216 48.5614923339073 47.714880084949 47.302222383252 47.0946407767821 46.8211642246252 46.8058806060439 46.6216002541324 46.3461192929813 47.0082006389038 47.2651408168579 47.3991856683502 48.6119783854507 50.8342415822945 52.2686467688248 -9999 -9999 -9999 -9999 -9999 -9999 -9999 -9999 -9999 -9999 -9999 -9999 64.4370379464013 56.3735511135444 77.4884965615195 45.8124453982547 73.5118743924337 40.7381587536773 36.339608491296 41.9233908471065 40.0537783576935 38.9866811193646 41.7149323117015 35.9909666018537 33.6645994128696 33.2263854964955 33.5113874003695 67.7086092517497 29.7191708587573 32.5808405247758 47.4048230686466 82.2784076800337 55.3617003981203 31.0093838732617
44.5524237942266 43.1931839449817 44.1342539677953 44.6164396064814 45.527568769943 46.842962172438 47.82837974425 79.3088757550105 49.3554888467657 52.3388010836245 52.7487027229544 50.1582546489742 49.5912574547177 50.4527774955709 49.4064760005577 49.3014950794824 49.8043511859219 48.6670996327933 49.2565211526733 49.5813606853085 49.5659517911649 50.8620527570901 52.3256471495996 55.6999444159048 -9999 -9999 -9999 -9999 -9999 -9999 -9999 -9999 -9999 -9999 -9999 -9999 56.852730138739 55.0333531497451 49.6211983140697 76.8755232359568 40.0267188362707 37.3850330573742 36.1176201951797 41.7562732472085 39.1423986431076 37.3639867629343 38.1420732794007 37.1567809831508 34.9729773838847 32.8991657281796 33.1286705580245 35.2431967714258 34.213055823929 38.2994193854515 41.9594702090035 46.7169349569228 44.9957740086485 32.5187038459532 23.8429953409064
45.8272279145875 45.5508700245014 46.3369741769449 46.5856461677976 47.3215148198219 47.6912030037041 78.6378998441759 81.9633396412456 88.0715255001841 67.9582834470995 55.9511219180003 61.7754333531241 50.1944592864333 57.0995229961595 52.2519851190599 51.4931910391634 51.219213384758 52.1085446004068 52.3742540677108 52.485248215769 52.8303823894713 55.045504879273 54.2060333373568 -9999 -9999 -9999 -9999 -9999 -9999 -9999 -9999 -9999 -9999 -9999 -9999 -9999 56.0613644126856 40.839005581202 76.3799331121215 71.9979192239429 35.8679459998299 34.0185028759218 33.9539859614185 37.8920232573645 34.1941392140455 33.905128492183 35.8681965509542 37.5096822417059 36.7378595033466 34.6809600485308 34.6154409295303 34.8497062307366 35.9998611667658 38.4323367568846 37.208895617002 41.4216622207262 38.6017093169011 30.3525641009492 23.7442781979382
46.8780393298379 47.3238950555026 48.0671549656934 48.5997013803607 48.9150199702731 48.6911525407247 82.8517939279594 59.4096043620652 70.2132435656625 59.6546433616157 -9999 -9999 -9999 60.6559709298198 59.1943809463045 59.7715254610945 59.7938245111559 59.9648256534802 55.267242624265 55.8584180020149 -9999 -9999 -9999 -9999 -9999 -9999 -9999 -9999 -9999 -9999 -9999 -9999 -9999 -9999 54.7455951835041 54.090905095748 53.8696684530045 76.8951914992131 76.6554140732726 69.4858936518638 31.6798586818478 33.322722403783 40.9553865784322 34.9018208645878 24.4845314946376 25.1048960783667 34.2264603090782 40.6336789348506 40.2943074370069 37.6876988155102 36.8543657761391 37.2595069441075 37.9602984387321 36.2943840133626 34.8472007194937 34.5844978656812 32.4529341758284 28.5701434027873 47.793177311288
47.7747618036531 48.5465845420123 49.2997412216124 50.0706870310366 49.6178158738919 81.794844010164 87.3193710250812 59.8320335576093 63.0041360666167 -9999 -9999 -9999 -9999 -9999 -9999 -9999 -9999 -9999 -9999 -9999 -9999 -9999 -9999 -9999 -9999 -9999 -9999 -9999 -9999 -9999 -9999 -9999 -9999 64.5950104302628 54.2006464881847 52.4375182265927 84.3105025735453 83.8909547159305 46.9636025387811 39.9768591625381 37.3589757404486 45.2938045709853 40.1100270850954 26.5922928276833 22.1151947878386 22.6816908798465 34.7437231051641 41.6397669744161 42.5725688101283 41.4310578878869 38.6865208724715 40.9215621766538 40.6660000298833 37.3108699245859 30.7292677163113 30.5634028720348 49.2680465043903 48.4167990596328 -9999
48.687018447174 49.2743102824975 50.1244302471957 51.034431930598 51.5521958289325 87.2080010503366 58.5733899847647 58.7634330125347 -9999 -9999 -9999 -9999 -9999 -9999 -9999 -9999 -9999 -9999 -9999 -9999 -9999 -9999 -9999 -9999 -9999 -9999 -9999 -9999 -9999 -9999 59.5515415739725 58.3852260904269 97.4476496731689 80.5268047701588 85.0161798150934 51.4531028592779 50.5142877965828 46.5559558595698 40.536339823066 25.1546304765372 44.6661740046519 81.0157552892005 34.3189136739393 23.1661314786511 21.9074879058066 23.1121377113678 38.9343159343891 41.9067291973415 43.7774691668138 43.3992622447059 43.2548195215558 45.9146702569629 44.1227286160782 35.9046517395376 29.8738861780031 25.9146773120551 53.1933056929978 -9999 -9999
48.6425456226134 49.6277126433011 51.7287090959911 53.0185462838091 55.8943720883498 59.0410436582423 68.8417267113276 -9999 -9999 -9999 -9999 -9999 -9999 -9999 -9999 -9999 -9999 -9999 -9999 -9999 -9999 -9999 -9999 -9999 -9999 -9999 -9999 -9999 -9999 68.2615755830462 50.038491211566 88.3551493728744 61.3676613983507 86.0572197364966 84.9559222697029 47.4504233732665 43.5841689744281 40.8069350372935 25.0302318433298 21.0409568424677 25.6512228048697 34.8445699326887 24.0030975093244 21.8191686344962 21.7185723580958 25.4388807270383 41.8285572465647 44.5194763213832 45.0487655714347 45.0669305279454 49.8657362113717 50.423838840716 44.5454083627466 36.5124887670525 27.8520638805871 50.6880450012743 -9999 -9999 -9999
48.4670345600519 50.4809644970529 52.3929201264701 86.0727539062023 98.624112477248 59.9216055845411 -9999 -9999 -9999 -9999 -9999 -9999 -9999 -9999 -9999 -9999 -9999 -9999 -9999 -9999 -9999 -9999 -9999 -9999 -9999 -9999 -9999 -9999 -9999 67.9116809379826 64.7571170076751 58.5925571457725 54.4678592622344 84.663904934349 79.4464283222429 42.0695874281266 36.2689530742477 23.3858648146489 21.0472206205748 20.5791911204108 21.4919488661803 21.4018757369999 20.8738392425697 20.811577288185 22.2438527901589 34.1079496272915 42.6577561923852 42.3081120984457 42.8234957610995 46.2034304277011 52.2368267760406 52.8603232488233 43.7620602726703 32.2293172974043 -9999 -9999 -9999 -9999 -9999
