raw_data/Biomass/Balistes polylepisGrid_biomas_Teorica.asc
NCOLS 96 
NROWS 96 
XLLCORNER 0 
YLLCORNER 0 
CELLSIZE 0.0104166666666667 
NODATA_value -9999 
[rows 26 to 51 of 96, columns 0 to 58 of 96]
35.1789648839568 35.1596715285041 35.1566505495989 35.1697192844081 35.1755989474832 35.176954076021 35.1773484370601 35.1783934938138 35.1769235238745 35.1731942118721 35.1714336715189 35.1745974437894 35.176694924481 35.1775477843986 35.1780212343274 35.1779900321353 35.1767059752574 35.1772357624775 35.1758149793272 35.1669724080933 35.133837630213 35.0908158743907 35.0472896831294 34.9711168982851 34.8913389601611 34.5920471001096 34.416270417604 34.1966893242907 33.8106510365447 33.9040517650698 33.8910465180542 33.7416681901621 33.7206847159703 33.483281537235 33.6202461596701 -9999 -9999 -9999 -9999 -9999 -9999 -9999 -9999 -9999 -9999 -9999 -9999 -9999 -9999 -9999 -9999 -9999 -9999 -9999 -9999 -9999 -9999 -9999 -9999
35.1844599800142 35.1674621091639 35.1703920816754 35.1743792451265 35.1755270090959 35.1762535434718 35.176781380555 35.1777289304583 35.1779126767007 35.1779674972188 35.1780025996849 35.1768509354415 35.1772104106964 35.177113120528 35.1776474580678 35.177224928383 35.1778996757873 35.1555413550059 35.132690949653 35.1085879062963 35.0764225631901 35.0441811647407 35.0077883579679 34.9185628727742 34.6254139442937 34.460503858553 34.2304050263171 33.9060019020764 33.6413336411689 33.6249654912263 33.6524255870991 33.6191605834031 33.4210288303443 31.0434066240798 -9999 -9999 -9999 -9999 -9999 -9999 -9999 -9999 -9999 -9999 -9999 -9999 -9999 -9999 -9999 -9999 -9999 -9999 -9999 -9999 -9999 -9999 -9999 -9999 -9999
35.1843517690785 35.1742247509392 35.1730841374722 35.1751426154237 35.1755608114707 35.1758570156138 35.1767213596715 35.1777217799559 35.1782769189572 35.1783083378312 35.1779295778881 35.1771345720351 35.1773592711546 35.1774394434538 35.1784158120484 35.1770411821406 35.1509266808024 35.09978520453 35.0723493770289 35.039190114095 34.9328942129543 34.936766318322 34.9646857798008 34.6456476991474 34.4234707567964 34.2601272811177 33.8838938488775 33.6693852786004 33.6146731014689 33.5888099511226 33.5309082165757 33.5499068846585 33.4389744244435 -9999 -9999 -9999 -9999 -9999 -9999 -9999 -9999 -9999 -9999 -9999 -9999 -9999 -9999 -9999 -9999 -9999 -9999 -9999 -9999 -9999 -9999 -9999 -9999 -9999 -9999
35.1590585354383 35.1557463360734 35.151302407199 35.1752880089716 35.175681936647 35.175923320272 35.1770951359311 35.1782494003572 35.1790476564386 35.1790166709284 35.1785393207255 35.1778019522551 35.1776938279922 35.1775603519482 35.1658131599838 35.1415348209783 35.0929278727689 35.0299408309543 34.9017613590523 34.569659527273 34.5234282793016 34.8055069300408 34.8140160278466 34.5212766281376 34.2212502164802 33.9203830790912 33.6705791958123 33.6082506502602 33.5734103692266 33.5399373509166 33.4780551700571 33.3827086381632 33.1111238913388 -9999 -9999 -9999 -9999 -9999 -9999 -9999 -9999 -9999 -9999 -9999 -9999 -9999 -9999 -9999 -9999 -9999 -9999 -9999 -9999 -9999 -9999 -9999 -9999 24.1450353130626 24.8536284285307
35.1497407808205 35.1517518054381 35.1507984051238 35.1516410809925 35.1756901705588 35.1765727158952 35.1775237327088 35.178689481275 35.1797262174442 35.1797036391913 35.1790476564386 35.1775740029072 35.17407004007 35.1605638245256 35.1115163620346 35.0732494735984 35.0147111276597 34.6202309134938 34.4596913014669 34.3965328642776 34.4030333209665 34.4319495191376 34.3454067724194 34.3144147617456 34.0210491513755 33.8873260900092 33.6090372055196 33.5596792378808 33.5033809493171 33.4757301733814 33.3678095914323 33.3681844511013 33.2524828224956 -9999 -9999 -9999 -9999 -9999 -9999 -9999 -9999 -9999 -9999 -9999 -9999 -9999 -9999 -9999 -9999 -9999 -9999 -9999 -9999 -9999 -9999 -9999 -9999 23.574923593257 23.7104364470317
35.1488690695785 35.1498372042614 35.1511801986133 35.1518321944192 35.1521747684867 35.1769590597045 35.1779423621196 35.1789726845048 35.1797808429485 35.1798410805139 35.1777317473229 35.1638667065692 35.1490747006917 35.1129603301471 35.0593781490699 35.0141161191908 34.89136062835 34.4146539707073 34.3673674819333 34.3268197999269 34.2462553065436 34.1962992968894 34.1322654648659 34.1086233038884 33.9089509425943 33.8307179463434 33.6147901096893 33.5497183714145 33.423960536311 33.3805288183536 33.3683837984398 33.3653849210873 33.0888879958249 -9999 -9999 -9999 -9999 -9999 -9999 -9999 -9999 -9999 -9999 -9999 -9999 -9999 -9999 -9999 -9999 -9999 -9999 -9999 -9999 -9999 -9999 -9999 27.5989012973872 19.3430612842159 19.2606788297785
35.1490805511028 35.1500560529699 35.1515587418745 35.1516269966697 35.1524815900424 35.1770221141343 35.1781495100061 35.1789906691016 35.1797936705164 35.1783700921697 35.1606231953634 35.122385992346 35.0928851864367 35.0597926615248 35.006539620238 34.9523804152888 34.7700599397163 34.3680803653502 34.2955894391745 34.2487471482743 34.1322091275746 34.0788902149933 34.0392005932698 33.9600011957911 33.8973476274046 33.7789223074462 33.6044890526563 33.5251899815084 33.4007084027348 33.3605659158619 33.2971301258539 33.2477244881993 32.9522007262085 -9999 -9999 -9999 -9999 -9999 -9999 -9999 -9999 -9999 -9999 -9999 -9999 -9999 -9999 -9999 -9999 -9999 -9999 -9999 -9999 -9999 -9999 22.8295812293077 22.8139801332543 22.9193525361814 25.3789953381276
35.1487871638242 35.149755515189 35.1509006789757 35.1516274300335 35.1522239552756 35.1762572270639 35.1773696718853 35.1786563289459 35.1768262337061 35.1588537710526 35.1128747408007 35.0646515362179 35.0369136541626 34.9986183803988 34.9233818779996 34.8094375395187 34.5695186840448 34.2403593923267 34.1121183827681 34.0622728808776 33.8730532539393 33.9308856502815 33.9520186349772 33.9154383983698 33.8967690867593 33.7598651352532 33.5881469045404 33.4941221321732 33.393369387133 33.2733124525457 33.1719508313957 33.0786649442722 27.5358251993159 27.164454108679 27.6102770965928 -9999 -9999 -9999 -9999 -9999 -9999 -9999 -9999 -9999 -9999 -9999 -9999 -9999 -9999 -9999 -9999 -9999 -9999 -9999 22.9508364147447 22.8793747275447 19.1079614339673 22.8834266788808 27.9855051248651
35.1481611698451 35.1487126252542 34.993360377665 35.0000911672026 34.9985163232288 34.9912836984348 35.0927926632698 35.1732763343083 35.1405558522009 35.0802242469437 35.0165706916365 34.9502157632114 34.9292691249408 34.888875287076 34.5936418788173 34.4439060258074 34.1394029663103 33.8991265857185 33.8518314296689 33.7724565198597 33.8845893977432 33.9097634996804 33.9028708487713 33.8958373546339 33.85182926285 33.7170617947757 33.5701601408822 33.5022065334753 33.3997918383417 33.2763871685596 33.1306707646023 28.2630962936701 27.0505444393005 27.4760643341559 27.4319479014273 -9999 -9999 -9999 -9999 -9999 -9999 -9999 -9999 -9999 -9999 -9999 -9999 -9999 -9999 -9999 -9999 -9999 22.9956462295202 22.9629055959971 19.3692364564832 22.9806951791357 25.5512791085725 27.3422632673094 27.8952354496452
35.1449713957478 34.9841091443873 34.9943033772487 34.9861234192333 34.9458041199385 34.912924810006 35.0149230425478 34.9199084673088 34.4898750886924 34.2182101695687 33.9497413083171 33.6136741979577 33.5958564461734 34.7498760216972 34.3587630440961 34.021582188824 33.7393908635021 33.7559648612399 33.7683612321456 33.8034333628012 33.8461413632472 33.8693804959101 33.8722992009634 33.8740803260961 33.7829287555855 33.6477972619366 33.5315864308902 33.44932748513 33.3612484638143 33.2249035515835 33.0918998740908 28.0598486811971 -9999 -9999 -9999 -9999 -9999 -9999 -9999 -9999 -9999 -9999 -9999 -9999 -9999 -9999 -9999 -9999 -9999 -9999 -9999 23.3728460629881 23.0824489945059 23.0138041718712 24.6473689377919 25.7988598356637 27.4435187143335 26.7834190057646 20.1328234355394
34.9584496750173 34.9887779890631 34.973353055386 34.923540055779 34.8643078944297 34.6392057465687 34.7540449812537 34.3528779639738 34.0145421942299 33.8711074505704 33.5844546451411 33.4847398063522 33.4279843190014 32.8154311174741 33.9259323022846 33.683853128371 33.747960632237 33.7676353478154 33.7911019964623 33.8158752369037 33.8264601472121 33.8404404627311 33.8823619079178 33.7870153760239 33.722279494678 33.6215397505512 29.5797637960069 29.2773842190282 29.0538551816859 28.3763559173797 28.2920449941247 -9999 -9999 -9999 -9999 -9999 -9999 -9999 -9999 -9999 -9999 -9999 -9999 -9999 -9999 -9999 -9999 -9999 -9999 -9999 -9999 23.4185009371331 22.9363187281395 23.7707390169157 25.5578012334503 26.6529765082073 21.3028189667856 19.4763639827163 25.5459487340876
34.9243352783139 34.9574789401518 34.9027624293824 34.7940986285518 34.4056031681775 33.9645883513946 33.5183471674338 33.9705817724618 33.5541451824196 33.4924406807097 32.9635765254141 32.7663960058508 32.6307531429424 31.6025109038921 30.1815977444543 30.2329080159187 30.2917588171422 33.7549161208941 33.785403262765 33.822304188569 33.8290624967066 33.7866968536461 33.7234344091498 33.6549455974755 33.6353293860073 29.8056546659462 29.555105396967 29.1520337458772 28.6504368395727 28.0373571010535 -9999 -9999 -9999 -9999 -9999 -9999 -9999 -9999 -9999 -9999 -9999 -9999 -9999 -9999 -9999 -9999 -9999 -9999 -9999 24.5374895515605 20.8652082224888 19.6194607026279 19.1942658306069 19.7017348161204 26.7725199067162 20.4977374058653 20.5089181913702 25.7164340448485 26.0502758322014
34.8785828973186 34.8484511137466 34.5924544620621 34.2337635956064 33.8735516222854 33.0165769156176 32.2891974803186 32.0604247412472 32.7188993356439 32.5403534585887 31.9171980122018 31.12175879537 30.8103652517827 30.3192557489362 30.3281613746 30.3071215631169 30.2841099464382 30.2785195536858 30.3452359075029 33.7687035895313 30.0174612130595 29.7651784889633 29.8264777955396 29.7993708911469 29.8669756407115 29.7847448635969 29.6018003441823 29.249367250699 28.5756599194614 -9999 -9999 -9999 -9999 -9999 -9999 -9999 -9999 -9999 -9999 -9999 -9999 -9999 -9999 -9999 23.4490747517599 23.5838075507319 19.1736377147142 19.0956972390142 24.2244058892341 21.0258778436495 21.7462584539135 25.191370489897 25.4976286727001 26.3171629156587 22.2322109277867 18.9408130243067 26.1028645268146 26.0205254087552 26.1278046123111
34.8483774419041 34.7430375412605 34.0743983994213 33.6646529461309 32.7293000663461 31.2295580354609 30.9532452898047 30.488050940958 31.6161185265609 30.8337668958627 30.5953301445138 30.4733815770301 30.5578875139858 30.4964365300867 30.4117139112414 30.3469476944309 30.3047163941421 30.2061478025494 30.3019211977658 30.0324772680109 29.6872380132634 29.6290372577088 29.7356447474067 29.7223188111945 29.7733690643913 29.7251140075707 29.5759501947494 24.7734777975565 -9999 -9999 -9999 -9999 -9999 -9999 -9999 -9999 -9999 -9999 -9999 -9999 -9999 -9999 -9999 23.4535600668753 23.481837053472 20.3222467434539 24.6167951231651 24.8683627970255 25.242312402149 26.2798069578865 26.6658690806403 26.0618033087298 25.9724870338243 26.5104864975866 25.4479435154079 25.6576265800029 26.0116847876583 25.9275905462929 25.9881097980666
34.8190950513395 34.2249468095173 33.1371733881101 29.3458990325292 30.2672304272361 30.2238723811211 29.7037708414422 28.5387373254684 30.9203746471478 30.7473974946562 30.3732312076431 30.3519963824593 30.4044767361277 30.4811604568678 30.3802300326781 30.3006861109949 30.2616833708615 30.1169182003997 30.0194330182552 29.8387853268706 29.549276654136 29.6476935684059 29.7073460926211 29.6481486003741 29.6231651784998 29.4675659135565 29.1721201570459 -9999 -9999 -9999 -9999 -9999 -9999 -9999 -9999 -9999 -9999 -9999 -9999 -9999 -9999 -9999 23.4586737594705 23.6687901878448 24.1967356119283 26.0509692142482 26.418331689927 26.4679735108412 26.2314435601211 26.2687561815154 26.3636845173623 26.5263259437186 26.4062408404856 26.5883836369086 26.3596325660262 25.2215759453114 20.2912612332368 25.4063622607879 21.5190674926364
34.4515722310625 33.520329806724 29.2795293697355 28.7601428802924 29.2414366935386 28.9214625471219 28.4211657321552 30.7543096469354 30.5321673736867 30.5721668505124 30.5005534859897 30.4098287788016 30.4620707823914 30.4472280729517 30.4286584350104 30.4153975033651 30.2160718330944 29.8827067458986 29.7703571861255 29.7335212648884 29.6090591874849 29.6275638208593 29.6276721618041 29.5612808308215 29.5184211530526 29.1308422570714 24.6797628802916 -9999 -9999 -9999 -9999 -9999 -9999 -9999 -9999 -9999 -9999 -9999 -9999 -9999 -9999 23.1765322709833 23.2877767531193 19.9958804812932 26.1706642900799 27.009266539326 27.2456014763454 27.4249490763922 27.3420899217977 27.1241512772078 27.0132751542841 27.133988634997 27.5461609254512 27.6965814932324 27.140424087119 24.9643962105096 18.793057643768 24.4200913037589 18.9026770117318
33.7805950916342 30.1077742246573 28.9410939263224 28.7103277138664 28.8010957574325 28.2041804878797 27.8501656166022 30.3982796340843 30.3178256484647 30.3433507750631 30.3623104404057 30.4332087546927 30.4333604320154 30.4100237925022 30.2015758146782 30.0819457434134 29.9044182712396 29.8360768032502 29.7260890760741 29.6325691725097 29.5575755705088 29.4923976581081 29.3378601344239 29.2741339906838 29.0413093002763 28.6987569009602 -9999 -9999 -9999 -9999 -9999 -9999 -9999 -9999 -9999 -9999 -9999 -9999 -9999 -9999 27.7844459994774 23.0084304610083 23.0497083609828 19.772286439384 26.8928433600278 27.7023235633076 28.0718311896937 28.0636189460767 27.947455785046 27.6815437700921 27.5165188429498 27.6258781926461 27.7467650188707 27.8210219024469 27.2161327393558 26.0342413723688 25.1944257045408 20.4098945678093 18.8377591175987
30.7582099209487 28.5755732467055 28.4865169900676 28.7300240976338 28.5316734958665 27.9982893563532 30.4861008039513 30.2650419401508 29.8239642856199 29.6847678397216 29.7672152987258 29.7903135881604 29.7275408447346 29.6707701896515 29.5561238018483 29.616578049055 29.5925480274951 29.6104676197675 29.5474348580741 29.4096901808363 29.3112299301884 29.1913831770341 29.1313406254176 28.9418306447472 28.3428352290539 28.1242248706062 -9999 -9999 -9999 -9999 -9999 -9999 -9999 -9999 -9999 -9999 -9999 -9999 22.8866335708473 22.9053548861113 23.2866500072933 23.253454341802 19.5682371039194 26.0881951628867 27.7207848603041 28.5100053069035 28.9677457987469 28.8070761775862 28.5182392187094 28.1451130047665 27.7285420719528 27.5953693825862 27.4558695820424 27.1336636121626 26.729291869735 25.9941118864093 25.3266883299709 18.9995121482075 -9999
27.9942590732061 27.9256142505713 28.4946425609287 28.4088798690132 28.1815588986023 30.5812458216879 30.4073369370708 29.8078431530315 29.3961692309234 24.6120497897822 28.7212051447259 28.8030242262502 28.7059507396959 28.8204671183654 28.9077249153194 29.0723814832492 29.135804272344 29.216583280798 29.2550226480184 29.1484801628873 29.0447978786993 28.9350701697907 28.7197750442543 28.2464117881686 27.5641671904795 -9999 -9999 -9999 -9999 -9999 -9999 -9999 -9999 -9999 -9999 -9999 -9999 22.8201122307309 22.8004808515304 19.1309297142681 23.3432906532426 20.4430035605447 26.1596785182756 27.603126594235 28.7114977960704 29.4037314288715 29.7377465617361 29.4885407204727 28.9966078264456 28.4346866820681 27.7967751989973 27.6421293343684 23.0090155021103 26.4336077631459 26.030644453001 25.7359354149152 19.5855716550898 20.9161718029298 23.5607742658642
27.9889720350991 28.4548814341816 28.250268725804 28.0460460448277 27.8053558018267 30.3526897645061 29.7602381418797 25.5318644112616 28.7997306615278 28.3024240566379 27.8148464685925 24.7406938276555 28.0831419843324 27.8703820369046 28.2667148812269 28.2516554898976 28.2552307410765 28.7698068925699 28.7888965670463 28.5900259287439 28.4308947489996 28.3929537501254 27.5600935709544 24.5538490342276 -9999 -9999 -9999 -9999 -9999 -9999 -9999 -9999 -9999 -9999 -9999 -9999 22.8267643647425 22.7617814660425 22.7303192556682 19.481195988855 26.1703609354344 26.9903718785502 27.6502982416074 28.6664929675943 29.5606524533415 29.9385456688563 30.003160208344 29.8950359454186 29.3645120068484 28.4806665790476 27.7504919473723 27.4786428486425 26.5668887934573 25.9020870878835 25.7676143071791 25.8078954704613 24.5490820326557 25.1969608826494 24.7512679038695
27.7044687140149 27.8385081309401 27.7479567692637 27.7702966720845 30.4026132718769 29.6452667312421 25.4602293785499 24.0586009072892 18.9385161962766 22.1467082541387 23.4455861733369 23.7861667674574 27.8920935622456 27.8700786822592 27.9335231395428 27.760090955083 24.2810682033723 23.7050193997909 24.0998571390747 23.9910394941025 23.4902226426007 23.3454574721389 23.8402939034869 -9999 -9999 -9999 -9999 -9999 -9999 -9999 -9999 -9999 -9999 -9999 -9999 -9999 22.7868298924837 22.789560084293 19.3758885904948 21.710245923857 27.3533357118695 28.6959833727729 29.0153941462765 29.8580266786698 30.4727748677391 30.5639762750844 30.3868821666898 30.0051753499175 29.3175137049877 28.2917416394792 27.3997056362503 26.8943601332552 26.2544551767998 24.4163210388794 25.5050825297033 25.3513033926329 25.0968321814514 25.8311671054076 25.5220487216614
27.5250561094013 27.5014377834316 27.4046676515228 27.4591848149537 29.8738227884238 29.2413716889717 23.9346588664208 26.8073840227577 21.7809925608212 22.5247964833541 -9999 -9999 -9999 27.8018672234036 27.8755824022558 24.3022596921781 24.1966706073614 23.9646259717566 23.8980612952623 23.8967178675466 -9999 -9999 -9999 -9999 -9999 -9999 -9999 -9999 -9999 -9999 -9999 -9999 -9999 -9999 22.8363200360752 22.9947795019616 22.8514661001603 19.2300833469628 19.26629089072 22.3246474219029 29.4528965496285 29.2958888524026 29.4548683548242 30.4446495584651 32.25030308113 32.1879637014834 30.7142018291649 29.7713972591957 28.9594252141851 27.8577711509282 26.7713714927012 26.1922024699091 25.6667055511784 24.7876054567604 25.2975879521936 25.3241748200512 25.4022453048849 25.1795613269122 20.8525106637565
27.3844512312204 27.2012466935382 27.0831550636898 26.7461497207482 29.4177940835085 24.5546940935971 18.7033080050832 22.8191371622275 23.191353312234 -9999 -9999 -9999 -9999 -9999 -9999 -9999 -9999 -9999 -9999 -9999 -9999 -9999 -9999 -9999 -9999 -9999 -9999 -9999 -9999 -9999 -9999 -9999 -9999 23.1985688191587 23.074193414511 23.9148758098976 19.6049646842117 19.8195014231344 26.4593929080119 28.9046480324866 29.654692393441 27.9763178127448 29.6413881254177 31.9178480578707 32.9490805069979 32.8550622350874 30.5265986491232 29.1844926929438 28.3488156492077 27.3586010817875 26.4735639035937 25.1970692235943 23.8259928987714 24.3758881982744 25.1726925110109 25.7150906171328 21.712001047163 20.0288594648949 -9999
27.1047582480859 26.9096145382851 26.5169652860866 25.9579043426522 25.1688789097534 22.6042754004704 21.1814337722149 21.450184319923 -9999 -9999 -9999 -9999 -9999 -9999 -9999 -9999 -9999 -9999 -9999 -9999 -9999 -9999 -9999 -9999 -9999 -9999 -9999 -9999 -9999 -9999 23.0986134634723 23.2929121139036 20.9618266770749 19.4977504852227 19.4209800917268 24.4128541286453 25.2201675130288 26.674839710871 28.829481084974 31.9742720219303 28.1399126394154 22.4020245246898 30.5543989355627 32.7720297349812 32.9465236607002 32.7485414181453 29.8263694545948 28.565930902617 27.7639912290963 27.1387773047578 26.401928870882 24.2478292015031 23.5359425213126 23.931603651777 23.8776065248812 25.6251893011253 21.5412340499455 -9999 -9999
26.9965473124047 26.7340588713069 26.0450321304724 25.2228110320823 23.3129118523164 21.2237517452596 21.000417721618 -9999 -9999 -9999 -9999 -9999 -9999 -9999 -9999 -9999 -9999 -9999 -9999 -9999 -9999 -9999 -9999 -9999 -9999 -9999 -9999 -9999 -9999 22.7447502695176 23.0297952953258 19.7769667682 22.8766878721133 19.078839388001 19.4156713854309 26.4561860160454 27.7016301812608 29.2994207672036 32.0684853075415 33.0461734949222 32.0896551281583 30.5440848776163 32.7137856430486 33.0098597770391 32.9900983887048 32.0680519437622 29.2103211741877 28.2832477094057 27.6313385762648 27.0992761962783 25.1595182521214 23.9312352925647 23.4450878049907 22.3943539857969 23.7363516010314 20.5961759883242 -9999 -9999 -9999
26.9677502892729 26.6421207455369 25.895911654029 20.6874857366143 17.680872840675 21.0460075911961 -9999 -9999 -9999 -9999 -9999 -9999 -9999 -9999 -9999 -9999 -9999 -9999 -9999 -9999 -9999 -9999 -9999 -9999 -9999 -9999 -9999 -9999 -9999 22.6568207587057 22.7419334049524 22.6536138667392 23.0869776459992 19.4192899729877 22.1996653079643 28.3193035758401 29.9934311914996 32.6609802665458 33.0953364488603 33.1662932672575 33.1026104598952 33.1337324797028 33.1970209260259 33.1500897955509 32.9175749602456 30.6149398555254 29.0106704810826 28.2253719766855 27.6086086460426 26.9016189765578 24.5029287901645 24.0997921345078 23.5699615779845 22.906134940914 -9999 -9999 -9999 -9999 -9999
