raw_data/Biomass/Balistes polylepisGrid_biomas_Teorica.asc
NCOLS 96 
NROWS 96 
XLLCORNER 0 
YLLCORNER 0 
CELLSIZE 0.0104166666666667 
NODATA_value -9999 
[rows 52 to 77 of 96, columns 0 to 58 of 96]
26.9984541130334 26.6931276623558 26.2629274386843 25.4829809769611 24.519613295666 22.416520543106 -9999 -9999 -9999 -9999 -9999 -9999 -9999 -9999 -9999 -9999 -9999 -9999 -9999 -9999 -9999 -9999 -9999 -9999 -9999 -9999 -9999 -9999 -9999 22.8638386360582 22.8220406995486 22.8730692845565 19.9862381372047 21.8484022966851 28.2396296450232 29.8584167060711 32.5087829072697 33.2839103637675 33.4251891226252 33.4232866556343 33.4732361648318 33.4685536691969 33.4890409418614 33.3754042916638 32.308893864086 29.9781117819027 28.8992526534349 28.1274100943838 27.6495615231827 26.7866258977311 25.0147314134706 24.927798639351 23.649895527069 23.1915699941236 -9999 -9999 -9999 -9999 -9999
27.0288329139596 26.8409480474614 26.4674534743061 25.8763452793954 24.836445554683 -9999 -9999 -9999 -9999 -9999 -9999 -9999 -9999 -9999 -9999 -9999 -9999 -9999 -9999 -9999 -9999 -9999 -9999 -9999 -9999 -9999 -9999 -9999 22.9551483843483 22.9312050355442 22.9506847374219 19.7041183169064 22.0448894342016 27.7807624073537 29.6022987125284 32.5526609899197 33.4040214688272 33.6424127169793 33.7815853278698 33.8893303974883 33.8249022044257 33.7378870911881 33.7515575516048 33.6580094793949 30.7641470047246 29.4896891344877 28.7280522924382 28.0525031651387 27.7102324522791 26.680690121891 25.4725585780699 25.1851083832867 19.6607602707914 -9999 -9999 -9999 -9999 -9999 -9999
26.9919319881556 26.7903528262328 26.0331796311096 26.0656169099872 -9999 -9999 -9999 -9999 -9999 -9999 -9999 -9999 -9999 -9999 -9999 -9999 -9999 -9999 -9999 -9999 -9999 -9999 -9999 -9999 -9999 -9999 22.9698394164652 22.9269580705074 19.2970813872364 19.4045556044929 19.4384013156531 26.163578792289 27.3609629143845 28.6330156156464 30.6303026015001 33.6309545786557 33.7561447072083 33.7996977670239 33.8847302409715 33.9550565150698 34.0185529760069 33.9353297958379 33.8942425759262 33.0540737166181 29.8058713478358 28.9515813297805 28.2809508813756 27.8683452271421 27.8580311691957 27.0544230451249 25.7259680479922 20.8048406480379 -9999 -9999 -9999 -9999 -9999 -9999 -9999
26.7558787375926 26.5668887934573 25.7329885412162 -9999 -9999 -9999 -9999 -9999 -9999 -9999 -9999 -9999 -9999 -9999 -9999 -9999 -9999 -9999 -9999 -9999 22.6849894043576 22.8828199695898 18.9589709666577 23.2310494344142 22.9635773098549 23.040846071697 19.2880024160609 19.2390973135714 20.3566774957161 26.1308598269548 26.9554210897529 27.1850172200049 28.4454557719827 29.4703177735548 32.7034932532912 33.7067650713805 33.8420265741632 33.8271340278889 33.8316886812089 33.8876294446547 33.9644561754419 34.0229364506342 33.9244003613249 30.7876569897494 29.1909064768769 28.4256293790816 27.7516403613874 19.9287524318858 28.0117886380772 26.6845470595264 20.2802321250547 20.3825926497159 -9999 -9999 -9999 -9999 -9999 -9999 -9999
26.3688198781465 25.7062499960359 25.358843922392 -9999 -9999 -9999 -9999 -9999 -9999 -9999 -9999 -9999 -9999 -9999 -9999 -9999 -9999 -9999 -9999 22.6315556503748 19.0328161546436 19.2906676033033 20.9767777274593 25.2961361835331 23.3778297464496 22.9864805855888 26.0494741092098 26.2332853561829 26.4590895533664 26.8063656178764 27.6360622414587 28.497979462029 29.8534980271765 31.6108314884539 33.3170301905975 33.4804170026541 33.4347079580367 33.6169959313257 33.7145547853127 33.7529854852575 33.7588207285452 33.7188125844439 33.3541759669368 30.0615776457882 28.661379274999 27.8816061587875 27.8524191082543 27.4117314811248 23.029145249657 21.2714867655451 -9999 -9999 -9999 -9999 -9999 -9999 -9999 -9999 -9999
25.9389880136875 25.2359636227829 -9999 -9999 -9999 -9999 -9999 -9999 -9999 -9999 -9999 -9999 -9999 -9999 -9999 -9999 -9999 22.6573841316187 19.0122963796957 19.0621548824995 19.0784276924107 19.0939204475193 19.4977288170338 20.2244798748529 21.6836157196214 25.2723011756738 26.3396761639913 26.854057301784 27.1333602575171 27.1375638861759 28.6749868976678 29.5543253421643 31.5671050831265 32.5858783236 33.3314135344311 33.4121513733262 33.4471996689738 33.5254738347838 33.6010156419655 33.6040058520424 33.5333762232986 33.3023824948585 32.8490818149336 29.8027294604362 28.4097032601938 27.5886955803856 27.1126021324905 22.0743581711912 20.6781684153602 -9999 -9999 -9999 -9999 -9999 -9999 -9999 -9999 -9999 -9999
25.0190000466963 24.5537406932827 -9999 -9999 -9999 -9999 -9999 -9999 -9999 -9999 -9999 -9999 -9999 -9999 -9999 -9999 22.7575128328168 22.7876099472864 18.9542256332748 19.8926965654514 25.6104549326304 25.5403150049572 25.70616332328 21.6263900325701 19.2835171009455 25.7128587936696 26.6346018839667 27.1366538222395 27.5396604687623 28.2875380108203 29.8843751964488 31.5455235669194 32.5248173671023 32.8622560738231 33.2633299178905 33.3920996312598 33.465123594884 33.5339395962116 33.5604614595023 33.5063234893783 33.417210895449 33.2469812693179 32.9816694631982 29.9582853890016 28.3998659024045 27.5019578199667 26.8635479685498 21.0676324437812 -9999 -9999 -9999 -9999 -9999 -9999 -9999 -9999 -9999 -9999 -9999
24.5487786780102 -9999 -9999 -9999 -9999 -9999 -9999 -9999 -9999 -9999 -9999 -9999 -9999 -9999 -9999 22.8707074519595 19.1842117909281 19.2724879927634 19.3555638292475 19.7943879921262 19.2474178981332 24.1568228078585 26.2138273224942 21.6025116883329 20.8899966306625 25.7717962676489 26.6264113085387 27.1406841053866 28.5188459280004 31.380628648911 32.3042568716479 32.5507108529131 32.6824317736192 32.8842926219985 33.1177240216969 33.2686927946588 33.3529928838194 33.4071850244158 33.3753024511757 33.3346702632323 33.2846362480978 33.20180309533 33.0718004620087 30.1299191137775 28.3841998017843 27.4129232315177 26.990523555873 20.6805952525241 -9999 -9999 -9999 -9999 -9999 -9999 -9999 -9999 -9999 -9999 -9999
-9999 -9999 -9999 -9999 -9999 -9999 -9999 -9999 -9999 -9999 -9999 -9999 -9999 22.5530301335729 19.1279395041912 19.3091505684888 19.44724193675 25.503544088287 25.5719938972211 25.5883750480771 26.3640312083857 26.8104825737794 27.1496547356173 27.4069644795529 27.607785254862 27.3370629019583 27.6568637028632 28.4474059089894 30.0801256155405 32.7073068545487 32.6724644066962 32.6565816241863 32.7435794028727 32.858204122487 33.0065878805057 33.1157543833202 33.1856602945526 33.2060912299258 33.1489088792524 33.1404452846435 33.0897482229268 32.9544325496717 32.2940294864573 29.6952119068018 28.2331291883342 27.5857270384977 20.8257287821983 -9999 -9999 -9999 -9999 -9999 -9999 -9999 -9999 -9999 -9999 -9999 -9999
-9999 -9999 -9999 -9999 -9999 -9999 -9999 -9999 -9999 -9999 -9999 22.5314486173658 18.9205099312484 18.9310840074623 21.5223610573588 25.7285465624788 26.3471950255614 26.0736341399035 26.0105147054543 25.8872660466328 26.1423222989163 26.6078633387864 27.1202293350055 28.1281251446195 28.5099403023366 28.9608986510346 29.5835123926975 30.236244917019 32.6069181350831 33.1077501543172 32.6868304159786 32.6337216848303 32.738747396734 32.8191363777867 32.8912481106556 32.9631214934459 33.0043127206645 32.9615613838405 32.9225586437071 32.8555172670556 32.777988486946 31.8214462851743 30.1650215798976 28.7976938517653 27.3257087709417 26.6279280817661 21.225290186676 -9999 -9999 -9999 -9999 -9999 -9999 -9999 -9999 -9999 -9999 -9999 -9999
-9999 -9999 -9999 -9999 21.9403187542661 21.9641537621254 22.0684644237933 22.1793838830949 22.1262751519466 22.2821127669685 22.3882002201314 18.9262520013236 19.8396745070589 25.8819356721479 26.1898189691232 26.8050005219718 27.0512811577252 26.2642058618332 25.6156119616036 19.4998956359301 19.826153557146 25.6396636513525 26.9510224473934 29.2956938387019 29.4499713441185 29.739024984885 30.2006657507417 32.909189371117 34.1125192442639 33.736404987063 32.4739187912282 32.6304931246748 32.698314556129 32.7534384288509 32.7817587518255 32.8077605785812 32.8154094492851 32.7008063978598 32.0152682354483 31.7833102725994 30.4495249009818 29.4785083489828 28.2290122324313 27.1579753201791 26.4144747522916 25.2245878235773 24.5955602979813 -9999 -9999 -9999 -9999 -9999 -9999 -9999 -9999 -9999 -9999 -9999 -9999
-9999 -9999 22.1405544884732 22.0919960770071 18.4910680941906 18.5060191445751 18.8764801712756 22.6291938177779 22.0216177992553 22.3407902226803 18.8305002742961 19.378142082147 19.1700841317242 20.096745900916 19.5265258401656 22.118994640455 26.5481024736264 26.7053918573088 26.4794143146137 26.7661061227832 27.4907553662728 28.4155103348358 29.9061950627345 30.0455215177666 30.1037656096992 30.3327550306602 32.8867411273513 34.3918330340915 34.4798492176592 33.0937871733495 31.9781072913768 32.6228659221599 32.6458992070275 32.6850319562947 32.657903383713 32.6056180437453 32.5021957778249 31.8554870100351 29.9928461503976 28.4883587861295 27.1489830217594 26.5591749181865 26.2875858377242 25.2084016864219 24.5394613567561 24.1845580897311 -9999 -9999 -9999 -9999 -9999 -9999 -9999 -9999 -9999 -9999 -9999 -9999 -9999
-9999 22.2619613512329 22.1747252224679 18.6951174296552 19.2481762847469 24.657271300148 25.0591078644668 25.1368099900882 23.4663659665524 19.5921371163456 20.2957898847301 22.6937433526987 19.101135954444 25.9863980111385 27.5138103193295 27.2815490018351 27.8212169161476 29.0687412275035 29.5505767454737 29.6389829564428 29.6818643024006 30.053517079494 30.2875551884834 30.3760047358303 31.4159694651096 32.708281923052 33.9919141044958 34.2536593267122 33.6884056148722 31.8492465716138 31.9241751690479 32.5307544508781 32.5222821889936 32.5152183593917 32.4193582914193 31.8341438439066 31.6645685970821 30.2234173491529 27.3917750790898 26.0387266874842 23.6076858949691 19.30494693983 23.2678420192734 23.7371099876451 23.7373700059127 23.4376122797985 -9999 -9999 -9999 -9999 -9999 -9999 -9999 -9999 -9999 -9999 -9999 -9999 -9999
22.391320439342 22.509065378167 22.2638681518617 22.8648570409395 24.3873506702358 25.095315408224 25.225346210191 25.3059085367554 25.350089974051 20.7032168418014 18.9566958068166 19.1411137630807 21.4906388287169 28.0090367780789 31.0807842500409 31.1395483785086 30.0398444522583 31.0889098209021 31.2633820784322 31.4340407347048 31.5130646198528 31.5887516039006 31.5497488637672 31.4365759128134 31.670527349047 33.8085167199319 33.9375854543089 33.7757002477474 32.4894765509036 31.6014491626329 31.6935389657257 31.8393658774467 31.8874259205666 31.8455629794901 31.7297031731049 31.4423396510776 30.0305921355711 28.0596319993075 25.798686490152 24.1628899007681 21.3299475393673 23.0838574267885 23.7418119846501 23.454318453489 24.4789854413604 23.7842382986397 -9999 -9999 -9999 -9999 -9999 -9999 -9999 -9999 -9999 -9999 -9999 -9999 -9999
22.5460313085379 22.8425821426855 18.9124493649541 22.9796767742544 24.1220236963839 24.845827880504 24.7987862422653 25.2096367731928 26.8274054293595 27.5822384600746 26.6781549437823 27.499465978236 28.3633983403798 31.1881717945416 32.4166714359879 32.3108656692816 31.6170502586863 32.0786693563541 32.2803351910327 32.4963236986159 32.5900386158809 32.5738308105366 32.4360427969209 31.7798216941763 33.0045510707431 33.9846920971145 34.01815428133 33.6707633754185 31.6425537170957 30.6032823698633 30.6423501145636 31.52879572504 31.5304425074012 31.4451348474538 30.489242691351 29.2492805779432 27.3800742570498 26.7587172703468 24.7857419925096 23.9958281638634 -9999 -9999 -9999 -9999 23.4864307095322 -9999 -9999 -9999 -9999 -9999 -9999 -9999 -9999 -9999 -9999 -9999 -9999 -9999 -9999
22.830014593087 22.6143294401492 21.928661268604 18.9947234784467 22.7821278954787 18.7483128335594 18.7717144776394 20.6948095844838 28.2061739612643 29.0394675042144 29.320872274277 29.9992599343306 31.3304234550837 32.421308428426 32.9061774928511 32.9322659923626 32.7267215518595 32.6812616914151 32.8167095406229 33.0396600373199 33.2976089928299 33.2043512743521 33.03157130238 33.1651361859668 33.7194539628373 33.8900237795351 33.7895158850302 31.8330387662695 30.5054504966953 30.3560916701733 30.3400572103407 30.3289847657806 30.2393001316628 30.0508085558736 29.3582932366161 26.6118936219335 26.2055500743103 25.1288144283608 24.1628465643902 -9999 -9999 -9999 -9999 -9999 -9999 -9999 -9999 -9999 -9999 -9999 -9999 -9999 -9999 -9999 -9999 -9999 -9999 -9999 -9999
24.9627060917704 22.3149184050585 18.6685522299866 18.6592132405435 18.6840449850951 18.9067939676348 25.2191274399586 26.994012134296 27.9447689296146 28.4898538911679 29.2363013327544 31.3242696894182 32.106252960904 32.7314235488645 33.4311782100546 33.5574734162443 33.4185196540624 33.1619314608192 33.2085159002708 33.3953953628011 33.5739997439664 33.525781523067 33.4246972547357 33.6192407557023 33.7284874308159 33.5798891577266 32.5193353152946 30.6880483250865 30.2859300743111 30.0872327815204 30.0089022784191 29.9576136751437 29.7448103913381 28.6177178742386 26.9923870201238 25.801611695662 25.4743137013759 24.544228358328 -9999 -9999 -9999 -9999 -9999 -9999 -9999 -9999 -9999 -9999 -9999 -9999 -9999 -9999 -9999 -9999 -9999 -9999 -9999 -9999 -9999
-9999 27.0131018087724 22.3067494978194 18.6998627630381 21.4401952848111 26.8864945806616 27.1935978228342 27.458469764718 27.9063945669611 28.2697917640597 29.2690419662774 32.3867043306521 32.7843372663121 33.3397406194496 33.7472000788044 33.7350117225127 33.4964232938411 33.3762190155688 33.4080907547145 33.5239765629264 33.5756963631622 33.5274023036015 33.5275886500266 33.6613680486841 33.5403555469636 32.9335010791334 31.7024445913895 30.3863187937767 29.9787834957606 29.7982874816988 29.6211500369262 29.459613688207 28.5509581840436 26.3532404502821 25.331953699889 25.4148345226724 25.128121046314 -9999 -9999 -9999 -9999 -9999 -9999 -9999 -9999 -9999 -9999 -9999 -9999 -9999 -9999 -9999 -9999 -9999 -9999 -9999 -9999 -9999 -9999
-9999 22.2792092296475 18.9074006769258 20.8366495494356 26.433542758579 26.9882700642208 27.1485496579801 27.4416769182716 27.9255925823824 28.3234205317431 31.1691471246321 32.8268069166796 33.2139134461415 33.7384309627311 34.1737080430765 34.1113296606898 33.5130752970591 33.4251219512394 33.4878621923818 33.5923678677503 33.5791091029239 33.3083802495635 33.359101146288 33.4758385143262 32.9517890306182 31.8536452139733 30.1902650200395 29.7412134719702 29.4405673501086 29.2650333513193 28.9925558751095 28.5171124728834 26.7253915957217 24.3970580188913 24.8150373839876 24.7119401409016 23.9258615817018 -9999 -9999 -9999 -9999 -9999 -9999 -9999 -9999 -9999 -9999 -9999 -9999 -9999 -9999 -9999 -9999 -9999 -9999 -9999 -9999 -9999 -9999
22.3706273188824 18.7674025080358 19.5121814990721 25.6821116335311 26.5663687569222 26.6883606607839 26.820666622592 27.3259904573982 27.9496226039423 28.5640891065551 31.5924785324022 33.0303362156091 33.3456105318397 33.7232935659215 34.2989761771094 34.1974780463689 33.8781236101566 33.49253818756 33.6426033970422 33.7264484542345 33.4588246523525 32.366856269562 32.7873924809559 32.6446641202566 31.7786732801613 30.198758950113 29.3544146307917 29.0039533425041 28.7454951845534 28.4168537625515 28.160042386962 27.6412842749988 25.6406170516669 24.4948465556813 24.3081101031981 23.8831969176337 22.5407659386199 -9999 -9999 -9999 -9999 -9999 -9999 -9999 -9999 -9999 -9999 -9999 -9999 -9999 -9999 -9999 -9999 -9999 -9999 -9999 -9999 -9999 -9999
22.4619370671725 23.0013232950285 25.1208838712004 21.3174233261467 21.1390724627922 25.6144852157775 26.4726971760352 27.2491117229574 27.9262859644292 28.530178390828 32.1209223248319 33.2222275302466 33.5016799964835 33.4848329795648 33.4879813674211 34.0791393991664 34.5823982555644 34.1480550741632 33.9868675832863 33.9031568688656 32.9945620356312 31.8292901695789 32.4949369345223 31.5069108541873 29.8712442739372 29.147483426195 28.5177625185522 28.2145812185819 27.8574027917158 27.5654889500062 27.2504768188621 26.6520447760819 24.9703549624744 24.2228891160067 23.4002779902153 22.9431875440407 24.0268353422694 -9999 -9999 -9999 -9999 -9999 -9999 -9999 -9999 -9999 -9999 -9999 -9999 -9999 -9999 -9999 -9999 -9999 -9999 -9999 -9999 -9999 -9999
18.9492852861912 24.674822533208 19.0279408121269 18.969328360982 21.8567878858137 26.2930895577208 26.6756197656737 27.4579063918049 28.1470414735842 28.9289597405031 32.6578167109572 33.3090476297835 33.4912055939388 33.5012813018066 33.5186136861581 34.247228208228 34.7436420837326 34.7723871032109 34.531191991407 34.0410120538671 32.3119924151077 31.372416405294 30.4504783012962 29.4857888604744 28.816588512541 28.2475602021836 27.6291717573685 27.3361311698329 27.0744661199156 26.7256516139892 26.5215372739578 26.147739346157 24.3282398507448 23.4804286211894 23.3544281023695 23.9874425747347 -9999 -9999 -9999 -9999 -9999 -9999 -9999 -9999 -9999 -9999 -9999 -9999 -9999 -9999 -9999 -9999 -9999 -9999 -9999 -9999 -9999 -9999 -9999
19.2383822633356 20.2081203921858 19.8981136126921 26.342774715013 28.7513889319513 26.3504235857169 26.57644446479 28.0178340627979 29.255846039199 32.0391465796855 32.8800673251507 33.2814705256903 33.4278933126078 33.505911793788 33.5640475447757 34.1761023779569 34.1229784790763 34.545861355335 34.810016080164 33.9353276290189 30.3648239503254 29.8090132352355 29.4687576639494 28.4700058300778 27.6428660527931 27.3019170994603 26.9640666971491 26.8713701847654 26.6454576466372 26.3179429704614 26.3286253876202 25.559166329355 24.0203565537695 -9999 -9999 -9999 -9999 -9999 -9999 -9999 -9999 -9999 -9999 -9999 -9999 -9999 -9999 -9999 -9999 -9999 -9999 -9999 -9999 -9999 -9999 -9999 -9999 -9999 -9999
27.1183225343768 27.5823034646415 28.2500737121033 29.1343091673055 28.9693925811081 27.5856186975529 28.3243305956795 29.5901428585202 32.2029580882458 32.6913590674719 33.0402559125164 33.3083455804611 33.4530652477261 33.4429245352914 33.8740933270095 34.0176429120705 34.0833928646598 34.153909818821 34.1632813105475 32.5164534461626 28.8778444827394 28.5997766137772 27.9370333861548 27.2447780851648 26.9660818387227 26.7717398519135 26.6160105778364 26.6058915335907 26.4875182172858 26.3144977284163 26.0179252260797 24.8744948945021 -9999 -9999 -9999 -9999 -9999 -9999 -9999 -9999 -9999 -9999 -9999 -9999 -9999 -9999 -9999 -9999 -9999 -9999 -9999 -9999 -9999 -9999 -9999 -9999 -9999 -9999 -9999
29.4501446896302 29.1517087230428 28.6580857102766 28.5428976177493 28.5118471029653 28.9473777011217 29.8826200731428 31.9723002167347 32.7362772231922 33.0322430162379 33.2582378934842 33.3342954035632 33.3287916835666 34.2874465337622 34.1327573327553 34.0889724233178 34.0788988822689 34.0106874234134 33.3809231793927 28.6119974723523 27.6062684816346 27.1594270888396 26.6784149620499 26.4961638246821 26.5158385402605 26.4031422894639 26.4132613337096 26.5184170547471 26.4644849324182 25.7878523956705 25.3078803419511 24.2268760627759 -9999 -9999 -9999 -9999 -9999 -9999 -9999 -9999 -9999 -9999 -9999 -9999 -9999 -9999 -9999 -9999 -9999 -9999 -9999 -9999 -9999 -9999 -9999 -9999 -9999 -9999 -9999
29.7117447349805 28.8187553314373 28.308837840571 28.5749015328477 29.3713158181828 31.4019501468505 32.2216360671319 32.801411799215 33.2915982372116 33.4331066788723 33.4936237638271 33.4381120305227 33.4300752992364 33.9169096684004 34.0294997450711 34.0415472581345 34.0017536291039 33.5670139198447 31.033309248023 27.3477019827391 25.8782954164021 25.6490459771735 25.5736840159602 25.447878510841 25.478929025625 25.6195339038059 25.86663793074 25.840874454063 25.6584499711835 25.0147314134706 24.6029058140398 24.1996824856273 -9999 -9999 -9999 -9999 -9999 -9999 -9999 -9999 -9999 -9999 -9999 -9999 -9999 -9999 -9999 -9999 -9999 -9999 -9999 -9999 -9999 -9999 -9999 -9999 -9999 -9999 -9999
