raw_data/Biomass/Calamus brachysomusGrid_biomas_Teorica.asc
NCOLS 96 
NROWS 96 
XLLCORNER 0 
YLLCORNER 0 
CELLSIZE 0.0104166666666667 
NODATA_value -9999 
[rows 26 to 51 of 96, columns 0 to 58 of 96]
15.1128898412926 15.1194855648572 15.1199739789558 15.1149934559036 15.1131508169038 15.1125081632533 15.1123772257589 15.1115010460979 15.112994808328 15.1137309154933 15.113669088854 15.1127829937402 15.1121854130328 15.1118135092219 15.1116885849219 15.1116142859213 15.1118124611867 15.1114866932198 15.1118408919268 15.1140070318673 15.1248523966286 15.1439344403729 15.1676175812906 15.2207487252577 15.2893251567656 15.7902666197946 16.190639078452 16.6819668632732 17.6282459514338 17.6186129477557 17.6730661768804 16.6005025729093 16.5612049722565 16.8322223951809 16.5844624325255 -9999 -9999 -9999 -9999 -9999 -9999 -9999 -9999 -9999 -9999 -9999 -9999 -9999 -9999 -9999 -9999 -9999 -9999 -9999 -9999 -9999 -9999 -9999 -9999
15.111227798813 15.1165675674931 15.1148944351667 15.113264413505 15.112874923516 15.1149491857108 15.1144393575046 15.1139790470996 15.1127913036924 15.112296378397 15.1120891127276 15.1122325300161 15.1120970956334 15.111845277322 15.1116248034368 15.1116608082747 15.1115496942531 15.1171589268855 15.1242673551784 15.1743817932251 15.2130906359911 15.1711481217358 15.1962834230923 15.4819911766258 15.7483385253134 16.0865491220417 16.5774309344704 17.5388136209904 17.8331033699303 17.8718435050925 17.9024520769646 16.6824425671586 16.8024760366009 18.7685676275727 -9999 -9999 -9999 -9999 -9999 -9999 -9999 -9999 -9999 -9999 -9999 -9999 -9999 -9999 -9999 -9999 -9999 -9999 -9999 -9999 -9999 -9999 -9999 -9999 -9999
15.1127280350757 15.1139866880933 15.1168523208657 15.1156831670744 15.114248399559 15.1143198220376 15.1140809740899 15.1136002009851 15.1132837315425 15.1130775064753 15.1130541598206 15.1127811801191 15.1119612821741 15.1116944940561 15.1112291218645 15.1115891776756 15.1185340084291 15.1391557718585 15.1527477467935 15.2633338857305 15.453005200975 15.4589656220008 15.4014381565171 15.7072726441243 16.1450606999382 16.51082495765 17.4878092450344 17.7592354759853 17.8494854224816 17.9070901898467 18.0575687079506 18.0977656862616 16.8477496673132 -9999 -9999 -9999 -9999 -9999 -9999 -9999 -9999 -9999 -9999 -9999 -9999 -9999 -9999 -9999 -9999 -9999 -9999 -9999 -9999 -9999 -9999 -9999 -9999 -9999 -9999
15.1144775104427 15.1150539223272 15.1156447391199 15.1155078701926 15.1145572726051 15.1140041256138 15.1136304453462 15.1131266452001 15.1129653295529 15.1128831145423 15.112658961385 15.1128027949144 15.1120647254706 15.1117215422817 15.1140090907731 15.1209419620337 15.140605479449 15.1774977280028 15.2756665089579 15.4097473654768 15.9081675979135 15.6223632170282 15.5995591620249 15.8907077787469 16.5770221264439 17.420526876752 17.7402221863182 17.8310890612909 17.912486455796 17.979151895602 18.1197298265924 18.3586669687494 18.9556233147351 -9999 -9999 -9999 -9999 -9999 -9999 -9999 -9999 -9999 -9999 -9999 -9999 -9999 -9999 -9999 -9999 -9999 -9999 -9999 -9999 -9999 -9999 -9999 -9999 19.2389793071855 19.0686178532491
15.1159589638348 15.1153944668461 15.1159801475234 15.1157534448906 15.1153135823198 15.1139414144626 15.1135403143256 15.1130350573364 15.1125678863895 15.1123563022208 15.1124595076653 15.1127104340319 15.1132156166924 15.116379218486 15.132220901155 15.1507680753432 15.1833167757802 15.3624482768152 15.4902320031519 15.5529030168958 16.09141022112 16.0877606803747 16.2821377476473 16.3401141586728 17.1086583826743 17.5262817967611 17.8198356912533 17.9164556100893 18.027978439708 18.0764928031392 18.305150281649 18.4214673144871 18.6055349866198 -9999 -9999 -9999 -9999 -9999 -9999 -9999 -9999 -9999 -9999 -9999 -9999 -9999 -9999 -9999 -9999 -9999 -9999 -9999 -9999 -9999 -9999 -9999 -9999 19.4780502410602 19.4219097497172
15.1166672423228 15.1161948832304 15.1158954870976 15.115973606595 15.1158346490304 15.1149756170079 15.1134720954153 15.1127804442647 15.1124353954246 15.1121033615455 15.1125296665555 15.1167491525856 15.1219401225768 15.1368799747395 15.160728794401 15.1876501408607 15.2780249596269 15.5190091150655 15.5843150823618 16.2608128344125 16.4528411137513 16.6311111447814 16.7887921170243 16.8440555293287 17.4215451803816 17.5789660020622 17.8107675859391 17.9415712886604 18.1515425239243 18.2197762999774 18.3809953198674 18.481599258743 18.8197652582321 -9999 -9999 -9999 -9999 -9999 -9999 -9999 -9999 -9999 -9999 -9999 -9999 -9999 -9999 -9999 -9999 -9999 -9999 -9999 -9999 -9999 -9999 -9999 19.7606332146969 20.8089582191355 20.8301865050187
15.1165959610687 15.1160889647872 15.1157428456134 15.1159346583394 15.1156761207106 15.1149014963963 15.113438112319 15.1126316158444 15.1120988423586 15.1124552188974 15.1180652914446 15.1332911605683 15.1478624165486 15.1660247908907 15.2034383068427 15.2431543782571 15.3520132661179 15.5756215938573 16.3033808992769 16.4322074577248 16.7232862054387 16.9395828158029 17.0402908149035 17.2854864363019 17.4929750919142 17.626967497242 17.8264881127749 17.9678687940717 18.1688239541338 18.2682906634085 18.5280547162955 18.5904611197532 18.9935458338443 -9999 -9999 -9999 -9999 -9999 -9999 -9999 -9999 -9999 -9999 -9999 -9999 -9999 -9999 -9999 -9999 -9999 -9999 -9999 -9999 -9999 -9999 19.785354950988 19.7610197241038 19.6598285882447 18.8493778250943
15.1160945394421 15.1157086395309 15.1156551377095 15.1157847149882 15.1154150782035 15.1147911405278 15.1139215984226 15.1126121863139 15.1127428264934 15.1186627457931 15.1379619037637 15.1639054557528 15.1842496013679 15.2132415233172 15.277385732531 15.3368360823137 15.4330903037877 15.7501253880327 16.7004152545765 16.8050255121114 17.2976243182513 17.3322540745292 17.2384735132589 17.4127520913761 17.4549633783265 17.6073372790986 17.8201627376745 17.9767585104289 18.1513567020941 18.3905837263062 18.7134157083664 18.9540549784881 19.5764168851001 19.7435599049373 19.5781190130648 -9999 -9999 -9999 -9999 -9999 -9999 -9999 -9999 -9999 -9999 -9999 -9999 -9999 -9999 -9999 -9999 -9999 -9999 -9999 19.8235153220399 19.7666092447565 20.9275199796826 19.6629875593583 16.8572340135272
15.1158684834692 15.1158430258785 15.1156531234009 15.1156562972377 15.1152709696577 15.1155218737258 15.1151823549433 15.1140190954205 15.1254509659081 15.1612224115108 15.1920749302817 15.2439385463806 15.2618785291563 15.3066801724199 15.4215507681317 15.5585512572469 15.9196216555276 16.2633251455569 16.318291242933 16.3788691595814 17.4194119457708 17.3906615922007 17.4192707211798 17.438395503945 17.4560114134489 17.6056797483731 17.8042638218818 17.9856333610398 18.1550434072055 18.3878781604584 18.7669769927061 19.1710205474411 19.8501101423796 19.705458996871 19.6859179732062 -9999 -9999 -9999 -9999 -9999 -9999 -9999 -9999 -9999 -9999 -9999 -9999 -9999 -9999 -9999 -9999 -9999 19.8100320900399 19.8581822426839 20.9193140876605 19.7568647479803 18.7977936850281 17.3870863801875 17.0914958784361
15.1165476473929 15.1160469690536 15.115547948245 15.1158497823602 15.1177409208578 15.1188969556279 15.120564297746 15.1284133375253 15.1934485252506 15.25475857991 15.3040221769606 15.3296165325664 15.3243458821743 15.3738488177422 15.6287086608862 16.0623997169876 16.49773566793 16.4820894698263 16.4736531587348 16.4459731389068 17.559343216792 17.4923804620576 17.4585385903398 17.4094221641787 17.4699331849682 17.6403912662563 17.8120906373702 18.0417961510024 18.2658080837569 18.5633014010497 18.8819040782543 19.3012147545593 -9999 -9999 -9999 -9999 -9999 -9999 -9999 -9999 -9999 -9999 -9999 -9999 -9999 -9999 -9999 -9999 -9999 -9999 -9999 19.5985817130075 19.7691884517598 19.8630136102693 19.2879619416288 18.6139787305845 17.2545805495014 17.8555729456393 20.3987082152715
15.1169871531857 15.1153273182695 15.1160040813752 15.1184252654941 15.1182208614808 15.1303441749986 15.1498313103327 15.224933432874 15.2981152726219 15.3195999926308 15.3451958348112 15.367259575643 15.3674714125294 15.4073606698896 16.1392853574552 16.5185402800403 16.46164163563 16.4568994625231 16.4925698210502 16.4894703129223 16.468524476221 17.6452820968274 17.5598635179166 17.4500056518965 17.5530847375505 17.663277082865 17.8898830883692 18.1592578463146 18.4114180699094 18.9789179393702 19.1526613506164 -9999 -9999 -9999 -9999 -9999 -9999 -9999 -9999 -9999 -9999 -9999 -9999 -9999 -9999 -9999 -9999 -9999 -9999 -9999 -9999 19.462456073069 19.738520416902 19.5857525738499 18.89445076823 17.8405511088851 20.2250465656306 20.5114203046035 18.6506896913608
15.118471051993 15.116213019441 15.1187066740737 15.1218854909588 15.1442608921642 15.1778543572594 15.2283993816511 15.3281894209104 15.3845915493903 15.3648832860782 15.386434901946 15.4256232393626 15.4519787211849 15.7351176737376 16.4025205621305 16.421764270867 16.4257482909067 16.462994418554 16.4980998787172 16.5222121194052 17.8030002334363 17.8377191841927 17.7116948189444 17.566619999663 17.6637899511163 17.776628399293 17.9326815723032 18.2622923347294 18.6563758393652 19.2262467953795 -9999 -9999 -9999 -9999 -9999 -9999 -9999 -9999 -9999 -9999 -9999 -9999 -9999 -9999 -9999 -9999 -9999 -9999 -9999 19.3248215598692 20.2479844123517 20.594861739241 20.7947242669414 20.6708554349236 17.8110946323603 20.3038275887663 20.2521988514608 18.4771023704519 18.3326221810272
15.1211667321195 15.1219717866167 15.1308345959729 15.1574853115191 15.1866481895522 15.522473577268 15.6605027760351 15.8082021428465 15.4694043491347 15.4717776655501 15.647267058713 15.9295073768948 16.0368529317704 16.2643508820597 16.2549780289439 16.2996272983067 16.3692361559033 16.4228048731162 16.4907710657337 16.5496022571782 17.9166562976659 17.9490636248545 17.7712247004705 17.6670009523424 17.7098291677691 17.8023535734672 17.9644348066494 18.2892810973491 18.760376601297 -9999 -9999 -9999 -9999 -9999 -9999 -9999 -9999 -9999 -9999 -9999 -9999 -9999 -9999 -9999 19.5586820496249 19.5929029978763 20.9510524562604 20.9878154471491 19.3928100511064 20.2318550774894 19.8056764263398 18.8428963596566 18.7155712415968 18.0812052447533 19.3643867439575 20.5163334337943 18.1645277534194 18.2435391956246 18.261422688564
15.122720499935 15.1259413868824 15.1653993146103 15.2025790666998 15.3166974556429 15.7531936780931 15.8489744255438 16.0314938301871 16.5483609673524 16.028706502734 16.1381555607276 16.2050885839691 16.1775572216053 16.1868854774818 16.2170109125954 16.2598019636561 16.279736929601 16.3791813402561 17.6700335646114 17.7670771572202 17.854562074883 17.8518342104155 17.6978919733964 17.6835688267239 17.7524269641264 17.8311931215158 18.0138411148656 19.9561326458241 -9999 -9999 -9999 -9999 -9999 -9999 -9999 -9999 -9999 -9999 -9999 -9999 -9999 -9999 -9999 18.6709517037268 19.560577432293 20.6268379597835 19.2675141074325 19.1577751673838 18.7301173744657 18.4091807750736 18.1788806315848 18.2872073257239 18.2132874016664 17.7707861609512 18.3749598268222 18.1951734896576 18.0434090844886 18.2223852384735 18.2698144024163
15.1225932491457 15.1591667760963 15.2635836302703 15.6506609086199 15.4920671795471 15.9919881090845 16.1947122929702 16.7743054471411 17.0031264488615 17.1278426284251 16.2374587467917 16.2459470879957 16.2239086189328 16.2169068523705 16.258620136816 16.2869468166132 16.3136308314313 16.366835337857 16.4034496712815 17.662920304951 17.7104832606115 17.6320069852772 17.6347199839983 17.7103643346401 17.8104479723911 17.9841988165105 18.2440966611152 -9999 -9999 -9999 -9999 -9999 -9999 -9999 -9999 -9999 -9999 -9999 -9999 -9999 -9999 -9999 18.6454346500024 18.5806348613717 19.2549748503299 18.1842100016752 17.7789697543536 17.8519457035136 18.0273615112317 17.9755692507156 17.8993302702171 17.7732538748563 17.8810899993637 17.7337258551341 17.8406031389976 18.348699485777 19.8193975102825 18.4541124936184 19.8352666945824
15.1406081552834 15.2193290464749 15.6981599415708 15.75869326098 16.2525474794047 16.3930362159166 16.5920959933106 16.8720997599439 17.1206624729058 17.181909348143 17.3419837055589 17.3679987617883 17.3296674346526 17.3447710330121 17.3810434542691 17.4062631930651 17.4725123919715 17.5694221928626 17.606995366931 17.6205083304239 17.5780517586575 17.5782747448538 17.5930958940313 17.6686807816875 17.8172267527572 18.1384012040919 19.816275703535 -9999 -9999 -9999 -9999 -9999 -9999 -9999 -9999 -9999 -9999 -9999 -9999 -9999 -9999 18.6113474934687 18.6503700778128 19.8034911616165 18.1957978510071 17.4763254559274 17.2983824713185 17.2566543211266 17.3351305964608 17.3162139341454 17.2771170210693 17.1841838073448 17.1247579860437 17.064276696747 17.2772359470406 18.255892630897 20.3392452296043 18.8248939407459 20.670729076079
15.1902181985542 15.5351384499277 15.7802530530083 16.535829143123 16.4590103985143 16.6734785220693 16.8081398859857 17.0328059115826 17.2411419147407 17.351081542366 17.3770297027365 17.4209505505249 17.38574846301 17.4307099130475 17.4582041110454 17.4379792630453 17.4933913328139 17.5342944340797 17.5546456409243 17.5329416511558 17.5223646725802 17.512404622481 17.6124213643731 17.7383045050305 17.9903755341467 18.3552850114396 -9999 -9999 -9999 -9999 -9999 -9999 -9999 -9999 -9999 -9999 -9999 -9999 -9999 -9999 18.5772380383154 18.5413372607189 18.4499872489877 19.5196817639004 17.4997761708999 17.0979327466346 16.9187930694391 16.939478755578 16.9239886478117 16.9454101883983 16.9598522610422 16.9186369791017 16.9480711570069 16.9800994076619 17.2709328705599 17.8759315853571 18.416435259325 20.0637086197692 20.7901902142843
15.4196620750495 15.8258604197276 16.681067485615 16.5288794066732 16.5425187290106 16.7438380998599 16.981102845545 17.2323636914816 17.4727502439142 17.659285629952 17.6376039388032 17.6511763652817 17.6722857251935 17.6368383528627 17.6572638884394 17.6035316480159 17.6020153418814 17.5847636431647 17.5779699970522 17.6170594772552 17.6240315123246 17.7029017299389 17.7173661012024 17.9587635243914 18.4673207093097 18.6557440451425 -9999 -9999 -9999 -9999 -9999 -9999 -9999 -9999 -9999 -9999 -9999 -9999 18.5720127284499 18.6053565976628 18.4410678011377 18.4010194802908 19.5391335930868 17.2825504513846 16.4474597135484 16.7068818542678 16.549312375123 16.5988078778177 16.628100831132 16.7328300146383 16.8236374266252 16.836934836795 16.9618740025549 17.1621676369015 17.4724752276055 17.9825710172779 18.4444794899403 20.6736576281231 -9999
15.9316257457591 16.8629275944048 16.6118525702985 16.6012607259765 16.6477682136414 16.9391814406497 17.1696302416027 17.4440444875834 17.6779793060712 19.4869399574175 18.0325422238579 18.0842824542616 18.1322319193289 18.0508568234434 17.9793451503055 17.8700744812689 17.869331193948 17.8114811417671 17.7712024018508 17.8215229534716 17.8603820146051 17.952222595968 18.090005766632 18.5147721718721 19.0926334665854 -9999 -9999 -9999 -9999 -9999 -9999 -9999 -9999 -9999 -9999 -9999 -9999 18.6113697920884 18.7254643958372 19.9839167258771 18.4176616834044 19.3045521146299 17.3013927849679 16.550167155542 16.1448748781079 16.373576953857 16.2826208844059 16.3237915691072 16.4117150262893 16.5719306082962 16.7729303655976 16.8321332007024 18.3242304671749 17.3897919460353 17.8056835006646 18.1769332188042 20.34108858216 19.8650948147677 18.927549352627
17.0051258917546 16.6530752851122 16.6979698392909 16.747621432323 16.9274449338536 17.2227232549303 17.4919642211579 19.1235690848787 18.0521427105085 18.4447247747562 18.7221567672595 18.463158300313 18.4829817731598 18.7156455703289 18.3659363187472 18.371600168132 18.4424949127937 18.1145937112054 18.0769610741513 18.1745844308703 18.2965281487272 18.3507509587825 18.9880380747969 18.6697029810278 -9999 -9999 -9999 -9999 -9999 -9999 -9999 -9999 -9999 -9999 -9999 -9999 18.4727690053715 18.6124401258304 18.9260404793657 19.6824616871643 17.1486472405354 16.7648731310397 16.5424889975177 16.1753050610231 16.3162918000399 16.2117856027299 16.2003612766086 16.176263901667 16.2886043473387 16.5283591055486 16.8023125133903 16.9657762609893 17.3219446793891 17.6893070048407 18.048916843536 18.2950713055784 18.7085769079077 18.529429797839 18.7274415401106
17.1114457101274 16.9352791822153 16.9078890444424 16.9901486522396 17.1812552553006 17.5091490240157 19.1201350974565 19.9875736994956 20.7241194043349 19.637760387689 19.2414618868371 19.0641358307044 18.6062188109549 18.6505484667698 18.5673671826947 18.7039387950257 18.7486623931206 19.1710800104268 18.8979516515112 18.9012518472157 19.263359131309 19.1916244719748 19.1301546105414 -9999 -9999 -9999 -9999 -9999 -9999 -9999 -9999 -9999 -9999 -9999 -9999 -9999 18.4820675297552 18.5038161167629 19.704351498763 18.7698089173985 16.5577338204682 16.1023216789899 16.0469765050802 15.8472552019707 16.026461775025 16.0283348590735 16.0801791497021 16.158930441345 16.3490856366353 16.638373061906 16.9633011142109 17.204237699261 17.5807350258857 18.2942982867647 18.2481475770138 18.5151735470253 18.5985034885646 18.3524159223811 18.1918732939531
17.1444922644119 17.0759017104449 17.1528319481518 17.2490802233272 17.4563161612505 17.7052728164924 19.8218652241877 19.3831844803015 17.3399470982998 17.2831079168753 -9999 -9999 -9999 18.7058490434402 18.6600848430962 18.7706785635639 18.848404118704 19.0177770005037 19.0431528296371 19.019642651679 -9999 -9999 -9999 -9999 -9999 -9999 -9999 -9999 -9999 -9999 -9999 -9999 -9999 -9999 19.6001872136206 19.3866407663434 19.3428239787799 19.8021458115658 19.654595845506 18.2925738601804 15.9054843306852 15.9696746237129 15.9482828146192 16.0394693031397 15.7331658012331 15.7656392809932 16.001955592057 16.2808444277091 16.5480413538044 16.8708584701181 17.2645108681079 17.592263412232 18.0141086983011 18.3979051064165 18.4199361426062 18.5132558657376 18.5347814665491 18.0670010240521 19.7965339922935
17.1604134788243 17.252246627314 17.3525458183881 17.4613853807786 17.5806532642805 19.3861055994724 20.9395686671534 19.6181821996581 16.9483759048085 -9999 -9999 -9999 -9999 -9999 -9999 -9999 -9999 -9999 -9999 -9999 -9999 -9999 -9999 -9999 -9999 -9999 -9999 -9999 -9999 -9999 -9999 -9999 -9999 19.9260220764569 19.6851672530121 19.1583920958601 20.4020232767224 20.2151905757562 17.7527094133083 16.5374941067217 16.2649306461699 17.0040406922661 16.3222380986066 15.8473258142661 15.612125177471 15.6441177503346 16.0530714611111 16.5182355322388 16.8143091707487 17.1485580460569 17.4773140280642 18.0405771597962 18.6389457516915 18.8692979252928 18.4909052159999 18.2956659354351 18.9863136482126 20.2167440462568 -9999
17.2922949481608 17.3971207590188 17.5425003261018 17.7214244499742 18.0886009535956 20.5685122037172 20.409998749675 20.2746535614234 -9999 -9999 -9999 -9999 -9999 -9999 -9999 -9999 -9999 -9999 -9999 -9999 -9999 -9999 -9999 -9999 -9999 -9999 -9999 -9999 -9999 -9999 19.9162106838218 20.2295954840341 18.974703500261 20.8761216614466 20.9670777308977 19.0712639561113 18.5270289797927 17.6925551704328 16.6309847859369 15.7991362673942 17.0052968478384 19.1862430717719 16.0710590142754 15.6983494798376 15.6109121325634 15.6799843367143 16.2839067714709 16.7597518813991 17.0769794770601 17.3520478158831 17.6999211477823 18.3193247708574 18.9198563288563 19.0938152934255 18.5335699082161 17.7517282740448 19.1871870466694 -9999 -9999
17.3128022453428 17.4749949716231 17.7671737845719 18.0910909661205 19.040328337818 20.1191058237913 20.2890213053352 -9999 -9999 -9999 -9999 -9999 -9999 -9999 -9999 -9999 -9999 -9999 -9999 -9999 -9999 -9999 -9999 -9999 -9999 -9999 -9999 -9999 -9999 20.0407559073017 19.8075643761347 20.934558910611 20.1481014621773 21.0282428445295 20.7630304955809 18.1089149960742 17.1758589893514 16.4362286421306 15.7954562518687 15.5913948940928 15.841146866768 16.1136419448863 15.7516788585332 15.6177407131799 15.6104728497568 15.8103264580094 16.5552884051826 16.9480488583873 17.2235185723636 17.5229221380709 18.2542276672983 18.5925423242515 19.0655852409801 20.045334557198 19.0029261198333 19.7698797089682 -9999 -9999 -9999
17.3296897332723 17.5617143033455 17.6902361139918 19.4727803339555 21.2785151183294 20.1454627921883 -9999 -9999 -9999 -9999 -9999 -9999 -9999 -9999 -9999 -9999 -9999 -9999 -9999 -9999 -9999 -9999 -9999 -9999 -9999 -9999 -9999 -9999 -9999 20.0178254934538 20.0850781302433 20.1159022554385 19.8185724613564 20.7378404882776 19.6436397903968 16.9769330036751 16.1973212314664 15.7025416203272 15.5897373633673 15.5758141052734 15.6167209229757 15.612579326024 15.5790132139022 15.5708266473505 15.6380391466247 16.0499719529832 16.642758457099 16.9841800550533 17.258415912077 17.6638642798484 18.4296211763967 18.6348502385537 19.112271117602 19.0838478104531 -9999 -9999 -9999 -9999 -9999
