raw_data/Biomass/Calamus brachysomusGrid_biomas_Teorica.asc
NCOLS 96 
NROWS 96 
XLLCORNER 0 
YLLCORNER 0 
CELLSIZE 0.0104166666666667 
NODATA_value -9999 
[rows 52 to 77 of 96, columns 0 to 58 of 96]
17.3296154045402 17.5637732092242 17.6523135948826 17.9069118008897 18.6326947053232 19.305696777104 -9999 -9999 -9999 -9999 -9999 -9999 -9999 -9999 -9999 -9999 -9999 -9999 -9999 -9999 -9999 -9999 -9999 -9999 -9999 -9999 -9999 -9999 -9999 19.706529330613 19.8095266546617 19.8627608925803 20.5717901008021 19.8946999487567 17.0582932338142 16.3064358101656 15.7422339065473 15.5052449204582 15.4859997251471 15.4944025883091 15.4837051971876 15.4899919213473 15.4856407173711 15.5038787583625 15.7542558356746 16.265146199493 16.712062566894 17.0314828601515 17.2564759321696 17.7717227029754 18.2975092879907 18.5086772158412 19.2435653899551 19.4950417892146 -9999 -9999 -9999 -9999 -9999
17.2790570009767 17.4890282362406 17.6354707041924 17.8101655232092 18.5638588665403 -9999 -9999 -9999 -9999 -9999 -9999 -9999 -9999 -9999 -9999 -9999 -9999 -9999 -9999 -9999 -9999 -9999 -9999 -9999 -9999 -9999 -9999 -9999 19.3564930326102 19.4940755156975 19.6097161570737 20.5536241586808 19.7262115788689 17.2487606097793 16.3806456162782 15.7380952827449 15.4578350819858 15.3972735176585 15.3750685522357 15.3555193524103 15.3728372036985 15.3942639472964 15.3988091492633 15.420142981946 16.0183376446083 16.4804914020865 16.8301411906826 17.0996423074725 17.2830410210164 17.9700094615557 18.2918231399863 18.6536256762781 20.6477094677526 -9999 -9999 -9999 -9999 -9999 -9999
17.0960745283325 17.3667946363286 17.7884615334407 17.9882051351699 -9999 -9999 -9999 -9999 -9999 -9999 -9999 -9999 -9999 -9999 -9999 -9999 -9999 -9999 -9999 -9999 -9999 -9999 -9999 -9999 -9999 -9999 19.2763294950576 19.2997430456641 20.5202505579751 20.5558540206433 20.549030643038 18.1995588848505 17.4119939383088 16.7561246392734 15.9848153864384 15.3849750856479 15.3600734738251 15.3516222969872 15.3501870091706 15.3329457164764 15.3221985251044 15.3380952110352 15.349903073414 15.6119698304209 16.3702916238989 16.7144708178135 17.0042042154767 17.1913936943569 17.3151138689106 18.0023721915051 18.3774721379666 20.1330424610571 -9999 -9999 -9999 -9999 -9999 -9999 -9999
17.2096488309567 17.6397446062872 18.2135252536091 -9999 -9999 -9999 -9999 -9999 -9999 -9999 -9999 -9999 -9999 -9999 -9999 -9999 -9999 -9999 -9999 -9999 19.3925796320369 19.4264883996136 20.7629190024827 19.1740457268369 19.3391001093025 19.3702438480457 20.5184741012783 20.5569243543853 20.2053791831211 18.2299370376532 17.6438847166643 17.5127391017754 16.808578425505 16.3654899878063 15.6550069095849 15.3633684665184 15.3307842369474 15.3527402011177 15.3636130080469 15.3544809800231 15.3312606841201 15.3152316930462 15.3418986122559 16.0264766407714 16.6100984122213 16.9359927380433 17.2576280275169 20.2040041015776 17.4452040158039 18.1766359038759 20.0389274204924 20.1248514347814 -9999 -9999 -9999 -9999 -9999 -9999 -9999
17.4758348862957 17.8606718966603 18.2403133286522 -9999 -9999 -9999 -9999 -9999 -9999 -9999 -9999 -9999 -9999 -9999 -9999 -9999 -9999 -9999 -9999 19.3390332134437 20.6009641281451 20.5837198623016 20.0259496238705 18.5772380383154 19.1158314638688 19.2580297612186 18.0862447327886 17.9730941039372 17.8898682226228 17.6918193159852 17.2120719476226 16.7681064308853 16.1952771913341 15.8915476934195 15.4508504110319 15.4134682618049 15.4352138756634 15.3991101806283 15.3848888643186 15.3837419719826 15.3829035438847 15.3928687969952 15.5073945073901 16.2435091055833 16.7841986013815 17.1485283145641 17.2035315763062 17.5670659720555 19.4264735338672 19.8417258614005 -9999 -9999 -9999 -9999 -9999 -9999 -9999 -9999 -9999
17.8555952442589 18.1287310360478 -9999 -9999 -9999 -9999 -9999 -9999 -9999 -9999 -9999 -9999 -9999 -9999 -9999 -9999 -9999 19.1999195584754 20.5764802437966 20.6277373374417 20.6308071140767 20.5249704324624 20.3856114926783 19.9854404648848 19.6137819387187 18.4896564933009 17.8325682030593 17.536338474212 17.3850274743088 17.4328357147851 16.6129229040405 16.2447875597752 15.8682976660236 15.6618771142914 15.4343353100502 15.4267136418623 15.428077574096 15.4099443366168 15.4060145765515 15.4112711044845 15.4305943449644 15.501234142075 15.6626642555641 16.3067925880796 16.8979438600895 17.3001068979029 17.6544914267326 19.6682723322094 20.1440059490394 -9999 -9999 -9999 -9999 -9999 -9999 -9999 -9999 -9999 -9999
18.044278730654 18.2913994662134 -9999 -9999 -9999 -9999 -9999 -9999 -9999 -9999 -9999 -9999 -9999 -9999 -9999 -9999 18.9127430691959 19.0969891302855 20.6688559920305 20.4123921348481 18.4251465867253 18.3842286197131 18.3208113454991 19.6681459733649 20.3730945341953 18.2610287462839 17.675370367575 17.3969721015546 17.1747812227361 16.8006029525524 16.1218478369083 15.8514934262741 15.6577191650186 15.5657752667181 15.4575028325534 15.4306002912629 15.4165491877498 15.4066894814389 15.4143156093507 15.4279995289273 15.4446528813507 15.4983888382108 15.5833666477404 16.2178582601412 16.8594490097433 17.3512153340838 17.9408205684664 20.1059124738464 -9999 -9999 -9999 -9999 -9999 -9999 -9999 -9999 -9999 -9999 -9999
18.1486734348659 -9999 -9999 -9999 -9999 -9999 -9999 -9999 -9999 -9999 -9999 -9999 -9999 -9999 -9999 18.627907934977 20.0877316659787 20.1752017178951 20.2979035888192 20.2400907010043 20.397979793697 18.7480528975175 17.8855720219084 19.6475792131973 19.8607688825604 18.2806589644273 17.6961229495728 17.3960355595304 16.6813202033041 15.9051126870248 15.7145732121896 15.6455076976245 15.593902002226 15.5453467579921 15.496693399832 15.4620710764273 15.4455240140907 15.4377715273344 15.4542925746147 15.4595260606407 15.4678739205411 15.492391252819 15.520687457836 16.0808555411641 16.7842431986207 17.3081492667143 18.0077833232008 20.0122880029135 -9999 -9999 -9999 -9999 -9999 -9999 -9999 -9999 -9999 -9999 -9999
-9999 -9999 -9999 -9999 -9999 -9999 -9999 -9999 -9999 -9999 -9999 -9999 -9999 18.7140623683355 19.8988251933874 19.8243329380929 19.85900729161 17.8712042779966 17.9970725529075 18.0853156236375 17.6590403451362 17.4024724277289 17.2280303264011 17.1442544124693 17.0801087166808 17.2709551691795 17.126802026176 16.7656015526141 16.0840442437705 15.5831600138652 15.5929431615821 15.6044351268496 15.5888580544668 15.5569301476001 15.5244477483921 15.49732370748 15.4854184744622 15.4813690451382 15.5009791945239 15.492565182052 15.4896009522165 15.533874118195 15.6353506763853 16.119803796776 16.7582281423914 17.2599916811972 19.7458269312658 -9999 -9999 -9999 -9999 -9999 -9999 -9999 -9999 -9999 -9999 -9999 -9999
-9999 -9999 -9999 -9999 -9999 -9999 -9999 -9999 -9999 -9999 -9999 18.8537929517801 20.078470305961 20.0412093125674 19.010581979238 17.6304312161571 17.2077980455278 17.4400158703044 17.6744932885364 17.8726239567794 17.7613464119765 17.4949299375681 17.2124361584099 16.7535974623825 16.6247188738222 16.4673798137469 16.2496783903463 16.0426580057461 15.6347181388752 15.4795970481653 15.602228306794 15.6211687543036 15.6004748920042 15.5770345830542 15.552078711257 15.5329687942382 15.5202139838126 15.52933114609 15.560724629373 15.5814764680835 15.5613460175732 15.7352373429963 15.9528168672763 16.3944038645869 17.2455719071729 18.0982562558933 19.9385390349398 -9999 -9999 -9999 -9999 -9999 -9999 -9999 -9999 -9999 -9999 -9999 -9999
-9999 -9999 -9999 -9999 19.1403525125833 19.1118251452095 19.0262133115952 18.8934027331076 18.8938189740073 19.0498052511587 19.0329028974828 20.2235599909889 19.6596353335413 17.4797668762229 17.3294890456956 17.0362696304977 16.9032434986871 17.374941065365 17.9163143854983 19.9243273813654 19.8093408328315 18.1051316636111 17.3695596651621 16.2830148266859 16.2761022546021 16.2047466718016 16.0500165502224 15.543988772057 15.2460784705772 15.3271718605681 15.7083333151312 15.6431187721754 15.6134801902569 15.5996669386864 15.5816682362123 15.5627002870718 15.5628667834317 15.5989035826079 15.7209573069883 15.7877297801686 15.9025334800215 16.1888105916428 16.7035519270704 17.3217068274464 18.0375891447664 18.4961974217243 18.6728619521414 -9999 -9999 -9999 -9999 -9999 -9999 -9999 -9999 -9999 -9999 -9999 -9999
-9999 -9999 19.0949079257872 19.045323228614 20.4035470157301 20.378431337159 20.1190166293128 18.7552999488957 18.9933079819017 19.0931686334564 20.3789219067907 20.0784554402146 20.0219061408452 19.6618577626306 19.7674788909219 18.7611273214911 17.2343259700086 17.1676902616953 17.3605956200728 17.277890039883 16.9416342888085 16.5275637881153 16.0272942568244 16.0211175391882 16.0433641287009 16.0079018906237 15.5579373019198 15.1937532730521 15.1794975425395 15.5219406402589 15.8043608339724 15.6662119659465 15.6414820534949 15.6249119492514 15.6061870550648 15.6070567012302 15.6364767566763 15.7399059306584 16.0867052123791 16.722156408711 16.7231598465942 17.1490337499423 17.3493496829085 17.5341680752352 18.4463005438764 18.7136312616894 -9999 -9999 -9999 -9999 -9999 -9999 -9999 -9999 -9999 -9999 -9999 -9999 -9999
-9999 19.3144898661095 19.3045149502639 20.2354005580099 20.0452527955927 18.3157941560834 17.9872983246384 17.957180322398 18.5246578932392 20.0202337443733 19.9389106786002 18.9824708527638 20.1341796906579 17.5924046368229 16.7633419591587 16.8522837199704 16.5897843697427 16.1139764241807 16.0083701616358 16.0103844702753 16.0119528065222 15.9389471258694 15.8902692392276 15.9074094448462 15.8859507398936 15.6060131258317 15.265331842049 15.2183999373238 15.3469916169783 15.834069284899 15.8233562847437 15.7027021703885 15.6845399447038 15.6760947141644 15.6749225500594 15.7235996934139 15.781816186244 15.9820429247317 17.3915089397465 17.4037880462867 18.1701024083257 19.7108998600596 18.3148353154395 17.9585851354344 17.8953016529382 18.2709367662707 -9999 -9999 -9999 -9999 -9999 -9999 -9999 -9999 -9999 -9999 -9999 -9999 -9999
19.1953260428326 19.1775837744841 19.2955360394281 18.7083167573454 18.3674377591353 18.0187319454367 17.8912730356592 17.84026122683 17.8279969860362 19.6908608338897 20.2874381033418 20.1573182249557 19.2436843159264 16.5352865433788 15.7874488175613 15.7701265065491 15.8285265913475 15.7995599411671 15.7562255470748 15.7306980873279 15.7333999367391 15.7339804441367 15.7682571389372 15.8383216316615 15.7980466081818 15.2993119652084 15.2787392587423 15.327873523799 15.7339774709874 15.933476531188 15.898950835135 15.8229734917735 15.787964658962 15.7779956894149 15.7742443183066 15.8497169695773 16.0426059756337 16.9613834329232 17.4493292604346 17.7737221458685 19.4689598371264 17.6562455848098 17.5279095959937 18.1093609684667 17.0632212287514 17.2983601726989 -9999 -9999 -9999 -9999 -9999 -9999 -9999 -9999 -9999 -9999 -9999 -9999 -9999
19.1778885222857 19.0628127792733 20.4216014647533 18.662218077707 18.4113586069237 18.1527986794965 18.3015230395233 17.8375630938554 16.9464136262815 16.7598782402436 17.2210954556976 16.7908287242834 16.4016806474579 15.7512068710845 15.5302126848525 15.5588693842202 15.6446915681463 15.6298072395464 15.579663590308 15.5295578487229 15.5252482688367 15.5460982214735 15.609685708484 15.7200118455162 15.4879991680401 15.2586117813812 15.2609947605319 15.3531096149162 15.9201270909058 16.0046091277924 15.987439190681 15.9327927068529 15.9212271561406 15.9133185790469 15.9052762102354 16.3294479856188 16.6947216736988 17.2932240573119 17.6488498759675 17.9191017129514 -9999 -9999 -9999 -9999 17.4665437947852 -9999 -9999 -9999 -9999 -9999 -9999 -9999 -9999 -9999 -9999 -9999 -9999 -9999 -9999
19.2113067202306 19.1705597093022 19.256119512804 20.1010662405146 19.0718883174608 20.4140422327004 20.2398528490617 19.4553651120282 16.3577597996695 16.0603556768553 16.0614557420901 15.8574605368858 15.7209416979546 15.5172638764362 15.4144427114825 15.4067630668836 15.449432962111 15.4677267496515 15.4420238740969 15.4053270357798 15.3555847616945 15.3762481492139 15.4298205828634 15.418141309191 15.3020123280451 15.2777328477098 15.3119471063754 15.8248711043036 16.0232582066722 16.0891952249039 16.0874559325731 16.068583867497 16.0648674308928 16.0722408411155 15.8959553872321 17.1248546133954 17.3800697478788 17.7117022518176 18.2133765961449 -9999 -9999 -9999 -9999 -9999 -9999 -9999 -9999 -9999 -9999 -9999 -9999 -9999 -9999 -9999 -9999 -9999 -9999 -9999 -9999
19.1681217268899 19.1895507003497 20.461144350222 20.4574204807446 20.4340292287577 20.2234039006515 18.064964416793 16.9056740482263 16.4715422227436 16.2421117254201 15.9894089020812 15.7161608739069 15.6169305300002 15.4551860059743 15.3057577528548 15.2787689902351 15.3039478482285 15.3580732876447 15.3549693197929 15.3266627087534 15.2968479677399 15.3078716619952 15.3386846378806 15.3150443846413 15.2984988088794 15.3441611788606 15.6857559627607 15.9499998083303 16.1045143765864 16.1648693070385 16.1710608904211 16.1440126648158 16.1855772917971 16.6381723743294 17.5912897058417 17.4494333206595 17.6745007214096 18.1564630859883 -9999 -9999 -9999 -9999 -9999 -9999 -9999 -9999 -9999 -9999 -9999 -9999 -9999 -9999 -9999 -9999 -9999 -9999 -9999 -9999 -9999
-9999 19.0504742097474 19.0085007747396 20.1706825309844 19.2357237087202 17.0401272916929 16.7413183558423 16.6612886100075 16.4740768325077 16.3199413407852 15.9643303878761 15.5251895491383 15.4350458927289 15.3207595208513 15.2504311611281 15.2478638467219 15.2897057198739 15.3187139941443 15.3141873743604 15.2986147617015 15.2940873986303 15.3062000088107 15.3120199485328 15.3049713548693 15.3414652757479 15.5089286524203 15.8357290454864 16.0331067636733 16.1790214976273 16.2577876550166 16.2926924276033 16.3098846633343 16.6548591746822 17.9547274742393 17.4924250592968 17.535230976104 17.910204563721 -9999 -9999 -9999 -9999 -9999 -9999 -9999 -9999 -9999 -9999 -9999 -9999 -9999 -9999 -9999 -9999 -9999 -9999 -9999 -9999 -9999 -9999
-9999 18.7226101725252 20.1137169907152 19.5540885339821 17.3387355399669 17.0284576807557 16.7565557459195 16.6355708687065 16.4742031913522 16.2801160061347 15.6898655983576 15.406143165258 15.3301910936654 15.2457551405927 15.1859428098847 15.1941494451941 15.2897651828596 15.3104687078942 15.2964109147952 15.2799329781795 15.2848304983365 15.3511101720231 15.3477802448257 15.3329999764508 15.4855024659294 15.7461792756463 16.0337757222621 16.2075191335083 16.3355726731425 16.4132833625362 16.5104830454824 16.6669821908851 17.613699818565 17.7578009314561 17.6729026536698 17.9003337081002 18.3130439929963 -9999 -9999 -9999 -9999 -9999 -9999 -9999 -9999 -9999 -9999 -9999 -9999 -9999 -9999 -9999 -9999 -9999 -9999 -9999 -9999 -9999 -9999
18.9130403841242 19.9785799229134 19.753252371601 17.692562603306 17.2118117970604 17.1302360135982 16.8914846932714 16.7473315502679 16.477332430973 16.1899775527365 15.5755517248491 15.3690702235565 15.3113673422651 15.2455024229036 15.1710005792026 15.1840689825489 15.2314267909089 15.2987634191657 15.2718125641993 15.2562347485292 15.3048836469655 15.5745468003913 15.4826586486399 15.5407985828759 15.7378381053319 16.006021373702 16.2673314642162 16.4178174151934 16.5535639785982 16.7030762231851 16.8202480364422 16.9624314680455 18.2424391303898 18.6269713929528 17.9790552682503 18.2581968215916 18.901831611326 -9999 -9999 -9999 -9999 -9999 -9999 -9999 -9999 -9999 -9999 -9999 -9999 -9999 -9999 -9999 -9999 -9999 -9999 -9999 -9999 -9999 -9999
18.8626306380249 18.2446466937327 17.6929788442057 19.1763573504048 19.3353762398251 17.5114978119496 17.0948481042531 16.7543481825766 16.4587130835859 16.2043750281411 15.5969628594132 15.339294876771 15.2899019477266 15.2864382288115 15.2902126418267 15.2001068930707 15.1447529483706 15.1944103390437 15.2172991288017 15.2299692044727 15.4022401635363 15.6212616652188 15.5653850408747 15.7736415122894 16.0622510595234 16.3591869113256 16.5570648618794 16.7114010411785 16.8693867612229 17.0214187498274 17.2278445045709 17.667417193242 18.4357012666812 18.7817684103908 19.2330107099991 19.5059904114506 18.2426992809521 -9999 -9999 -9999 -9999 -9999 -9999 -9999 -9999 -9999 -9999 -9999 -9999 -9999 -9999 -9999 -9999 -9999 -9999 -9999 -9999 -9999 -9999
19.9931557872751 17.9107174319724 19.9017091481922 20.0623409710988 18.880432369359 17.254528519389 17.1935269289677 16.6519826527506 16.3622566879606 16.1527983209481 15.4560132847624 15.3221791996341 15.2857700135101 15.2850705801412 15.286230851649 15.1772655993725 15.1304138210206 15.1286487366198 15.1501252061394 15.2147020829027 15.5858759857356 15.7534070015542 15.7906925234294 16.1206288457022 16.4324155781746 16.7127909884684 16.9579345797545 17.1116835620701 17.246181402776 17.4611995589484 17.7620748335509 18.0460105901115 18.6268078697422 19.0482369149117 19.1565859076704 18.1984662524889 -9999 -9999 -9999 -9999 -9999 -9999 -9999 -9999 -9999 -9999 -9999 -9999 -9999 -9999 -9999 -9999 -9999 -9999 -9999 -9999 -9999 -9999 -9999
19.7566268960376 19.3392264681471 19.6027589877507 17.3730382498236 16.2866420688116 17.4179179382559 17.2907340447871 16.553482216993 16.0712820004716 15.624100279497 15.4029418267672 15.3260457802771 15.297809781533 15.2808479648715 15.2754918364375 15.1868838116329 15.1953045136907 15.1474993950211 15.1256830202097 15.2266920506751 15.78700804818 15.9376612388044 16.0535174335036 16.4650681901791 16.9074356391766 17.1287420060833 17.3237062703395 17.3446669727872 17.5159203715086 17.7944078320074 17.9423591732205 18.2064342925683 18.7719124205165 -9999 -9999 -9999 -9999 -9999 -9999 -9999 -9999 -9999 -9999 -9999 -9999 -9999 -9999 -9999 -9999 -9999 -9999 -9999 -9999 -9999 -9999 -9999 -9999 -9999 -9999
16.9182579025681 16.6832899147043 16.4575461224922 16.1531625317353 16.1924898638809 16.7956526589956 16.4657297158947 15.9967971780503 15.5988560122194 15.4530914223042 15.3705991655755 15.3227440979979 15.2966703220702 15.2883670594091 15.2256521917133 15.2079842520969 15.1985742346151 15.1908596555121 15.1890163029564 15.5089948049919 16.1999599014554 16.3073649193166 16.5710014991451 16.9896432168615 17.1987596717064 17.3485989627144 17.514329736642 17.5471830362231 17.6517858608848 17.8686473696129 18.0169852202328 18.3974294025312 -9999 -9999 -9999 -9999 -9999 -9999 -9999 -9999 -9999 -9999 -9999 -9999 -9999 -9999 -9999 -9999 -9999 -9999 -9999 -9999 -9999 -9999 -9999 -9999 -9999 -9999 -9999
16.0625483744518 16.1546639721234 16.3010469770895 16.3699794432241 16.385239131921 16.2343518057906 15.920134523779 15.6801478599249 15.4577956877578 15.379570643538 15.3353547106833 15.3206829622572 15.3230265471798 15.1700252375802 15.1879162377216 15.1945537934967 15.1967546672537 15.2056696553798 15.3010884219052 16.2029850808512 16.6123877371695 16.7819836051654 17.0677701471549 17.3625950629658 17.4519976619164 17.5675416759409 17.6354855699388 17.6756751153766 17.7320608915354 17.8920460544729 18.0999732496045 18.6454420828756 -9999 -9999 -9999 -9999 -9999 -9999 -9999 -9999 -9999 -9999 -9999 -9999 -9999 -9999 -9999 -9999 -9999 -9999 -9999 -9999 -9999 -9999 -9999 -9999 -9999 -9999 -9999
15.9963289070382 16.2826060186595 16.4910906792817 16.3850087128515 16.0587576091155 15.7365930990695 15.6080668286992 15.4509552145441 15.3383977289748 15.3044257819758 15.2895786177421 15.2967178924587 15.2897540335498 15.2170278289296 15.2046379725785 15.2004651575593 15.2001254752537 15.2543126075175 15.6892449534447 16.6136661913613 17.4814764370609 17.655502297489 17.810299314927 17.8667148225787 17.8706616782523 17.8778418337716 17.8628422956371 17.8831117408764 17.8872444183803 18.013997205203 18.1971357681846 18.5547758954797 -9999 -9999 -9999 -9999 -9999 -9999 -9999 -9999 -9999 -9999 -9999 -9999 -9999 -9999 -9999 -9999 -9999 -9999 -9999 -9999 -9999 -9999 -9999 -9999 -9999 -9999 -9999
