raw_data/Biomass/Epinephelus analogusGrid_biomas_Teorica.asc
NCOLS 96 
NROWS 96 
XLLCORNER 0 
YLLCORNER 0 
CELLSIZE 0.0104166666666667 
NODATA_value -9999 
[rows 24 to 47 of 96, columns 0 to 54 of 96]
1.63942391269522e-05 1.64876977420002e-05 1.66524033576794e-05 1.6451914786798e-05 1.64236175615909e-05 1.64171577583191e-05 1.64073159319453e-05 1.6406068122243e-05 1.64059823776342e-05 1.64703889892737e-05 1.6628793504422e-05 1.64394648952388e-05 1.64105339872866e-05 1.64177560902167e-05 1.64215209554757e-05 1.64167124880697e-05 1.64125117543825e-05 1.64027289714454e-05 1.64016274540802e-05 1.64014416740944e-05 1.64069755860199e-05 1.64034777324814e-05 1.64898432375853e-05 1.69948515303093e-05 1.75295030129555e-05 1.84805498718953e-05 2.09773764702614e-05 2.13865061191748e-05 1.91091142655872e-05 1.98875700134177e-05 2.431254089569e-05 3.23653887421677e-05 6.15835787413085e-05 5.79074666739047e-05 7.35893282696769e-05 -9999 -9999 -9999 -9999 -9999 -9999 -9999 0.000184577826877612 0.000174461467326393 -9999 -9999 -9999 -9999 -9999 -9999 -9999 -9999 -9999 -9999 -9999
1.64172367336167e-05 1.6607793972787e-05 1.67500017826137e-05 1.65950522486995e-05 1.64283500622821e-05 1.64184525771271e-05 1.64114384424806e-05 1.64063084327915e-05 1.64257792283084e-05 1.65466693488726e-05 1.65911256721168e-05 1.64603282885036e-05 1.64190494047333e-05 1.64118397122071e-05 1.64167369328047e-05 1.64166218545139e-05 1.64124203686809e-05 1.64062050127589e-05 1.63986395553205e-05 1.63875307395293e-05 1.64106381594648e-05 1.65599195234476e-05 1.7043556724565e-05 1.7764672645601e-05 1.85081348151326e-05 1.98533135378965e-05 2.23641074817545e-05 2.51321916630462e-05 2.72516253999534e-05 2.93837327917631e-05 3.43558294929757e-05 3.650219004564e-05 5.16794370969578e-05 6.65375863386396e-05 8.33465382531852e-05 -9999 -9999 -9999 -9999 -9999 -9999 -9999 0.000183609063226908 0.000171800751942569 -9999 -9999 -9999 -9999 -9999 -9999 -9999 -9999 -9999 -9999 -9999
1.64219993201356e-05 1.6590103506122e-05 1.66172563416595e-05 1.6496898364172e-05 1.64474150751984e-05 1.64295850855076e-05 1.64223359053325e-05 1.64129134001817e-05 1.64219120712353e-05 1.64486764235231e-05 1.64588356553787e-05 1.64302296743652e-05 1.64114474682289e-05 1.64082121135368e-05 1.64006267242376e-05 1.63970942719973e-05 1.64104504991148e-05 1.64027090395846e-05 1.64043904612781e-05 1.64554893591971e-05 1.67055274078729e-05 1.71012688634769e-05 1.75358661655059e-05 1.83886339076606e-05 1.93465892247773e-05 2.08266840809613e-05 2.34806677608463e-05 2.8064394034232e-05 5.11245792203084e-05 4.39631744474445e-05 4.63658286445013e-05 4.84302053167877e-05 5.67762395538278e-05 8.13409417666926e-05 9.16111151118315e-05 -9999 -9999 -9999 -9999 -9999 -9999 -9999 -9999 -9999 -9999 -9999 -9999 -9999 -9999 -9999 -9999 -9999 -9999 -9999 -9999
1.6376558814254e-05 1.65299878856528e-05 1.64980051465571e-05 1.64584580782416e-05 1.64529031062367e-05 1.64399816193289e-05 1.64281567608394e-05 1.64203991301768e-05 1.64170742701473e-05 1.64127930568711e-05 1.64105091664787e-05 1.64140006267789e-05 1.64085945796209e-05 1.64109457870527e-05 1.64025973459494e-05 1.64046619858727e-05 1.63959920024863e-05 1.65653876226251e-05 1.67430820422516e-05 1.69155828958779e-05 1.72159184312385e-05 1.75373328496044e-05 1.79231986322785e-05 1.89793352872404e-05 2.05105572468068e-05 2.26299909837141e-05 2.69840871774725e-05 3.92424824436293e-05 6.72479879442995e-05 7.22245599123768e-05 5.63527815294906e-05 6.25918300408185e-05 9.7294327957111e-05 0.000218936594212871 -9999 -9999 -9999 -9999 -9999 -9999 -9999 -9999 -9999 -9999 -9999 -9999 -9999 -9999 -9999 -9999 -9999 -9999 -9999 -9999 -9999
1.63775764673746e-05 1.64701531915994e-05 1.64802447303428e-05 1.64666120896836e-05 1.64567382971179e-05 1.64461014527481e-05 1.64301341518624e-05 1.64210583858754e-05 1.64188730265687e-05 1.6416480075051e-05 1.64163965868793e-05 1.64168696865192e-05 1.64094678207688e-05 1.64080473936303e-05 1.63988975412927e-05 1.64081338903849e-05 1.66145207877793e-05 1.70957706784718e-05 1.73644672053177e-05 1.75972299717502e-05 1.90234110247646e-05 1.89689970447101e-05 1.84972963957175e-05 2.0608787474122e-05 2.34596452887677e-05 2.63363769152024e-05 4.41737752410758e-05 6.44868611106546e-05 7.16739892661692e-05 7.86403626612167e-05 8.45860743528438e-05 7.49525923355939e-05 0.000102871488259883 -9999 -9999 -9999 -9999 -9999 -9999 -9999 -9999 -9999 -9999 -9999 -9999 -9999 -9999 -9999 -9999 -9999 -9999 -9999 -9999 -9999 -9999
1.64284602516259e-05 1.64492529431957e-05 1.64704642038428e-05 1.64667102446963e-05 1.64572050035195e-05 1.64499599601457e-05 1.643021312716e-05 1.64179779731957e-05 1.64124963353958e-05 1.64113557064546e-05 1.64119747223587e-05 1.64146331813055e-05 1.64123459062575e-05 1.64112240809585e-05 1.64992409219283e-05 1.66994162241292e-05 1.71660774969885e-05 1.78647268262181e-05 1.97706151191117e-05 2.22094287202892e-05 2.24267988251444e-05 2.01495273148674e-05 1.98726888109106e-05 2.18776196484662e-05 2.7360047201389e-05 4.00440817143885e-05 6.44808439451223e-05 7.13923107046873e-05 7.81492115246408e-05 8.46992722794207e-05 9.16333034097319e-05 0.000104188871438616 0.000146530537071039 -9999 -9999 -9999 -9999 -9999 -9999 -9999 -9999 -9999 -9999 -9999 -9999 -9999 -9999 -9999 -9999 -9999 -9999 -9999 -9999 -9999 -9999
1.64752719191031e-05 1.64668302119341e-05 1.64710410995882e-05 1.64640529139681e-05 1.64545717414534e-05 1.64435324991387e-05 1.64299355853998e-05 1.64152059402496e-05 1.64061598840174e-05 1.64027161849687e-05 1.64072128879856e-05 1.64163074576148e-05 1.64407266196364e-05 1.65448969175505e-05 1.69941031453463e-05 1.73987537666666e-05 1.80957220502756e-05 2.16298628576727e-05 2.38937461746403e-05 2.4832311175829e-05 2.43601517179645e-05 2.37372622635153e-05 2.50162860119798e-05 2.53573088685242e-05 3.29148687771225e-05 4.49286286571058e-05 7.19560439004969e-05 7.86749613630276e-05 8.56390783210004e-05 9.08097038774951e-05 9.85522916262124e-05 0.00010876567797164 0.000143413645325296 -9999 -9999 -9999 -9999 -9999 -9999 -9999 -9999 -9999 -9999 -9999 -9999 -9999 -9999 -9999 -9999 -9999 -9999 -9999 -9999 -9999 -9999
1.65716255429179e-05 1.64782579374985e-05 1.64659468168194e-05 1.64612214615123e-05 1.64549391646237e-05 1.64394423308681e-05 1.64251444173447e-05 1.64117062063468e-05 1.64036593756659e-05 1.64013333651148e-05 1.64170490732667e-05 1.65260605569244e-05 1.66482703171044e-05 1.69868411786944e-05 1.75462721011484e-05 1.81096593099398e-05 1.99515550473971e-05 2.46891778507289e-05 2.54078154517112e-05 2.59354832616114e-05 2.72157480504669e-05 2.85944687103451e-05 2.98052352373023e-05 3.00870266206379e-05 4.14959109354844e-05 4.78668481938239e-05 7.21798072437301e-05 8.18779737904525e-05 9.49337187042113e-05 9.8076559476313e-05 0.000103454401170827 0.000113669667880484 0.000152364179054627 -9999 -9999 -9999 -9999 -9999 -9999 -9999 -9999 -9999 -9999 -9999 -9999 -9999 -9999 -9999 -9999 -9999 -9999 -9999 -9999 -9999 -9999
1.65735307279546e-05 1.65595705278468e-05 1.64616998261721e-05 1.64592433183436e-05 1.64522468591209e-05 1.64375221029176e-05 1.64218549081628e-05 1.64109164533707e-05 1.64047601408854e-05 1.64135429461256e-05 1.65582358453171e-05 1.6903834380176e-05 1.72040683758682e-05 1.75667868748851e-05 1.82018159607958e-05 1.89446237635758e-05 2.10510491407478e-05 2.53572712612397e-05 2.65816516252138e-05 2.7394721117769e-05 2.97117811351284e-05 3.1409035495374e-05 3.2535712134017e-05 3.46784623873619e-05 4.08717428333596e-05 5.1742993407893e-05 7.21557385816008e-05 8.37752612973632e-05 9.87335587378736e-05 0.000103165577225276 0.000112204112000517 0.00013202202275407 0.000175104175819815 -9999 -9999 -9999 -9999 -9999 -9999 -9999 -9999 -9999 -9999 -9999 -9999 -9999 -9999 -9999 -9999 -9999 -9999 -9999 -9999 -9999 -9999
1.65734212907565e-05 1.65592557548748e-05 1.65412764642643e-05 1.64570045566927e-05 1.64505364798183e-05 1.64409770841517e-05 1.64267615305815e-05 1.64120096971334e-05 1.64245028370698e-05 1.65761767764974e-05 1.70048851538345e-05 1.75136703461486e-05 1.78533017331636e-05 1.83238704028905e-05 1.93855127643145e-05 2.04270314677613e-05 2.19997305014877e-05 2.77751188012655e-05 3.06630197912196e-05 3.16922935628081e-05 3.6969686200217e-05 3.6118633350239e-05 3.50713832966227e-05 3.58252965305382e-05 4.20860820523516e-05 5.42783637122221e-05 7.22448678460484e-05 8.31554932475339e-05 9.71209583752109e-05 0.000109275632750504 0.000127729151219603 0.000142598695468512 0.000164225516610219 0.000172985381406745 0.000167896739730628 -9999 -9999 -9999 -9999 -9999 -9999 -9999 -9999 -9999 -9999 -9999 -9999 -9999 -9999 -9999 -9999 -9999 -9999 -9999 0.000190491196304503
1.65746958016308e-05 1.65625016396067e-05 1.65466746138925e-05 1.65333823191587e-05 1.64550948587819e-05 1.64553535968998e-05 1.64498572922588e-05 1.64526101454899e-05 1.67394341356476e-05 1.7382488616087e-05 1.81485790887486e-05 1.907392136868e-05 1.93448028787599e-05 1.99647589650121e-05 2.18351610241787e-05 2.4036917107025e-05 3.04031158475078e-05 3.75928765129428e-05 3.88339921185537e-05 4.50553275988458e-05 4.00244507118393e-05 3.68684473901357e-05 3.61851230293712e-05 3.91313905249888e-05 4.57786661104002e-05 5.75851722450796e-05 7.17747767888356e-05 8.19836502601139e-05 9.54132115825684e-05 0.000116579719561053 0.000133148736999998 0.000152638336159193 0.000164301483325065 0.000163815221135484 0.00016310256309275 -9999 -9999 -9999 -9999 -9999 -9999 -9999 -9999 -9999 -9999 -9999 -9999 -9999 -9999 -9999 -9999 -9999 0.000188178724375862 0.000189552518481461 0.00024689460171312
1.65921636331711e-05 1.65668170755119e-05 1.65429725527987e-05 1.65488693750204e-05 1.65070354077297e-05 1.65375525909454e-05 1.66081847124738e-05 1.6818793027562e-05 1.81057293487015e-05 1.91309227299134e-05 2.02776177261368e-05 2.09252527738377e-05 2.0893211367378e-05 2.13984652356703e-05 2.56436507332937e-05 3.36884882281564e-05 4.87340345688855e-05 4.5922100293777e-05 4.18392278363881e-05 3.97926394097065e-05 3.73641490081454e-05 3.61957282836219e-05 3.5870838952161e-05 4.3929252676756e-05 5.10223250135435e-05 6.2011549639795e-05 7.37420138450596e-05 8.47530506963658e-05 9.87564991814656e-05 0.000122257291313646 0.000134524035396979 0.000141344116455022 -9999 -9999 -9999 -9999 -9999 -9999 -9999 -9999 -9999 -9999 -9999 -9999 -9999 -9999 -9999 -9999 -9999 -9999 -9999 0.00018166439054143 0.000186369061842016 0.000188036568840161 0.000108935286825082
1.66102132494039e-05 1.65545544682299e-05 1.65702833389314e-05 1.66370708677574e-05 1.67096642091764e-05 1.68531585642085e-05 1.72234098023262e-05 1.85400295531824e-05 2.00075222083046e-05 2.06668531215089e-05 2.10731246167945e-05 2.14746575942234e-05 2.16759693885642e-05 2.22866364755258e-05 3.68762320980431e-05 5.52937603958016e-05 4.32810911270711e-05 4.20557705809826e-05 4.07921658191946e-05 3.91049526039311e-05 3.7992867591704e-05 3.73744157968349e-05 4.11524812127271e-05 5.11077311568179e-05 5.75005558547813e-05 6.59490323350092e-05 7.77787797715571e-05 8.98089740349006e-05 0.000107686348904279 0.000137363385382544 0.000137016270145899 -9999 -9999 -9999 -9999 -9999 -9999 -9999 -9999 -9999 -9999 -9999 -9999 -9999 -9999 -9999 -9999 -9999 -9999 -9999 -9999 0.000177429058152366 0.000185624813680236 0.000177804378852445 5.91124040717524e-05
1.66604625987643e-05 1.65961571507204e-05 1.66746518272352e-05 1.68304550465094e-05 1.74861606174805e-05 1.78477057692186e-05 1.86105206473935e-05 1.99380653144193e-05 2.11126122656004e-05 2.14574334578871e-05 2.18171095275817e-05 2.26049821394703e-05 2.3110649687893e-05 2.9273844306229e-05 5.15464577386935e-05 4.39915303400156e-05 4.28273592386493e-05 4.21904798743374e-05 4.04206058475736e-05 3.84359942258751e-05 4.05912677049842e-05 4.64101676330176e-05 5.59646743526557e-05 6.32055809251155e-05 6.59945371493474e-05 7.21023362375015e-05 8.17215274866121e-05 9.4374498382551e-05 0.000117325848087062 0.0001492235947196 -9999 -9999 -9999 -9999 -9999 -9999 -9999 -9999 -9999 -9999 -9999 -9999 -9999 -9999 -9999 -9999 -9999 -9999 -9999 0.000169460826696187 0.000214154075833211 0.000227301958594183 0.000236428870488181 0.000224614165965464 4.09835116831225e-05
1.67278322883556e-05 1.67637096378421e-05 1.71599475096025e-05 1.77450077964957e-05 1.84474517007391e-05 1.95195075192624e-05 2.0386603636841e-05 2.08472552656249e-05 2.22599353034762e-05 2.33989471314604e-05 2.69886000516217e-05 3.33542722901204e-05 3.64266370109248e-05 4.26055138669295e-05 4.21716386247644e-05 4.22782928838248e-05 4.22464395137881e-05 4.19989835812713e-05 4.07259769983391e-05 4.5278301189103e-05 5.60278545907451e-05 6.48945240754695e-05 6.97469920044426e-05 7.13926867775331e-05 7.16747414118607e-05 7.66750059692215e-05 8.57421222807415e-05 9.90551010210071e-05 0.000126459905365129 -9999 -9999 -9999 -9999 -9999 -9999 -9999 -9999 -9999 -9999 -9999 -9999 -9999 -9999 -9999 0.000182119062611966 0.000181341343966914 0.000247551600974681 0.000253589826586367 0.000181584663098127 0.000219494310243148 0.000203858705607405 9.46023985270878e-05 7.28729094984847e-05 4.76750886497657e-05 6.97951293287012e-05
1.67697944964866e-05 1.69252028392727e-05 1.81189971987003e-05 1.89480911552138e-05 2.14800730432025e-05 2.11375082879904e-05 2.1707371471186e-05 2.25706842959361e-05 2.74541406274007e-05 3.53187640145703e-05 3.83423144799937e-05 3.99506276122146e-05 3.9125147715749e-05 3.95381885222584e-05 3.99959067828453e-05 4.09306734482918e-05 4.12606397631706e-05 4.40688133098214e-05 4.70214364365325e-05 5.46991892266389e-05 6.935512409915e-05 7.24016902227346e-05 7.37811254210197e-05 7.57780722320596e-05 7.7302671548812e-05 8.13819337068816e-05 9.18412716934428e-05 0.000169466091716027 -9999 -9999 -9999 -9999 -9999 -9999 -9999 -9999 -9999 -9999 -9999 -9999 -9999 -9999 -9999 0.00018448644117609 0.000180603112970667 0.000233691436243819 8.8515283445451e-05 8.49380785364847e-05 8.24059800659139e-05 6.6330746273466e-05 6.09092801288425e-05 5.44096131353959e-05 5.30999018427165e-05 4.57328228305008e-05 6.52495368418766e-05
1.68049497861092e-05 1.78794199923024e-05 2.06312390230145e-05 3.11155858538195e-05 2.58070543847808e-05 2.33547585720824e-05 2.50283203430445e-05 3.00593852664738e-05 3.32279494212262e-05 3.53976640976129e-05 3.95641375486166e-05 4.03166217057182e-05 3.97178761279674e-05 3.83253159873649e-05 3.93395844524072e-05 4.0648543599395e-05 4.32300956491846e-05 5.13270568404711e-05 5.40136084287998e-05 6.17746237469598e-05 7.19428813508949e-05 7.49920799843998e-05 7.72895089992101e-05 8.02315268716705e-05 8.28783275602013e-05 8.84028376645657e-05 0.000101870382344443 -9999 -9999 -9999 -9999 -9999 -9999 -9999 -9999 -9999 -9999 -9999 -9999 -9999 -9999 -9999 0.00018123228284164 0.000183698568564201 0.000150355573985368 4.8559988055863e-05 4.33199018447546e-05 4.48885392917467e-05 4.7993095848149e-05 4.79436798762148e-05 4.80228432102494e-05 4.77715513347058e-05 4.94566209347484e-05 4.68734141644373e-05 4.81700757293685e-05
1.74303814929958e-05 1.94733633810864e-05 3.12383736379635e-05 3.3847228576356e-05 2.97080580139553e-05 2.7916446976706e-05 3.00857855802469e-05 3.30844024159957e-05 3.6761905952929e-05 3.80536785708651e-05 3.96196082933677e-05 3.80228405975119e-05 3.74593330454098e-05 3.75086738027749e-05 3.9098032863569e-05 4.39040557960894e-05 5.02295258473753e-05 5.82903088308987e-05 6.10439142076283e-05 6.57004481839551e-05 7.44915270266797e-05 7.68359651472112e-05 7.98031799003382e-05 8.25330926877842e-05 8.78816007003282e-05 9.74729625588518e-05 0.000170881253834661 -9999 -9999 -9999 -9999 -9999 -9999 -9999 -9999 -9999 -9999 -9999 -9999 -9999 -9999 0.000174461467326393 0.000181113067749531 0.000240470525361673 4.89847247278759e-05 3.88922458023635e-05 3.72673102503595e-05 3.76392839021109e-05 3.91566626202245e-05 4.03086113541033e-05 4.19514103662813e-05 4.15251694028854e-05 3.96098680066622e-05 3.8223325031592e-05 4.168345846367e-05
1.88068682801702e-05 2.71349299959109e-05 3.26795599975241e-05 3.33661185847622e-05 3.27840330340791e-05 3.12309273956172e-05 3.32548010224142e-05 3.6585678217401e-05 4.47197954058496e-05 4.7976473428366e-05 4.79257412014716e-05 4.43166077078994e-05 4.33974480655524e-05 4.64778607452562e-05 5.36710436735877e-05 5.91154126545186e-05 6.51525100476679e-05 6.67530760792659e-05 6.93220296887223e-05 7.24784090832717e-05 7.83835049075556e-05 8.1613594579876e-05 8.64333441712671e-05 8.97070582936969e-05 9.66219097088738e-05 0.000107987959326587 -9999 -9999 -9999 -9999 -9999 -9999 -9999 -9999 -9999 -9999 -9999 -9999 -9999 -9999 0.000151354047390888 0.000172437819343304 0.000171704853366898 0.000222572466485777 3.92407525085388e-05 3.45871895076935e-05 3.31217464495807e-05 3.39384262414553e-05 3.53948435512696e-05 3.71529088906762e-05 3.89214666624798e-05 3.86699867505133e-05 3.85773600086001e-05 3.87291806164375e-05 4.33937249443792e-05
2.48031655302818e-05 3.51764956570154e-05 3.50590104999968e-05 3.39489186738523e-05 3.363971158006e-05 3.26225473541053e-05 3.5949701427919e-05 4.49455519351655e-05 6.02094085628641e-05 6.73845023873141e-05 6.80730917679194e-05 6.47907279700369e-05 6.52081688288419e-05 6.91674637491107e-05 7.48074282171266e-05 7.57558839341591e-05 7.6832956564445e-05 7.76685904277465e-05 7.8785526779684e-05 8.32931359090858e-05 8.87499529012117e-05 9.41383246354073e-05 9.49043850222412e-05 0.000101206989844504 0.000117253266027828 0.000128459108613243 -9999 -9999 -9999 -9999 -9999 -9999 -9999 -9999 -9999 -9999 -9999 -9999 0.000177400852688933 0.000176999206889651 0.000169118600406536 0.000169134019393212 0.000221173099426666 4.80911004317567e-05 3.33822145025612e-05 3.0257462834341e-05 2.89916016354785e-05 3.03808147277536e-05 3.24317279921615e-05 3.46221266750656e-05 3.75596692806613e-05 3.89280855445654e-05 4.06353434425084e-05 4.37951450999544e-05 4.83175714994795e-05
3.96388256157865e-05 4.01276451007187e-05 3.58236418100168e-05 3.51744272563637e-05 3.17286974142787e-05 3.5478294115746e-05 4.16879713378193e-05 6.30495106941208e-05 8.22920299936455e-05 0.000189496107554595 0.000122068878817916 0.000118173516281428 0.000110169933977746 0.000103557069057722 9.82976903096259e-05 9.38626632394578e-05 9.18683489383383e-05 9.06927452224606e-05 9.19367941962685e-05 9.76023316177968e-05 0.000103414537449175 0.000108650599680834 0.000116868167433759 0.000136715411869282 0.000154944790922302 -9999 -9999 -9999 -9999 -9999 -9999 -9999 -9999 -9999 -9999 -9999 -9999 0.000183547763353047 0.000185393152807242 0.000234876065707995 0.000166256686050224 0.000175916117093832 4.74462483231145e-05 3.46236309664486e-05 2.88999526829643e-05 2.6691615325317e-05 2.60877927641483e-05 2.7504609603303e-05 3.00024102303396e-05 3.30547302684645e-05 3.70173346297761e-05 3.87200796535699e-05 6.40182743448249e-05 4.91189075192467e-05 5.4853003020559e-05
4.12214529726413e-05 3.63122356512415e-05 3.65832713511881e-05 3.80042249916463e-05 3.50225314339571e-05 4.45308940154192e-05 6.49866619226832e-05 0.000126858918654491 0.000117706433806981 0.000137837989313906 0.0001404080711419 0.000129706542242663 0.000136989945046695 0.000144347434201343 0.000125922873341369 0.000126058635638692 0.000119831621458429 0.000106921792808829 0.000114289812003159 0.000126770541535735 0.000133652298540484 0.000136357766592955 0.000155960563678727 0.000175838646087604 -9999 -9999 -9999 -9999 -9999 -9999 -9999 -9999 -9999 -9999 -9999 -9999 0.000175160962819526 0.000182251440253678 0.000190684497747229 0.000234004704924346 4.39023258609989e-05 3.67519776298006e-05 3.3803491304393e-05 2.89363189271502e-05 2.59715862548053e-05 2.51316651610621e-05 2.52110541388042e-05 2.60606026973991e-05 2.83956389967864e-05 3.29035489844648e-05 3.73708431048001e-05 3.98842883622207e-05 4.74597117309931e-05 5.44776823204803e-05 7.02005358564415e-05
4.20190282639508e-05 3.92986677267874e-05 4.01134295471485e-05 3.54498630086058e-05 3.81887263297811e-05 6.84916608452616e-05 0.00012418278428399 0.0001843032937002 0.000276157958061038 0.000242409180881619 0.000208817602151731 0.000157660412941609 0.000132908050378705 0.000132735809015342 0.000130753152972441 0.00013718775936357 0.000153800401252623 0.000199524466059904 0.000196054065839136 0.000195146978135138 0.000211378658231427 0.00020228897754916 0.00015584473324223 -9999 -9999 -9999 -9999 -9999 -9999 -9999 -9999 -9999 -9999 -9999 -9999 -9999 0.000173878554415449 0.000172555906216876 0.000237247957146268 7.38601007186315e-05 3.43571833552204e-05 2.79309633885527e-05 2.718479725526e-05 2.47721019132212e-05 2.33682595872456e-05 2.33672065832774e-05 2.41509800011471e-05 2.56808067304558e-05 2.85663384614815e-05 3.35737860101965e-05 3.96121620510214e-05 4.3756146345848e-05 5.05259464644114e-05 0.000124629934897611 0.000112657655852516
4.32936143528352e-05 4.26440237263363e-05 4.39717489083281e-05 3.84775502753327e-05 5.70240715591904e-05 8.08144397826143e-05 0.00021388029480149 0.000175625788856898 0.000225856334575043 0.000218160755932047 -9999 -9999 -9999 0.000134567283774243 0.000133281114641709 0.00013741716379949 0.000145470011645967 0.000152404418849124 0.000182866695429358 0.000183788826047186 -9999 -9999 -9999 -9999 -9999 -9999 -9999 -9999 -9999 -9999 -9999 -9999 -9999 -9999 0.000181627159329699 0.000174485912061368 0.000171931249220051 0.000225262139478726 0.000218112618607788 6.24429051938935e-05 2.52063156209475e-05 2.60270569995564e-05 2.57846028358884e-05 2.32373862369175e-05 2.09075021355173e-05 2.12657867356826e-05 2.33618663488675e-05 2.64479577285424e-05 2.99795450013168e-05 3.57398527799792e-05 4.35857853467141e-05 5.01704071960203e-05 7.21910894291033e-05 0.000145594115685071 0.000140534807690925
