raw_data/Biomass/Epinephelus labriformisGrid_biomas_Teorica.asc
NCOLS 96 
NROWS 96 
XLLCORNER 0 
YLLCORNER 0 
CELLSIZE 0.0104166666666667 
NODATA_value -9999 
[rows 52 to 77 of 96, columns 0 to 58 of 96]
15.5116156002395 15.1288302715686 14.6331415641454 14.1506582645661 11.6197360936808 11.5924677839771 -9999 -9999 -9999 -9999 -9999 -9999 -9999 -9999 -9999 -9999 -9999 -9999 -9999 -9999 -9999 -9999 -9999 -9999 -9999 -9999 -9999 -9999 -9999 12.6227182608749 14.4109934477751 13.0471206324479 -0.611101218117916 1.26881149594178 21.0041506030328 23.7047994227867 27.1925134165462 29.2713075760131 29.3220140554831 29.4405768947399 29.5882373642675 29.5262691300561 29.5399890343096 29.3150397708209 27.5742697523982 24.857385712611 29.002740450252 21.6591045323313 20.7789726744732 18.8625878816064 17.1901315531123 17.368890472281 16.6017191594429 15.8303747090611 -9999 -9999 -9999 -9999 -9999
15.6178305256682 15.3486917372299 14.6311979110428 14.0957214812847 12.1636731310619 -9999 -9999 -9999 -9999 -9999 -9999 -9999 -9999 -9999 -9999 -9999 -9999 -9999 -9999 -9999 -9999 -9999 -9999 -9999 -9999 -9999 -9999 -9999 12.5608643591989 12.322995519205 14.3316466681761 -0.739382322887572 2.12710583952981 20.4521531219028 23.577147146962 27.0264454088119 29.4252563349902 30.1827093823154 30.563722556687 30.9068916618261 30.6878876901806 30.5026118164915 30.4019420190318 30.1795652375907 26.0873751289318 24.0024641788186 22.6316742450969 21.5105294025201 21.1067068873272 18.9477084542455 18.1817376330296 18.1809373052814 1.87666042063683 -9999 -9999 -9999 -9999 -9999 -9999
15.3236529119674 15.0027214849724 14.1966771100829 13.7158516322676 -9999 -9999 -9999 -9999 -9999 -9999 -9999 -9999 -9999 -9999 -9999 -9999 -9999 -9999 -9999 -9999 -9999 -9999 -9999 -9999 -9999 -9999 13.015965016539 12.678341039369 -1.62077183863556 -1.27588774546474 -1.18687986662056 17.3268160992372 19.8992981467569 22.2104160182486 25.6850961029674 30.0994752965112 30.5457151823543 30.7106398647342 30.9421060827433 31.2474882849177 31.3928621037364 31.1875208700766 30.9962997045443 32.789033860327 30.0343057513074 28.9391143942767 28.1276392239535 21.1763354014134 21.4819462686588 20.0096862097294 18.7932451988589 3.27374683751093 -9999 -9999 -9999 -9999 -9999 -9999 -9999
14.9061104925211 13.9723566755392 13.0279699327608 -9999 -9999 -9999 -9999 -9999 -9999 -9999 -9999 -9999 -9999 -9999 -9999 -9999 -9999 -9999 -9999 -9999 12.781811983947 12.9079207705432 -1.51507140961635 14.0583919084618 13.3981786825328 13.3434705643222 -1.01195108738921 -1.21740665358445 0.528279663862428 17.3286454198043 19.0105341824727 19.3818862575991 22.1252954456096 24.0467680363037 27.8876552320538 30.5061561250903 31.1499626321829 31.0378595811787 30.9355319619552 31.1093174158321 31.3714247533404 31.4918740794321 34.3507362617353 31.2893339928907 29.363859763456 28.38025696102 27.622117918482 0.671423998239973 21.8550704980846 19.9031282866943 1.65942860329071 1.68749724074254 -9999 -9999 -9999 -9999 -9999 -9999 -9999
14.061650385722 13.3836584505312 12.6242617501034 -9999 -9999 -9999 -9999 -9999 -9999 -9999 -9999 -9999 -9999 -9999 -9999 -9999 -9999 -9999 -9999 12.5442289752917 -1.68811370201285 -1.51438541440368 1.57830966939226 16.8832058617093 14.2327490250159 13.7164232949448 17.66386841373 17.8433704943791 18.1490385278922 18.7427673844597 20.4047622859607 22.2622086568054 24.8704196216518 26.5553953627772 29.7297238768811 30.1868825198592 30.1187974950015 30.6423261748056 30.866303611743 30.9092926450705 30.9572551436898 34.1925857820805 33.5753330063451 30.727789745051 28.9519768045143 27.903890452087 28.04137532596 27.5822158636116 5.49431334092996 3.33702989587992 -9999 -9999 -9999 -9999 -9999 -9999 -9999 -9999 -9999
13.56819116274 12.7078388335139 -9999 -9999 -9999 -9999 -9999 -9999 -9999 -9999 -9999 -9999 -9999 -9999 -9999 -9999 -9999 12.3859355799676 -1.82165410341298 -1.67153548437328 -1.12977076516562 -1.08478091246788 -0.403930663890996 0.922441079810177 2.24835549336957 15.9214405735433 18.1007901979343 18.8926573384286 19.6140384708208 19.5321192091742 23.019375872792 24.7361360587712 26.7388419158992 28.105687377148 30.072321319343 30.1697326395424 30.3286548638114 30.6224323136381 30.8264015568726 30.8939720853208 34.2167156636863 33.8456265533914 33.1254859290087 30.9756626818965 29.1378815071484 28.0207954695799 27.4789735841045 13.403495145431 11.5647993103993 -9999 -9999 -9999 -9999 -9999 -9999 -9999 -9999 -9999 -9999
12.882824779013 11.9990342800206 -9999 -9999 -9999 -9999 -9999 -9999 -9999 -9999 -9999 -9999 -9999 -9999 -9999 -9999 12.9128370695674 12.3777036374155 -1.93147050370821 0.105077783911575 16.964896458285 16.6563129451181 16.9281957144071 1.87471676753426 -0.959872617493872 16.5423805735468 18.5833306637813 19.7618132728839 20.58752284387 22.0671001850679 25.293335670264 27.0104960201173 28.2443727426432 29.0408131845553 29.9050528199865 30.1576133907852 30.5490308258823 30.8637882959632 30.8823101667054 30.9880677619923 34.2018410008248 33.9178389827786 33.6026870654504 31.5604736006993 29.6674126450634 28.4403387083965 27.2576257954823 12.7935310688302 -9999 -9999 -9999 -9999 -9999 -9999 -9999 -9999 -9999 -9999 -9999
12.3658130537292 -9999 -9999 -9999 -9999 -9999 -9999 -9999 -9999 -9999 -9999 -9999 -9999 -9999 -9999 14.2796253645485 -0.712971507199704 -1.17687576976909 -0.842510269859254 -0.0840853959827115 -1.05522595205527 15.0708065098301 18.060659477993 1.68401009841146 1.1901507115554 16.5188852375128 18.7096681154483 19.8216663551895 22.7183383069645 26.5516795553752 27.7822978006409 28.3334949540228 28.9556354456485 29.3724347036144 29.7244074139829 30.0870130501477 30.4016561876932 30.7607175152593 30.8470957457882 34.1676841558605 34.116137332255 34.0072984751378 33.880903857203 31.8706006030947 29.9069393068213 28.7739610468259 27.5827303600211 12.316192733346 -9999 -9999 -9999 -9999 -9999 -9999 -9999 -9999 -9999 -9999 -9999
-9999 -9999 -9999 -9999 -9999 -9999 -9999 -9999 -9999 -9999 -9999 -9999 -9999 15.1499246243582 0.713955701425633 1.21496087174703 1.88254854621226 18.0264740498948 17.1528019802894 16.8270685868057 18.5225057549243 19.7314579847232 20.5177799972484 20.9206878521577 21.233730334207 20.6745870696116 21.2292713653246 22.8028300506586 25.9380568376402 28.7741897118968 28.7572113303832 28.8184935693819 29.1757827426485 29.4646438934511 29.7840889974853 30.0317332692599 30.4359559483268 30.8270303858176 34.16061840517 34.1661120834982 34.1587147684548 34.0198121711423 33.593408980199 31.9038713709093 30.2331300304468 29.4368610873379 14.034439242286 -9999 -9999 -9999 -9999 -9999 -9999 -9999 -9999 -9999 -9999 -9999 -9999
-9999 -9999 -9999 -9999 -9999 -9999 -9999 -9999 -9999 -9999 -9999 12.6994353921587 0.0287036502340996 2.15951911332856 5.05699139285161 20.1783266995112 23.1122710578413 20.297918531587 18.3456904888581 17.5377596271338 18.1517825087429 19.3978356462937 20.7666247606451 22.7436057972979 23.5167224019791 24.4652822823013 25.4438544531778 26.4459219600883 28.787337953473 29.9350651105409 29.0456723173117 28.8966398573587 29.2101396695498 29.6580373771569 29.9936605349566 30.1815088906933 30.6240901354021 34.2010921227177 34.0646248084101 34.0579649382204 34.0951287288669 33.3934242258248 32.6497768321546 31.4987911978265 29.6375718533121 28.2368839615715 15.2706026155208 -9999 -9999 -9999 -9999 -9999 -9999 -9999 -9999 -9999 -9999 -9999 -9999
-9999 -9999 -9999 -9999 9.38659301136276 9.49572341644533 9.87021963629648 10.2156182258768 10.1542788206104 10.4772682332434 10.7497798314773 -2.28172822604495 1.24823163956162 19.976987104592 20.3589721055148 21.7466260882147 22.7393183272187 19.9681834993627 17.3682044770684 0.0488833427401971 0.475172201148077 17.0156601040227 20.13693832168 25.0532945120965 25.4148139891747 25.8672849981995 26.7148320834557 29.7182334570688 32.764509531474 31.7125358728416 28.6567701979945 29.0398985242717 29.3213280602704 29.639458340147 29.9500426726842 30.3055596916514 30.5614359059781 34.028981640485 33.7311568189035 33.5147767789465 33.2088457806019 32.4166527923816 31.0270551565791 29.7068002035243 28.2514041935731 27.6420117796495 27.3259966516786 -9999 -9999 -9999 -9999 -9999 -9999 -9999 -9999 -9999 -9999 -9999 -9999
-9999 -9999 9.55397584325472 9.54545806936404 -4.22858263960789 -4.17044454533394 -2.88568984453487 11.4381188611259 9.93424585614585 10.5520417114246 -3.20770743061662 -1.38976295076828 -1.44338490989213 1.0698157179992 0.378504042429057 4.46612084967019 20.380580954714 20.5349870438329 19.4985054437533 19.8021154916284 21.3073604870338 23.2329490490039 25.9763010707466 26.2692210265575 26.5148644789618 27.0014065835494 29.7692829341452 33.8355024073777 34.1687874648276 30.1865966885206 28.4663493602103 29.259988655004 29.4209116986433 29.8867596143152 30.2160944826655 30.2364456739747 33.8354509577367 33.7573389695205 32.8602630299094 31.3868596456256 30.3370011388989 29.3102949705999 28.5864556886956 28.2537480105497 27.4170625161608 26.9743097726488 -9999 -9999 -9999 -9999 -9999 -9999 -9999 -9999 -9999 -9999 -9999 -9999 -9999
-9999 9.57621352139883 9.63995390990959 -3.92177128074037 -2.3991477399473 13.6282729101165 14.6695564766847 14.9368087782882 12.8472673604895 -1.50861162136369 -0.553363287718035 11.4501809436154 -1.69726030484847 18.1043345065331 21.6701947882695 21.5878181964811 23.2315770585785 25.1862060845517 25.6013475207537 25.4181296327026 25.5327479994865 26.2388657383968 26.6203362429101 26.7983520005985 27.3297696253483 29.3981595240896 32.5814059759583 33.4184573344606 31.856937865109 28.3863165853986 28.5511841015107 29.128277574171 29.4133085850362 29.966792389127 33.7736256391947 33.576213366868 33.5538899393223 33.2424766959031 30.0277316305193 28.5917149853261 27.8442660348523 14.4971430132332 26.5819776772682 27.0074090416603 26.8492871451394 26.4824512051631 -9999 -9999 -9999 -9999 -9999 -9999 -9999 -9999 -9999 -9999 -9999 -9999 -9999
9.56712408483093 9.81814116640113 10.4922457953867 11.4339457235821 13.141502140458 14.5211528456767 14.910455128868 15.1918846648667 15.28643767168 -0.431884968807374 -2.69315385484494 -2.26017654311352 1.36285000634555 22.3098853240861 26.515436141639 26.8494014776748 26.8061837792765 26.9110267142798 27.1113373163801 27.1750205386231 27.2433913948194 27.4122605496721 27.3532649613824 27.1853676330809 27.7770956702782 32.0852027721256 32.409564175184 31.9866481265717 28.9845615771162 28.1136906546292 28.3294933152822 28.7384607945701 29.2155704649835 29.634713539926 33.5174521602759 33.3617712633868 32.9842966809873 31.0164222307827 28.4956184892843 27.5746699162722 26.5952974176476 29.1645781541749 28.7630422896909 26.5820348435359 28.9551781155067 26.6558936614336 -9999 -9999 -9999 -9999 -9999 -9999 -9999 -9999 -9999 -9999 -9999 -9999 -9999
9.33857334647573 10.125295522875 -3.14116589498744 11.4660159997745 12.9531392883118 13.6530830703081 13.6796653847991 14.6520635987616 18.8195416820113 20.408821090969 18.0986750460285 20.0270075888493 22.2690686089321 26.4159668358016 28.3531029838517 28.293878730491 27.8445518661909 27.9384760440592 28.2687827389608 28.6023479111225 28.726741709687 28.7500655469178 28.4805837608732 27.8910280418494 29.919172888114 32.6264529949237 32.7127168929172 31.7572970604684 28.0453769647006 27.8970304999603 28.1258670696541 28.529060755902 28.7954555634896 33.1627126025497 33.352853325622 32.2615035417823 30.0963883180542 29.1213032895088 27.7892149190354 27.167417425016 -9999 -9999 -9999 -9999 26.651892022693 -9999 -9999 -9999 -9999 -9999 -9999 -9999 -9999 -9999 -9999 -9999 -9999 -9999 -9999
9.11488174087696 10.2148178981287 9.80339226932869 -3.04055326379555 11.4383475261968 -3.265959857426 -3.32872841938548 -0.974049851889092 21.4974383272116 23.0882040591301 23.5002013506073 24.8208564675362 26.175125349886 28.1864061471724 29.372320371079 29.660895690543 29.5113487341805 29.2522712088614 29.4034188207201 29.723149756093 30.3995982020552 30.2748614058844 29.8826436430392 30.1852246980952 31.7370030354269 32.3224999494424 32.1684368579298 28.5543854125032 27.6152579663553 27.688487955308 28.0696726284827 28.0163365006975 28.3152017483516 32.8799853922737 32.619593042797 28.9941083438259 28.749836881847 28.3144585868712 27.0352490140412 -9999 -9999 -9999 -9999 -9999 -9999 -9999 -9999 -9999 -9999 -9999 -9999 -9999 -9999 -9999 -9999 -9999 -9999 -9999 -9999
8.96533478451448 8.98865862174532 -4.48177203935155 -4.13139998447937 -4.00174688928437 -3.47227291763708 14.1415116617305 18.4336122086156 20.5624840186075 21.7024365632651 23.1007806380291 25.5536136872053 26.8675803508106 28.7184526008672 30.7235022749718 31.2648668303054 31.0564957844563 30.3899942690778 30.359238817043 30.7333348730201 31.2182191558437 31.1324697542597 30.8784800267679 31.4633481118385 31.8622543280072 31.5218292037188 29.2424386108131 28.118263956047 27.4519339394717 27.4956661342795 27.6753968799995 27.7702928844192 27.8716486770914 31.4662064252246 29.5744031274786 28.4956184892843 28.389517896391 27.4906355027199 -9999 -9999 -9999 -9999 -9999 -9999 -9999 -9999 -9999 -9999 -9999 -9999 -9999 -9999 -9999 -9999 -9999 -9999 -9999 -9999 -9999
-9999 10.3082847458552 9.21223589480865 -4.43878300602411 -0.0406390325134893 18.3426606766688 18.8789374341751 19.2798444697141 20.1285348803248 20.8520311646228 22.8877791244944 27.0354205128444 28.3740258378382 30.1963721203012 31.549612009832 31.6700613359236 31.2510325935165 30.9199255708669 30.9602277896113 31.2214776331039 31.3223760956344 31.3359816673524 31.426132871551 31.7781055819195 31.579910131725 30.2527380602757 28.5103673863567 27.7986473532096 27.3279974710489 27.2635710873255 27.3486344936968 27.3880220521577 26.2457256905235 28.6612863331445 28.5192853241215 28.4470843279877 27.969860325039 -9999 -9999 -9999 -9999 -9999 -9999 -9999 -9999 -9999 -9999 -9999 -9999 -9999 -9999 -9999 -9999 -9999 -9999 -9999 -9999 -9999 -9999
-9999 8.91725795335972 -3.8348213875342 -1.30247005995578 16.8867501703081 18.1159964251485 18.6053396768545 19.0284272242699 19.9181058488377 20.7118023098991 24.6425548785092 27.9752911204726 29.4772204723501 31.2706977896131 32.7442155064324 32.7626802109068 31.2763000838499 31.068729365749 31.2466879571696 31.4338503176936 31.4424824241197 30.9062628328812 31.2548055671862 31.4909594191485 30.3215090803461 28.9523769683883 27.5037837442961 26.9296057512897 26.6638397726471 26.5185231200961 26.3758361158603 25.9182201427404 22.6731197891958 27.5065848914145 28.6141813285411 28.0687579681992 27.1162536154042 -9999 -9999 -9999 -9999 -9999 -9999 -9999 -9999 -9999 -9999 -9999 -9999 -9999 -9999 -9999 -9999 -9999 -9999 -9999 -9999 -9999 -9999
9.27597628331942 -4.38538971197115 -2.62992796274368 14.9050814997021 17.1861299143717 17.3666038215721 17.5657710983179 18.4494472647748 19.6724623964334 21.0025499475365 25.5970600506745 28.5679909842212 29.7579068468684 31.1419593547017 33.2164889105964 33.0496834580085 32.1939901796018 31.2478312825241 31.6637730464741 31.8730015863391 31.2309100672781 28.8408455800614 29.82187590045 29.6528352467941 28.6470519324816 27.4586795590629 26.1627774360579 25.61323810444 25.2437725161485 24.8408074949714 24.6952621773495 24.1397203876207 20.5679148140411 27.07795221603 27.5828446925566 27.1177971046327 26.3147253756648 -9999 -9999 -9999 -9999 -9999 -9999 -9999 -9999 -9999 -9999 -9999 -9999 -9999 -9999 -9999 -9999 -9999 -9999 -9999 -9999 -9999 -9999
10.3923191594075 12.9549114426112 14.2944314278886 -0.516205213698299 -1.01246558379872 14.4112792791137 16.4474274028595 18.2770338013232 19.728599671337 21.0913291613098 26.0823444973722 29.0846597118986 30.1851675318275 30.6325507430251 30.7979899218144 32.6939091908365 34.48308188814 33.091866446961 32.7115735675628 32.4981147238864 30.1620151933998 28.50350743423 29.1852723430905 27.9887823596552 26.7693687028631 25.6495386844439 24.5375976109704 23.9985197063457 23.3547703655208 23.0043411443809 22.5903430335334 21.0405655155721 19.2999098296848 19.0233394264426 25.9705844439744 25.9867053314721 26.6432027499992 -9999 -9999 -9999 -9999 -9999 -9999 -9999 -9999 -9999 -9999 -9999 -9999 -9999 -9999 -9999 -9999 -9999 -9999 -9999 -9999 -9999 -9999
-2.09176471840256 16.7990571156216 -1.82639890363397 -3.26527386221333 1.04214724442143 16.3804857033562 17.2208870051471 19.02716956638 20.2993476882801 22.1487907816436 27.573069260776 29.3493395314545 30.3423176017971 30.8655032839949 30.9428492442237 33.2672011066932 35.1524588667849 35.2768983983636 34.4374632064973 32.8939911278658 28.6895836356673 27.6898599457334 27.704151512664 26.0942922473262 24.9150664767431 23.8107856831445 22.8174646151956 22.2719269223182 21.8244293785852 21.1219702808092 20.4734761397633 19.3939483400886 18.0367068118172 17.4276002292322 17.6379720944516 27.646242083461 -9999 -9999 -9999 -9999 -9999 -9999 -9999 -9999 -9999 -9999 -9999 -9999 -9999 -9999 -9999 -9999 -9999 -9999 -9999 -9999 -9999 -9999 -9999
-2.50330467973799 -0.0637913709411677 -1.27068561510198 16.629330466753 21.9966713432336 16.5857126044806 17.0929488979838 20.2474978834556 22.7562967087323 25.9364561821439 28.1462754272311 29.400560507334 30.1231421313484 30.6201456629292 30.9839517907163 32.9732807411971 32.9140564878364 34.3892434596733 37.4004651787109 32.5617407798617 27.2374461029762 26.4616998499797 26.0123158194119 24.165216543025 22.5826255873909 21.8228858893567 21.1141385021312 20.9693363459897 20.4614712235415 19.6448510891233 19.1367573016043 18.7468261894681 17.1992209896802 -9999 -9999 -9999 -9999 -9999 -9999 -9999 -9999 -9999 -9999 -9999 -9999 -9999 -9999 -9999 -9999 -9999 -9999 -9999 -9999 -9999 -9999 -9999 -9999 -9999 -9999
17.7335540940839 19.3268923080499 20.8380254290307 22.5024784800437 22.2238500911635 19.3175170401434 21.0620028659681 23.4655014260996 26.2520711462407 27.5725547643665 28.6114945139581 29.5170081946851 30.1837383751344 30.2925829488784 31.7905106620153 32.3940721166311 32.6741868284722 33.0007891492253 33.215545667179 29.1102701998383 24.7547150957811 24.3131056776235 23.3682044384357 21.7954460808498 20.8111001169333 20.408821090969 19.9546350939124 19.6179829432937 18.9443356444499 18.4205782995748 17.8486297910096 16.8016295976691 -9999 -9999 -9999 -9999 -9999 -9999 -9999 -9999 -9999 -9999 -9999 -9999 -9999 -9999 -9999 -9999 -9999 -9999 -9999 -9999 -9999 -9999 -9999 -9999 -9999 -9999 -9999
22.7815641990657 22.7811068689239 21.7892721239358 21.3601821184095 21.209606169228 22.2638093123016 24.2888671801091 25.8457333152681 27.7657767492691 28.6580850221521 29.2889147864716 29.6795318938206 29.9401529083682 33.0092726233553 32.5878085979432 32.6049013119923 32.6177637222299 32.5661425824763 31.0962263405236 24.4272667142657 22.4567454658656 21.8044211848823 20.9046241309276 19.9307395940044 19.3976069812228 19.0662141272346 18.9258137737077 18.7304766368994 18.1658454106027 17.3927288059214 16.9197351067841 15.2509945856919 -9999 -9999 -9999 -9999 -9999 -9999 -9999 -9999 -9999 -9999 -9999 -9999 -9999 -9999 -9999 -9999 -9999 -9999 -9999 -9999 -9999 -9999 -9999 -9999 -9999 -9999 -9999
23.1104989035419 21.7777245378558 20.7635377821881 21.281749999094 22.9695268873378 25.4724947533068 26.6693277343484 28.1028862300296 29.452295979623 29.991716881854 30.2627421571272 30.1974582793879 30.3847349724473 31.9277668708174 32.2915729986044 32.4200256021772 32.4161954622398 31.4720373845323 27.028274729379 22.2518043960798 19.1626536208827 18.4247514371186 18.1046775041394 17.9076253792994 17.5736600432636 17.5280985278887 17.7487603212981 17.7312102771073 17.444349945675 16.508538143055 15.852440888402 15.5524323153935 -9999 -9999 -9999 -9999 -9999 -9999 -9999 -9999 -9999 -9999 -9999 -9999 -9999 -9999 -9999 -9999 -9999 -9999 -9999 -9999 -9999 -9999 -9999 -9999 -9999 -9999 -9999
