raw_data/Biomass/Epinephelus analogusGrid_biomas_Teorica.asc
NCOLS 96 
NROWS 96 
XLLCORNER 0 
YLLCORNER 0 
CELLSIZE 0.0104166666666667 
NODATA_value -9999 
[rows 48 to 71 of 96, columns 0 to 54 of 96]
4.39193995681969e-05 4.54305730843553e-05 5.15853060636615e-05 5.29282998031916e-05 7.23415185674113e-05 0.000165303717459043 0.000281571150603054 0.000211146997358432 0.000213213141573094 -9999 -9999 -9999 -9999 -9999 -9999 -9999 -9999 -9999 -9999 -9999 -9999 -9999 -9999 -9999 -9999 -9999 -9999 -9999 -9999 -9999 -9999 -9999 -9999 0.000196826895537194 0.00017865919243088 0.000141229414237062 0.000223607418957337 0.000196824639100119 4.07949487582533e-05 2.71360582144482e-05 2.48222324235624e-05 3.20630261741684e-05 2.53268845753014e-05 2.15660809030301e-05 1.99631080052191e-05 2.02647560348114e-05 2.36201155720579e-05 2.84326445648102e-05 3.24834756157395e-05 3.86509574645173e-05 4.67684522331829e-05 8.74686727156725e-05 0.000173413352305232 0.000174808582563039 0.000173828160654116
4.57527546913267e-05 5.14553352881634e-05 6.56297464889503e-05 6.76913778294626e-05 9.75049287507423e-05 0.000221979775680843 0.000249171722794259 0.000241962782413689 -9999 -9999 -9999 -9999 -9999 -9999 -9999 -9999 -9999 -9999 -9999 -9999 -9999 -9999 -9999 -9999 -9999 -9999 -9999 -9999 -9999 -9999 0.000204889145204816 0.000210111292741181 0.000261096616660787 0.000256524323001912 0.000243233532559547 0.000115055120244301 7.50372087258922e-05 3.95524792903977e-05 2.76912921639434e-05 2.10844068021676e-05 3.13149796766469e-05 6.21841670760036e-05 2.28473986958538e-05 2.02479831858901e-05 1.98088241202419e-05 2.03275978073396e-05 2.5220493567233e-05 3.07004014320892e-05 3.52726574836789e-05 4.0308460924965e-05 4.82819197937005e-05 0.000139463752226171 0.000176242924396807 0.00019071195106497 0.00019882948344092
4.5689687275091e-05 5.4393065930182e-05 7.90540427915639e-05 0.000109912324078393 0.000199291676968372 0.000254372810251261 0.000255023792347289 -9999 -9999 -9999 -9999 -9999 -9999 -9999 -9999 -9999 -9999 -9999 -9999 -9999 -9999 -9999 -9999 -9999 -9999 -9999 -9999 -9999 -9999 0.000203443145112829 0.000200201773255136 0.000242685218350414 0.000200589880431971 0.000246330116371619 0.000228827310056627 4.3770286684849e-05 3.30087365594268e-05 2.59413499980054e-05 2.1000354521138e-05 1.95478934976612e-05 2.11184790019944e-05 2.29296082199392e-05 2.0396381530831e-05 1.96585905398136e-05 1.96377260183303e-05 2.10107341316812e-05 2.70964577437886e-05 3.19017285306176e-05 3.63585678258404e-05 4.1546455125956e-05 8.85750790279285e-05 0.000152877518489103 0.00017812930579119 0.000218916662352045 0.000210486989514105
4.54663000047035e-05 5.31421724305811e-05 8.61151865437455e-05 0.00019813863762324 0.000316278161393496 0.000260857058258031 -9999 -9999 -9999 -9999 -9999 -9999 -9999 -9999 -9999 -9999 -9999 -9999 -9999 -9999 -9999 -9999 -9999 -9999 -9999 -9999 -9999 -9999 -9999 0.000199663613012839 0.000204309240876638 0.000203114457445626 0.000185366451635192 0.000232669270249016 7.15348423132342e-05 3.04329008168928e-05 2.40167219952071e-05 2.03857386692957e-05 1.95253103232727e-05 1.9373907156294e-05 1.95803786700788e-05 1.94800085882712e-05 1.93202904506726e-05 1.93063607124652e-05 1.97437033462683e-05 2.2538680496761e-05 2.7776322234372e-05 3.23712554785617e-05 3.68065081924373e-05 4.33097102706342e-05 0.000122285872849925 0.000150172802582324 0.000183358974784471 0.000199116050949397 -9999
4.49987286355574e-05 4.90438809865156e-05 7.24554686396797e-05 0.000116248775456776 0.000189401713270307 0.000234757602761578 -9999 -9999 -9999 -9999 -9999 -9999 -9999 -9999 -9999 -9999 -9999 -9999 -9999 -9999 -9999 -9999 -9999 -9999 -9999 -9999 -9999 -9999 -9999 0.000187191909228561 0.000187900806542838 0.000185374349164953 0.000226646463624006 8.90948117007829e-05 3.11158491048115e-05 2.46017785213719e-05 2.07099134623496e-05 1.91020741819144e-05 1.88962871207089e-05 1.89063658729756e-05 1.88054918535546e-05 1.87674332815627e-05 1.8711078765624e-05 1.88392744772902e-05 2.03972841056609e-05 2.42410870549937e-05 2.83305783944682e-05 3.26846745882266e-05 3.63982811183537e-05 4.48770690699507e-05 0.000120995942988933 0.000141391125560743 0.000190200491994723 0.000190419742463807 -9999
4.39389553561769e-05 4.78024645226281e-05 7.21196355884069e-05 0.000123558503360011 0.000150448463978273 -9999 -9999 -9999 -9999 -9999 -9999 -9999 -9999 -9999 -9999 -9999 -9999 -9999 -9999 -9999 -9999 -9999 -9999 -9999 -9999 -9999 -9999 -9999 0.000175764559736987 0.000178354573425807 0.000180495556136776 0.00022740274611685 7.56423099347365e-05 3.36134616954253e-05 2.5341062521587e-05 2.0660798348692e-05 1.88235433501516e-05 1.84503813082076e-05 1.82636460973689e-05 1.80646321081158e-05 1.81408395095826e-05 1.8229671676482e-05 1.82187166744847e-05 1.83317604111948e-05 2.22056303845469e-05 2.5896221256513e-05 2.93589119839422e-05 3.30175742713024e-05 3.59580502450951e-05 5.878898142439e-05 0.000118832019834371 0.000145762596319976 0.000251115267261199 -9999 -9999
4.3445585389811e-05 4.91695269242874e-05 0.000107759683109205 0.000144441828485632 -9999 -9999 -9999 -9999 -9999 -9999 -9999 -9999 -9999 -9999 -9999 -9999 -9999 -9999 -9999 -9999 -9999 -9999 -9999 -9999 -9999 -9999 0.000176595680726139 0.00017451336537911 0.000230448936167588 0.000246030762386386 0.000228485835912668 4.84070016222037e-05 3.62216020954109e-05 2.90619648649221e-05 2.25730159475799e-05 1.83798413245265e-05 1.82112704321385e-05 1.81759233453645e-05 1.81039956528825e-05 1.79602342861299e-05 1.78375743667535e-05 1.79112620801538e-05 1.79626373916144e-05 1.95939849856388e-05 2.49994003412047e-05 2.80734949970996e-05 3.1373383789595e-05 3.42023917719014e-05 3.58641448555063e-05 6.40367019142676e-05 0.000120722914102904 0.000210419296401867 -9999 -9999 -9999
4.5437718468425e-05 6.30589125152651e-05 0.000140965035026486 -9999 -9999 -9999 -9999 -9999 -9999 -9999 -9999 -9999 -9999 -9999 -9999 -9999 -9999 -9999 -9999 -9999 0.000199175470459029 0.000197994225650465 0.000256968841105613 0.00018265308605296 0.000184771128320338 0.000178396693584533 0.00023377943728973 0.000233014505121433 0.000171937266385584 4.90044685522789e-05 4.04286161991886e-05 3.83144098748376e-05 3.00652896101524e-05 2.59042692154124e-05 2.02981513035158e-05 1.82698061705826e-05 1.8047855498466e-05 1.81466084670368e-05 1.81728207443869e-05 1.80739248681347e-05 1.7923728894991e-05 1.77993804085371e-05 1.79384521469029e-05 2.24726797123284e-05 2.72367329152609e-05 3.03427937630463e-05 3.41898309388527e-05 0.0002031701162268 3.67517143788086e-05 9.03670661380236e-05 0.000216752363124637 0.000210972499557995 -9999 -9999 -9999
5.18082420466341e-05 0.000103990681048895 0.00016494832861979 -9999 -9999 -9999 -9999 -9999 -9999 -9999 -9999 -9999 -9999 -9999 -9999 -9999 -9999 -9999 -9999 0.000199057759658303 0.000255502533079955 0.000253458201090348 0.000134200612749617 9.05393075013864e-05 0.000173702552323629 0.000188440095003672 4.98950466583473e-05 4.68994007980801e-05 4.44678265991836e-05 4.13274303005794e-05 3.49290397244986e-05 2.98549520675131e-05 2.46698100991717e-05 2.22025841944962e-05 1.8935488954152e-05 1.8673159340585e-05 1.87930776889158e-05 1.84914484629658e-05 1.83475404278033e-05 1.8283999159782e-05 1.82754134167131e-05 1.83344718964128e-05 1.90107975415175e-05 2.43041920785139e-05 2.93579718018278e-05 3.33331369961882e-05 3.39795686107826e-05 3.85560366782449e-05 9.09255343139924e-05 0.000192722436498458 -9999 -9999 -9999 -9999 -9999
8.34492061400804e-05 0.000133656059268942 -9999 -9999 -9999 -9999 -9999 -9999 -9999 -9999 -9999 -9999 -9999 -9999 -9999 -9999 -9999 0.000198842269917676 0.00025725804112401 0.000255206563750333 0.000256274234559475 0.00025137663788901 0.000241489306700865 0.000211218827271974 8.59707745709697e-05 7.64486101160679e-05 4.60597805626135e-05 4.07297001195122e-05 3.83024507583421e-05 3.82901531762854e-05 2.86640421868126e-05 2.53018381237731e-05 2.21679478854008e-05 2.05440277300804e-05 1.8885211775401e-05 1.87936643625552e-05 1.87615552629833e-05 1.86054887927171e-05 1.85282246265536e-05 1.8547043311756e-05 1.87028954205001e-05 1.91331979706303e-05 2.01664129856425e-05 2.50275305900683e-05 3.10317968237819e-05 3.59908437972463e-05 3.9888086697963e-05 0.000108951834030296 0.000218651530995777 -9999 -9999 -9999 -9999 -9999 -9999
0.000119519857069285 0.000158961624987974 -9999 -9999 -9999 -9999 -9999 -9999 -9999 -9999 -9999 -9999 -9999 -9999 -9999 -9999 0.000191866118628639 0.000192758163418806 0.000258824760599489 0.000217006964441224 6.07957061294199e-05 6.13850122787418e-05 5.85016617702216e-05 0.000107142547569296 0.000235926437166232 5.54708907061594e-05 4.34579205791522e-05 3.86157194388686e-05 3.52934919193346e-05 3.05745674578945e-05 2.41837735532983e-05 2.20523806998956e-05 2.05478260658227e-05 1.98871713762012e-05 1.90710105648538e-05 1.88386577178231e-05 1.87099091790737e-05 1.85997536818191e-05 1.86102310713023e-05 1.87358318803326e-05 1.89299945298753e-05 1.93159656129462e-05 1.98270937390894e-05 2.46306233086425e-05 3.09926476405372e-05 3.63641713112424e-05 4.38551287188547e-05 0.000210964978101079 -9999 -9999 -9999 -9999 -9999 -9999 -9999
0.000139705567066001 -9999 -9999 -9999 -9999 -9999 -9999 -9999 -9999 -9999 -9999 -9999 -9999 -9999 -9999 0.000185295373867342 0.000247269170267507 0.000244012379423137 0.000253525142056895 0.000219250991111935 0.000250732801177051 0.000129999126916672 5.00354346516733e-05 9.00741053911686e-05 0.000146354158906373 5.92289866539412e-05 4.36214370524931e-05 3.86218494262547e-05 2.94919289494912e-05 2.23878752856072e-05 2.09073140990944e-05 2.03932977334957e-05 2.00940189628318e-05 1.97431354762712e-05 1.93503612354203e-05 1.90858503993479e-05 1.89354287824967e-05 1.88452314711672e-05 1.89606369453487e-05 1.90456331692212e-05 1.91912184892758e-05 1.93960728898237e-05 1.96103253507875e-05 2.40764799704e-05 3.08459416234022e-05 3.61977214697045e-05 5.44114934996247e-05 0.000197670050857411 -9999 -9999 -9999 -9999 -9999 -9999 -9999
-9999 -9999 -9999 -9999 -9999 -9999 -9999 -9999 -9999 -9999 -9999 -9999 -9999 0.000193113176185213 0.000244530607804608 0.00023963413935268 0.000253927163929023 5.95178105994927e-05 5.88036482653751e-05 5.91691910714637e-05 4.88864568932761e-05 4.36545314629209e-05 4.03186148918008e-05 3.81489378226987e-05 3.65488606858001e-05 3.85229798751017e-05 3.56470756089277e-05 3.03825070555596e-05 2.37760729811988e-05 1.99432551196909e-05 1.99661353916276e-05 2.01039848932447e-05 2.00036373758078e-05 1.97804795098562e-05 1.95507967800305e-05 1.93561339536029e-05 1.92430375666944e-05 1.92302097219252e-05 1.93750579392021e-05 1.93991942944436e-05 1.95094438099096e-05 1.97834429638809e-05 2.05779495007689e-05 2.50527650780195e-05 3.12900460469723e-05 3.61998650849254e-05 0.000178132314373956 -9999 -9999 -9999 -9999 -9999 -9999 -9999 -9999
-9999 -9999 -9999 -9999 -9999 -9999 -9999 -9999 -9999 -9999 -9999 0.000194515175754244 0.000251382655054542 0.000251178823572134 8.80632438848352e-05 5.57736293470044e-05 4.69082009026711e-05 5.02522406472599e-05 5.22458028026878e-05 5.56833718640196e-05 5.20634826870584e-05 4.55630259406356e-05 4.06376374868676e-05 3.33058717148698e-05 3.09504898745264e-05 2.86904801078702e-05 2.58387949329638e-05 2.35386581936641e-05 2.02703595202134e-05 1.907397025815e-05 1.9903150711418e-05 2.00910855946347e-05 1.9955736977442e-05 1.9845807123895e-05 1.97174497009051e-05 1.96148645500359e-05 1.9556223511195e-05 1.96175835567108e-05 1.98531405443875e-05 2.0054080026611e-05 2.01520470029341e-05 2.15638244659555e-05 2.3637001242833e-05 2.8226030143344e-05 3.76140870214443e-05 5.12700441970524e-05 0.000204658988623204 -9999 -9999 -9999 -9999 -9999 -9999 -9999 -9999
-9999 -9999 -9999 -9999 0.000214400779620036 0.000212676109549334 0.000210162814721051 0.000205119677859273 0.000204777827642468 0.000200719249490916 0.000197933677922296 0.000252265298023565 0.000209819084140017 5.27225503492707e-05 4.8533850993082e-05 4.2494685199281e-05 4.01543462727683e-05 4.80489426657459e-05 5.76017194502935e-05 0.000229575318946864 0.000223103481344005 6.25406841337937e-05 4.24377477704314e-05 2.74751630994792e-05 2.69078572116348e-05 2.57515836400297e-05 2.38842315316423e-05 1.96381434591891e-05 1.74192873440456e-05 1.79250376284943e-05 2.03850241308887e-05 2.00511466584139e-05 1.99346957017212e-05 1.98948959124533e-05 1.98698419394681e-05 1.98441524033736e-05 1.98787811910121e-05 2.01403887447152e-05 2.10873401703646e-05 2.17672798755172e-05 2.28789888148985e-05 2.54728760540294e-05 3.12214503599038e-05 3.9095625997356e-05 5.87081257625494e-05 0.000122988000852978 0.000175558847890351 -9999 -9999 -9999 -9999 -9999 -9999 -9999 -9999
-9999 -9999 0.00021311122583189 0.000210686684195209 0.000270338230772744 0.000267961450387476 0.000269122011189523 0.000195087558625507 0.000206244511740972 0.000199055503221228 0.000255355488597258 0.000243253464420373 0.000242994350229637 0.000182649325324502 0.000228925841142219 7.57415931660199e-05 4.55209809964785e-05 4.36282439710016e-05 4.61541748469018e-05 4.39846858142226e-05 3.79783135725727e-05 3.1665629998043e-05 2.52901046509851e-05 2.48615696432299e-05 2.46550304363329e-05 2.38637355615478e-05 1.98394740571722e-05 1.70580430505841e-05 1.69182718167252e-05 1.90509545999889e-05 2.0693253435282e-05 1.9972013410207e-05 1.99656276932858e-05 1.99449136009408e-05 2.00211360453215e-05 2.01377562347948e-05 2.0440306839217e-05 2.12782347468776e-05 2.41238651489671e-05 3.05571928924199e-05 3.89306804472012e-05 4.66339309762509e-05 6.07648681560668e-05 0.000112236078192407 0.000132641038658208 0.000161237993923421 -9999 -9999 -9999 -9999 -9999 -9999 -9999 -9999 -9999
-9999 0.000211973981546281 0.000212857376660995 0.000263316950742214 0.000238284037836365 7.87381416011169e-05 6.57846885014076e-05 6.34977895262789e-05 0.000146009300106802 0.000218477033195339 0.000169315662577719 0.000188951930146765 0.000245923205552496 5.22869075647304e-05 3.71688167720523e-05 3.87799128433319e-05 3.47875987272045e-05 2.79994086464829e-05 2.63455906999238e-05 2.60845585376747e-05 2.60055456327784e-05 2.48470532313832e-05 2.40149168455475e-05 2.37797961023719e-05 2.32020729966997e-05 2.0434703353815e-05 1.76416554570211e-05 1.72129662593992e-05 1.79877703398972e-05 2.09768499682773e-05 2.07593294342838e-05 2.01092123058009e-05 2.01466691612396e-05 2.02098870066136e-05 2.04204878002449e-05 2.0963988276952e-05 2.15409592369327e-05 2.31913549205953e-05 3.84366711569975e-05 5.90417023767476e-05 0.000168760955130208 0.00024770729513283 0.000190327980689439 0.000163493678852351 0.000179934079378041 0.000178679876437398 -9999 -9999 -9999 -9999 -9999 -9999 -9999 -9999 -9999
0.000210211704191002 0.000205238892951382 0.000220655999263732 0.000188061765720827 0.000102399140765596 6.64018240413165e-05 6.35444225591544e-05 6.15997498736766e-05 6.11454538759862e-05 0.000140871016815043 0.000255014390526145 0.000260136126612689 8.97217251346819e-05 3.37233501809593e-05 2.4138005487968e-05 2.39403792075158e-05 2.46900428182741e-05 2.42438323867678e-05 2.36182728151136e-05 2.31625477406093e-05 2.29401382596207e-05 2.27104329654243e-05 2.27560506016162e-05 2.30589396715996e-05 2.22869373338025e-05 1.80210377438341e-05 1.77101872117058e-05 1.79144699815282e-05 2.03508767164928e-05 2.15483678719943e-05 2.12275401272678e-05 2.08498501682607e-05 2.0732289796673e-05 2.08567323013383e-05 2.11130259457307e-05 2.18974386874382e-05 2.35503164518829e-05 3.25691826172905e-05 8.23104575630882e-05 0.000159192909788122 0.000221435222200168 0.000199208564869457 0.000182949807528273 0.000175745380021853 0.00016444777566207 0.00016819797408009 -9999 -9999 -9999 -9999 -9999 -9999 -9999 -9999 -9999
0.000205408501804824 0.000196868639623074 0.000274418621149351 0.000184495842997234 0.000114620380034591 7.64527469173713e-05 8.65469181706897e-05 6.29393213503101e-05 4.26990431836725e-05 3.65836474240339e-05 4.45635747457167e-05 3.74529021997471e-05 3.17755184835771e-05 2.37669344110466e-05 2.12476224172319e-05 2.15699920606261e-05 2.25568072079272e-05 2.23410542163088e-05 2.1714215996979e-05 2.10877914577795e-05 2.08426295696219e-05 2.09003567514477e-05 2.12839510541333e-05 2.20392181502936e-05 1.96769090481311e-05 1.76994428105021e-05 1.75776854659556e-05 1.81021829817659e-05 2.15965804108221e-05 2.20355702436896e-05 2.18101145726504e-05 2.15816127115604e-05 2.15224188456362e-05 2.17053782851034e-05 2.21105967764208e-05 2.58904673419727e-05 3.69664895810279e-05 5.23277114684965e-05 0.000139531821411256 0.000155837587858161 -9999 -9999 -9999 -9999 0.000177944654023917 -9999 -9999 -9999 -9999 -9999 -9999 -9999 -9999 -9999 -9999
0.0002070688634189 0.000204064417454042 0.000231592949764421 0.00025990672217677 0.000188107270535166 0.000263576441005795 0.000255812041032023 0.000138645793786621 3.28433773291416e-05 2.85743488130964e-05 2.74279659573351e-05 2.49563023930795e-05 2.3414629369129e-05 2.12001244168111e-05 1.99908245739524e-05 1.99234812094603e-05 2.04346281392458e-05 2.05871632854902e-05 2.02282769687717e-05 1.96830992071725e-05 1.91050188322968e-05 1.92936419288213e-05 1.96810270457923e-05 1.9357909017435e-05 1.81771004533718e-05 1.78375818882105e-05 1.79584404186556e-05 2.12987683242566e-05 2.25040817949502e-05 2.2831641243616e-05 2.27956886795604e-05 2.25251794815979e-05 2.26825283602682e-05 2.30280264836773e-05 2.51624279198461e-05 4.43702733029908e-05 6.72239192821702e-05 0.000127019125686789 0.000163188683774431 -9999 -9999 -9999 -9999 -9999 -9999 -9999 -9999 -9999 -9999 -9999 -9999 -9999 -9999 -9999 -9999
0.000199351096478004 0.000209034972256587 0.000267209680768781 0.000266701606354146 0.000263314318232293 0.000255180990796821 6.46504527985646e-05 4.21947294974946e-05 3.47373553950096e-05 3.12770339265086e-05 2.78134030169649e-05 2.34881140031925e-05 2.23010400655188e-05 2.05046152958437e-05 1.88343554444675e-05 1.85379348274314e-05 1.88168342105831e-05 1.93990363438484e-05 1.93087863823205e-05 1.88835720977934e-05 1.85271452974863e-05 1.86141873576398e-05 1.88224226530712e-05 1.84337363240539e-05 1.81638551677438e-05 1.83935153331987e-05 2.07127340086929e-05 2.23832871968888e-05 2.325983778581e-05 2.36434320884956e-05 2.37935603685271e-05 2.37063866828776e-05 2.40472215029991e-05 2.83293749613617e-05 4.01990237268458e-05 8.05519409362667e-05 0.000104123810836298 0.000170479231962532 -9999 -9999 -9999 -9999 -9999 -9999 -9999 -9999 -9999 -9999 -9999 -9999 -9999 -9999 -9999 -9999 -9999
-9999 0.000184539091374498 0.000205873703915042 0.000264642607523554 9.31861081899171e-05 4.35912384029778e-05 4.08674932102024e-05 3.86251964745821e-05 3.51765708715846e-05 3.26325508918028e-05 2.76688030077663e-05 2.14227595415071e-05 2.03317346086431e-05 1.90554975599658e-05 1.82284644826471e-05 1.81977280489623e-05 1.86724410414496e-05 1.89661727376384e-05 1.88823649039585e-05 1.86345140949537e-05 1.85330421197079e-05 1.86175456881525e-05 1.86229460942178e-05 1.83632865978557e-05 1.8527126493844e-05 1.97619541614736e-05 2.20106742212997e-05 2.33912376381221e-05 2.43102468513308e-05 2.46765794103956e-05 2.50386623463031e-05 2.52725796563722e-05 2.86799500681887e-05 4.61085196034253e-05 9.37250205779058e-05 9.84526323220832e-05 0.000134741029428989 -9999 -9999 -9999 -9999 -9999 -9999 -9999 -9999 -9999 -9999 -9999 -9999 -9999 -9999 -9999 -9999 -9999 -9999
-9999 0.000206948896181099 0.000258240719470008 0.000134777508495028 4.89494114876581e-05 4.33899642159216e-05 4.17168161250899e-05 3.9090022511954e-05 3.52863841425495e-05 3.23698264017477e-05 2.40936288921672e-05 2.01476469506386e-05 1.92253320571156e-05 1.82201231869279e-05 1.74768528145477e-05 1.75705400818859e-05 1.86815796116018e-05 1.88899051645162e-05 1.87045012515515e-05 1.84736263708047e-05 1.84959425334727e-05 1.90853276580922e-05 1.89772819295025e-05 1.87085553168289e-05 1.98315539630403e-05 2.17478369093909e-05 2.41072051218995e-05 2.54386910323489e-05 2.63312999317845e-05 2.67067710610015e-05 2.76014107538043e-05 2.90759923820693e-05 4.19343366590834e-05 0.000135936188932847 0.00012991488659922 0.000131953201423294 0.000180147312681593 -9999 -9999 -9999 -9999 -9999 -9999 -9999 -9999 -9999 -9999 -9999 -9999 -9999 -9999 -9999 -9999 -9999 -9999
0.000211732542779296 0.000263870153898342 0.000233507536622238 5.93685096797219e-05 4.75566257033481e-05 4.62548871549991e-05 4.47698883089062e-05 4.00865027313914e-05 3.52284313170163e-05 3.11338253868393e-05 2.27284844620213e-05 1.96907635717693e-05 1.89935132335259e-05 1.8238471781073e-05 1.73015765433195e-05 1.74568382176958e-05 1.80239673513026e-05 1.87812088299032e-05 1.84396707535601e-05 1.82371555261129e-05 1.87393857687251e-05 2.14896629007696e-05 2.0361444363459e-05 2.07133733325307e-05 2.21715205774356e-05 2.42554154304175e-05 2.68946946620329e-05 2.84040630285317e-05 2.94507489728793e-05 3.07163093134653e-05 3.1680033588036e-05 3.4159933147614e-05 8.30193548773651e-05 0.000140564141372895 0.000148800136695263 0.000172329886436568 0.000219621046792172 -9999 -9999 -9999 -9999 -9999 -9999 -9999 -9999 -9999 -9999 -9999 -9999 -9999 -9999 -9999 -9999 -9999 -9999
