raw_data/Biomass/Epinephelus labriformisGrid_biomas_Teorica.asc
NCOLS 96 
NROWS 96 
XLLCORNER 0 
YLLCORNER 0 
CELLSIZE 0.0104166666666667 
NODATA_value -9999 
[rows 26 to 51 of 96, columns 0 to 58 of 96]
38.6624514697363 38.4997084807978 38.5104888955649 38.5691449162244 38.6636529903513 38.6642953677017 38.663574558232 38.6779149451553 38.6783164810197 38.6348769775026 38.6343041715001 38.6381825597675 38.6791361309664 38.6796885286114 38.6798704316753 38.6797451232164 38.6795042245642 38.6795515582339 38.6788832845642 38.6080648546154 38.3748470621633 38.2675762757698 38.1717536061504 38.0155456362728 37.8637005959479 37.3586023208576 37.00974517208 36.6169328800505 35.9497739525932 35.964665765335 35.946818456552 35.822310325452 35.8635443543604 35.6735179638235 35.7060570034112 -9999 -9999 -9999 -9999 -9999 -9999 -9999 -9999 -9999 -9999 -9999 -9999 -9999 -9999 -9999 -9999 -9999 -9999 -9999 -9999 -9999 -9999 -9999 -9999
38.6668337786536 38.5546418341032 38.5729664812217 38.6643808884382 38.6765988061735 38.6762107043819 38.6758037948883 38.6766008069929 38.6786469020472 38.6789435949767 38.6792541793092 38.6790080213604 38.6793709699942 38.6797055641591 38.6797824527892 38.6795977485782 38.6796636041186 38.4733565463657 38.3800251826936 38.2967024891745 38.2190198196288 38.1498389174189 38.0770050907015 37.8921465307667 37.3761580816752 37.0623381383849 36.6488773904539 35.9357567837476 35.7772690231133 35.7439753887916 35.7172158588707 35.6442431181227 35.4570921908522 29.9611900948901 -9999 -9999 -9999 -9999 -9999 -9999 -9999 -9999 -9999 -9999 -9999 -9999 -9999 -9999 -9999 -9999 -9999 -9999 -9999 -9999 -9999 -9999 -9999 -9999 -9999
38.6186331825293 38.6621698115352 38.6645252904305 38.6660428261734 38.6782509684769 38.677164123395 38.67642639271 38.6771780147981 38.6782579999279 38.6787747258218 38.6790113941702 38.6791680297437 38.6793434158531 38.6795871156524 38.6799425755051 38.6796625751258 38.4656796882732 38.3498934146397 38.2929655302534 38.1439982398456 37.9049117583492 37.9051004070326 37.9690065777198 37.3871511549583 36.9956937034738 36.6739505154771 35.9101520124346 35.7603992575084 35.6889471394818 35.6490279347311 35.5727509837087 35.524674152554 35.4330652085284 -9999 -9999 -9999 -9999 -9999 -9999 -9999 -9999 -9999 -9999 -9999 -9999 -9999 -9999 -9999 -9999 -9999 -9999 -9999 -9999 -9999 -9999 -9999 -9999 -9999 -9999
38.6114370927483 38.665324417687 38.6775031765289 38.6777315557684 38.6784949541076 38.6780934182431 38.6774613308209 38.6781150842586 38.6786420429144 38.6789501690975 38.6793445591785 38.6792576664515 38.6795376096646 38.6796686919165 38.6312737876481 38.4418264914032 38.3351759590145 38.2089602714976 37.9973438966299 37.6682719931112 37.5664017040294 37.7395583289614 37.4767764294938 37.1604354537969 36.5821014731271 35.9106836587245 35.7243273425754 35.6634967170917 35.6051356743736 35.5556354031526 35.4797243162436 35.3602010836891 35.0066677342118 -9999 -9999 -9999 -9999 -9999 -9999 -9999 -9999 -9999 -9999 -9999 -9999 -9999 -9999 -9999 -9999 -9999 -9999 -9999 -9999 -9999 -9999 -9999 -9999 34.8755683324435 35.6146481413227
38.6430251143062 38.6764174747723 38.6636902627578 38.6773851853523 38.6774103956763 38.6779949779301 38.6779238059268 38.6782422792042 38.6791305286721 38.6793238649896 38.6794092142273 38.6790968577404 38.6377906278359 38.6114599592554 38.3694751479854 38.2904759392941 38.1818606022837 37.8483914694518 37.5391448275793 37.4416020249641 37.4347820892248 36.9958937854108 36.7915701113165 36.729453244809 36.1083874790165 35.8166680148278 35.6638111315642 35.5827036309192 35.5057063849236 35.4560460481529 35.339369695731 35.2992332591629 35.1331423849215 -9999 -9999 -9999 -9999 -9999 -9999 -9999 -9999 -9999 -9999 -9999 -9999 -9999 -9999 -9999 -9999 -9999 -9999 -9999 -9999 -9999 -9999 -9999 -9999 34.3515880391243 31.8854638327026
38.6051316534185 38.6629014825958 38.676585029103 38.6767139962029 38.6766327057702 38.6768307868879 38.6777392732145 38.6784589393589 38.6787715816771 38.6793424440266 38.67887768227 38.6122042640612 38.4462500171996 38.3635052746471 38.2548590678522 38.1739407875534 37.9759351293678 37.4868262593595 37.39338227814 37.3087018857624 37.1663978955204 36.5189498971739 36.3500978922015 36.2822300991611 35.8388999763451 35.7565119513032 35.6422365821256 35.5443736484112 35.4148806187658 35.350288452866 35.3082483795827 35.2541405071832 35.0394811718847 -9999 -9999 -9999 -9999 -9999 -9999 -9999 -9999 -9999 -9999 -9999 -9999 -9999 -9999 -9999 -9999 -9999 -9999 -9999 -9999 -9999 -9999 -9999 34.1894702204896 27.1097366608838 19.8819196013692
38.6044285083255 38.6046708933007 38.6763786588765 38.6762284830912 38.6764143877938 38.6769096191711 38.6780520298653 38.6784206379595 38.6793093447576 38.6788252036362 38.6061177715367 38.372431787352 38.3075572200896 38.243299476856 38.1444721482051 38.0537441363651 37.7479446204363 37.3876427848607 37.2637863492128 37.1773338025358 36.9735646412383 36.246512615088 36.1159848759969 35.930148772884 35.7668190293736 35.7178332545621 35.6154770522046 35.5041228793077 35.380209277392 35.3032234646499 35.2061379921765 35.136418012062 34.9344896045852 -9999 -9999 -9999 -9999 -9999 -9999 -9999 -9999 -9999 -9999 -9999 -9999 -9999 -9999 -9999 -9999 -9999 -9999 -9999 -9999 -9999 -9999 33.4783218500197 33.4825521538312 33.8257212589704 32.2320629139051
38.6415821233764 38.6415765782484 38.6450262195079 38.6759566574882 38.6762347713806 38.6767222281455 38.6776670722184 38.6782774364589 38.6780563173353 38.6031759953997 38.3407199436582 38.231139068386 38.1828787335119 38.1112534016941 37.9032825197191 37.7912480682362 37.6152788629323 37.1770251046901 36.9950534412753 36.916289757607 36.5862403109102 35.9115754525009 35.9330928356717 35.8419126386541 35.7398765673959 35.6370001520022 35.5661768629206 35.4473739253394 35.3389809651104 35.2232135563453 35.0776396555895 35.0261728647588 28.6517967327026 28.5497549448176 28.7165089477646 -9999 -9999 -9999 -9999 -9999 -9999 -9999 -9999 -9999 -9999 -9999 -9999 -9999 -9999 -9999 -9999 -9999 -9999 -9999 24.9787496989862 25.0301993399366 12.0637464950827 24.9166099659717 32.1875875576169
38.6406248170571 38.6398551875947 38.6436729224521 38.6444441525699 38.6766136122368 38.6760306306386 38.6763168621411 38.6309342200178 38.407258620974 38.2659493237904 38.1307836853989 38.0126644563796 37.9820119036267 37.8194653379841 37.6326516916932 37.4616388018009 37.0398260621557 36.6784666506272 36.5911451766808 36.4898179671424 36.4686435815779 35.8461715255994 35.8442907553914 35.7651897907435 35.6672182411204 35.5673945044231 35.4322877472874 35.3248037307152 35.2959633486491 35.1723184281918 35.0134648034441 34.9494271503412 28.8531934938895 28.4720659869825 28.6229849337704 -9999 -9999 -9999 -9999 -9999 -9999 -9999 -9999 -9999 -9999 -9999 -9999 -9999 -9999 -9999 -9999 -9999 24.9730330722139 24.979607193002 11.3404788758556 24.2467928070652 28.1184926211179 30.7585451970858 31.143960174072
38.6377788515848 38.6379497787253 38.6428278906826 38.6429765229787 38.4843044582972 38.6186514757349 38.5947474008867 38.3739747049178 38.133225828356 38.010394955551 37.8894711494373 37.8271656342463 37.8216833891717 37.6596456033119 37.3337864440391 36.8808238051119 36.4749147211471 36.4959461910423 36.5074537607349 36.4990103029922 36.4692152442552 35.8540204541578 35.8169424129128 35.6978936603804 35.5905639927311 35.4718753876853 35.3469556594578 35.2414381624953 35.1383902482984 34.9895921700431 34.9150988065737 34.5925038411879 -9999 -9999 -9999 -9999 -9999 -9999 -9999 -9999 -9999 -9999 -9999 -9999 -9999 -9999 -9999 -9999 -9999 -9999 -9999 25.4910737903167 24.7895293528242 24.9000317483321 26.2330347790891 27.2768336614372 30.2942979369101 28.7584689882731 12.1692754252987
38.4700020297757 38.6427604344867 38.6404106150519 38.4711464984555 38.4148754544854 37.7309147892817 37.4455007644228 38.0465869196462 37.893644286981 37.8422060792842 37.8041847946218 37.7680099804069 36.5154513215893 37.578989716182 36.7405892337614 36.4152102711376 36.4740057774903 36.5000107126774 36.4875370330603 36.4896922013534 36.4559183703829 35.7974887320068 35.6866147557587 35.5561727660692 35.4502322387255 35.3933003527005 35.2512936270507 35.1071888993754 34.9781646331253 34.7214080582758 34.6867424335287 -9999 -9999 -9999 -9999 -9999 -9999 -9999 -9999 -9999 -9999 -9999 -9999 -9999 -9999 -9999 -9999 -9999 -9999 -9999 -9999 25.0755321902407 24.137605235715 25.289219698988 20.279167995774 23.1520016139086 4.35921992902881 1.19483834550865 25.2737848067028
38.4695595628635 38.2562687880142 38.219988216204 37.0507734024246 36.2394754475313 35.4610480965786 34.6833810569867 33.7953030879151 36.7450081862564 36.7360730986113 36.4448338310715 36.3327993795886 36.2475587577873 37.1067620450321 36.4363160571808 36.4707530168569 36.4966093197479 36.462944104686 36.443764821865 36.4183029662214 35.7235441647076 35.6600324412677 35.5493528303298 35.4697659524063 35.3872864613361 35.283866966399 31.8400166498631 31.5518986605409 31.1908365136046 30.7328203766106 -9999 -9999 -9999 -9999 -9999 -9999 -9999 -9999 -9999 -9999 -9999 -9999 -9999 -9999 -9999 -9999 -9999 -9999 -9999 25.7463211756984 12.9044907944799 11.1677795810654 9.70432312736531 9.83540537925338 27.4750291116316 2.55968298738718 2.1026386769445 24.7137268818239 25.6082074728804
38.1670168092068 38.0445975335295 36.5584117717828 35.8283013503093 35.1709693042735 33.7845215298226 32.5179514187861 32.078514318802 31.662972718726 36.0361578997489 35.5816460549664 34.9170881926904 34.6512307480194 34.1948952992965 34.250861075397 36.4976440291937 36.4721250072823 36.4525627104676 36.4117917283278 35.6919826682979 35.590415360435 35.5086904640987 35.454914156052 35.3966788791229 35.3306518399033 31.9525198647413 31.7773624204391 31.6987016360527 31.2283947514983 -9999 -9999 -9999 -9999 -9999 -9999 -9999 -9999 -9999 -9999 -9999 -9999 -9999 -9999 -9999 32.0161459207166 27.5207621258097 13.007733073987 11.6418022730217 26.9317780694632 13.3757695055855 13.7963989034888 26.296546502529 25.2043849576875 25.8431608332205 11.4403483455671 -2.48060967145209 17.4626431513462 18.0234442377055 24.9537680399914
38.0269731731906 36.91139632509 35.5355586099284 34.7637339628976 33.2908622249036 31.638448389873 31.2290235804433 30.6462134810108 28.866913398143 27.8186555469125 34.1652031398414 34.1277935342437 34.245012966209 34.2992866207849 34.2968627710334 34.2391362738871 36.4502589098783 36.4024278936748 35.7067315653703 35.5772671188588 35.4598990545974 35.4356091074421 35.3890357491284 35.3367686305496 32.0048269997075 31.9477178982526 31.8203514537665 21.8004195461417 -9999 -9999 -9999 -9999 -9999 -9999 -9999 -9999 -9999 -9999 -9999 -9999 -9999 -9999 -9999 32.1262481523505 32.191474863822 24.4795738492319 32.1903315384676 25.9807028733613 19.040146309153 19.561445504516 18.3697574875694 16.6209270253978 16.7090202439584 24.3606680123688 22.3161736135355 15.5234490176581 15.1015047955972 16.9025852264673 24.1928850166028
37.7824101632463 34.880398882066 32.5902095811876 28.4197016857486 29.3216710578767 27.6882021239694 26.6470328899366 27.439700358179 24.1760781338923 26.7371269278675 33.8710426760209 33.9276601475734 34.0526370420687 34.1833305633362 34.141564888138 34.1360254767957 34.0748461370789 32.7122595627755 35.6009968365905 32.3277592460728 35.4028414027834 32.1259051547441 32.1057826285058 31.9796166756418 31.8951820982155 31.7610700341381 31.6120375741851 -9999 -9999 -9999 -9999 -9999 -9999 -9999 -9999 -9999 -9999 -9999 -9999 -9999 -9999 -9999 31.5576724535809 32.4523245434405 32.9947638246073 29.0181753425371 28.1160344716058 20.6956242561336 18.894429492728 17.8147301942501 16.7804780786117 16.4580603286559 16.397235419799 23.3182411204461 23.0341247698644 13.3428417353772 -3.29282800325566 14.9508716801479 9.18668257313662
35.3711598572115 33.2085370827562 28.2654099291651 27.2343019582515 26.3426225143134 25.1354996050817 24.0489975207448 19.9113602292464 19.2315961397562 23.2557583898252 32.4064771967269 32.5360159593865 32.7037417888848 32.7407855303691 32.7295237756277 32.7427863497394 32.6684702016999 32.5527656758292 32.3908136393709 32.2592168910734 32.1284776367916 32.0489593583894 32.0090001372513 31.8801473698044 31.8030872409143 31.564246574369 17.7461306729829 -9999 -9999 -9999 -9999 -9999 -9999 -9999 -9999 -9999 -9999 -9999 -9999 -9999 -9999 24.9804075207502 25.9420584763807 23.8613206638113 29.1695516194667 29.2565015126729 28.6774072206423 21.5332815770737 20.3371917575125 18.7605460937215 16.3725395921428 15.8158544770595 17.3206421423231 18.4970667657878 17.7991238031618 13.371539201774 -5.27604016309019 13.5639608589285 -1.95084986846619
33.6136515555996 29.1612625106469 27.3449758525626 26.6977965356743 24.9116365006798 23.6760447901222 19.5869416599203 18.753228811453 18.5927059316878 22.7801922086404 23.0807152780584 32.3199274673948 32.4589558304963 32.507661490596 32.5028023578396 32.5355586292447 32.5003442083276 32.4319733521313 32.2896865117695 32.1866157310656 32.0518176717756 31.9550923467888 31.8182363018608 31.7149368560859 31.4995343593069 29.1289635693836 -9999 -9999 -9999 -9999 -9999 -9999 -9999 -9999 -9999 -9999 -9999 -9999 -9999 -9999 26.0376976422808 24.7508277895759 24.278177088045 11.7305243205273 28.5932013082869 29.3109237995449 28.8534221589604 21.800362379874 20.8188747293436 19.3502161452807 17.2929736687454 16.7156515310142 16.7707598130988 17.9599896805334 17.4986007337438 14.616106016364 12.9983578060805 -0.0647060312247305 4.97175648767713
29.9371230961789 26.5650564620223 26.2399518974835 24.7925591650135 21.3589816267873 19.9977384597753 18.8034207945135 18.1004472003279 17.9851428383313 22.2589501795452 22.5655900396095 32.0396412567506 32.0565624719965 32.2044516065951 32.1847292442307 32.2917444974076 32.3096375392048 32.3168404889378 32.2078244163907 32.0307804852536 31.8987264068143 31.7510087710189 31.6972153130919 31.5528704870922 28.9753006417451 28.892466719815 -9999 -9999 -9999 -9999 -9999 -9999 -9999 -9999 -9999 -9999 -9999 -9999 25.0522083530098 25.6181544034642 25.3824007153759 25.104515487976 11.0932347679551 27.2985568431718 29.0077139155439 29.0930059869861 29.5502789624996 22.6760924351174 21.5335674084123 19.9088449134666 17.9253469222934 16.6076644512861 15.6186880196841 16.3456142800454 16.1364429064482 14.697739446672 14.1948477895158 -1.87630505535584 -9999
25.183061939827 23.6356282388423 24.1774501243177 24.0006348582515 20.3344477766618 18.9930984708173 18.1876829248727 17.6644400764072 21.2859231366378 1.89826926983599 17.0901477508654 31.2915063110642 31.3400404723607 31.5120537719382 31.6372478982508 31.8484772574861 31.9636101206795 32.0053986623848 32.0194615642445 31.8934099439161 31.7410618404352 31.6420498647395 31.4938748988024 28.9399718882925 28.3426415568584 -9999 -9999 -9999 -9999 -9999 -9999 -9999 -9999 -9999 -9999 -9999 -9999 24.9776063736317 25.4816985224102 14.48542392835 25.8455618164649 13.5734504593704 27.3822482591177 29.1883021552798 29.8158162760714 30.1803083990711 30.3662131017052 23.7280660937498 21.7684636024847 19.9615522123069 18.1486955302859 16.9749577214042 0.848582261912497 14.7094013652874 14.5889520391958 14.652177931297 -1.71703983348051 -0.0109697395654251 14.9504715162739
22.7197102973898 23.8876743132315 20.3205563736052 19.8379587414905 18.9589130427191 17.8955061305422 17.4702462649533 6.78266951659557 20.3842395958482 15.8419794614088 15.0081522804061 15.4742860274166 28.3803712935554 28.3430988870002 28.8100329617589 28.9609519085467 29.0250924609316 29.5345582388759 29.5713733152893 29.4206830335724 29.1315932176989 29.1509725824569 28.4530867860986 28.6370478356301 -9999 -9999 -9999 -9999 -9999 -9999 -9999 -9999 -9999 -9999 -9999 -9999 25.0285986844404 25.6545121497358 27.3382302329713 12.6274058948281 28.5328337295717 29.3068078282688 29.4454360274963 30.101590448417 30.5421708737555 30.6817137332665 30.3156209547706 23.8092993601837 22.2746709031689 20.104582214149 18.2710313432124 17.3106952117394 15.4229507190017 14.0427283511058 14.2922019434474 15.1107657309682 13.6537690655208 16.3130295074435 19.616267955262
22.0751034625491 19.2979090103145 18.9057484137371 18.7160707374333 17.6769594890385 16.9342553387857 6.29264026967692 5.02657893842316 -0.781513862199169 13.1112611848327 14.602100280772 13.9228506876913 28.0394316728574 27.7435962373927 28.0448053020234 28.3792279682009 28.4375947275458 28.3371535951571 28.6549980436951 28.6102368560682 28.2181905920262 28.4543444439885 27.8211708626923 -9999 -9999 -9999 -9999 -9999 -9999 -9999 -9999 -9999 -9999 -9999 -9999 -9999 25.0436334128514 26.6373146244237 12.6770833814791 15.7185574893956 30.2738324130654 30.8121099899419 30.4061723228433 31.0334577785641 31.4174435988572 31.1011426395477 30.6262052873078 29.7572208516557 22.2309958746288 20.0494167657966 18.0261310522885 16.4780685223588 15.1597572224065 13.2812736650399 15.1262006232533 14.8551181817125 15.3768747072172 17.9494710872724 21.3833344568372
21.2764907024635 17.917800974954 17.7419003691714 17.4541253774555 16.6148102347514 16.2413430077193 -0.134791875452706 12.3184222177871 10.5422091133764 12.8223428677624 -9999 -9999 -9999 27.6100558359925 27.7229592147448 27.7547436595986 27.7828122970504 27.7327918127931 27.8071079608326 27.8085942837933 -9999 -9999 -9999 -9999 -9999 -9999 -9999 -9999 -9999 -9999 -9999 -9999 -9999 -9999 13.3862880988464 14.6884213450332 16.225736616631 11.305150122403 10.3606490470892 15.6484144788999 31.4033806969974 30.8284023762429 30.4925505533723 31.3613063239535 32.3870406657012 32.1508868137389 31.0502646612745 23.9506143739941 22.0220531661025 19.6563415089356 17.4022755726311 15.7630900119515 14.9857431034588 15.3964255707784 16.2649526762887 16.0963121865069 17.0226343886849 17.7544769480704 6.05568608996649
17.1924753700889 16.7951698094164 16.693013688996 16.3956347643027 15.9221265687559 0.107821764762257 -1.62808912090406 11.8584624276906 11.9375805422188 -9999 -9999 -9999 -9999 -9999 -9999 -9999 -9999 -9999 -9999 -9999 -9999 -9999 -9999 -9999 -9999 -9999 -9999 -9999 -9999 -9999 -9999 -9999 -9999 13.230967349444 13.0509507723853 14.8424844365458 0.913808973384057 2.06245079073548 20.4943418274821 30.2770337240578 30.8894559501707 28.5106532176953 30.3811906638485 31.8505924093918 32.8236766185669 32.7247789754067 31.0496929985973 23.2803398849459 21.2963273973633 19.2094727941476 17.157203782904 15.436899288326 14.2561300285144 16.2137317004092 17.4857954897739 18.0912434312246 4.20132669757883 4.56673348086208 -9999
16.1431885260395 15.9397337792145 15.6381817169775 15.2810068762463 14.5177800358811 -2.01664824261498 11.7612797725621 11.8292504648843 -9999 -9999 -9999 -9999 -9999 -9999 -9999 -9999 -9999 -9999 -9999 -9999 -9999 -9999 -9999 -9999 -9999 -9999 -9999 -9999 -9999 -9999 14.7198056260129 25.036087465512 10.7905393803636 -0.246666261385954 -1.02635698685533 14.6917369885611 16.7478933060098 19.7987998481005 23.7568207264143 32.2900295093759 28.5916006527906 12.9550257751467 31.1113182352023 27.9793499254809 28.5180848324993 32.4781065301834 30.3550085132315 22.4062104851987 20.5454484708261 19.3024823117323 17.3663179902335 14.7399853185191 14.5521941290501 16.6862680694048 17.1890453940256 22.2017267455548 6.94633654108555 -9999 -9999
15.609427084313 15.3231384155579 14.9331501371539 14.4704463662067 12.6223752632685 11.433774224779 10.8228383216269 -9999 -9999 -9999 -9999 -9999 -9999 -9999 -9999 -9999 -9999 -9999 -9999 -9999 -9999 -9999 -9999 -9999 -9999 -9999 -9999 -9999 -9999 14.8482582295858 13.3563901408275 11.1121568025713 22.8700575815004 -0.916311921489203 -1.51461407947458 17.1608052577706 20.7508468707537 24.014126097434 27.3718439983922 28.9003556647607 32.0060846575974 30.9618284451076 27.7934452228468 28.5116250442466 28.4916740168114 27.3134200727797 23.8281642285322 22.0019878061318 20.6730435803831 19.4029806103888 16.5373499419872 14.8035542082267 15.1834812235114 15.5965646740754 21.0644038492124 7.21347451015354 -9999 -9999 -9999
15.372587237138 15.0098672684377 14.6008426228821 -0.881326165642939 -3.69642185337764 11.114900783422 -9999 -9999 -9999 -9999 -9999 -9999 -9999 -9999 -9999 -9999 -9999 -9999 -9999 -9999 -9999 -9999 -9999 -9999 -9999 -9999 -9999 -9999 -9999 14.8276783732056 23.129649603229 22.8779465264461 13.4802122767148 -0.812154981698512 2.02592154566069 21.0900143371522 24.537883442309 27.5787858875482 28.5745651050093 28.8997268358158 28.6783790471936 28.6668314611136 28.7680157549828 28.867942390962 28.2841604649782 25.9662398076274 23.2602173587076 21.8727920410786 20.6861346556916 19.1770023540811 16.2086439025819 15.6244618127241 15.9848379644477 16.6111515936172 -9999 -9999 -9999 -9999 -9999
