raw_data/Biomass/Haemulon flaviguttatumGrid_biomas_Teorica.asc
NCOLS 96 
NROWS 96 
XLLCORNER 0 
YLLCORNER 0 
CELLSIZE 0.0104166666666667 
NODATA_value -9999 
[rows 26 to 51 of 96, columns 0 to 57 of 96]
-7.52672730235888 -7.52328866287783 -7.52331339610154 -7.52522984994052 -7.52555251545481 -7.52730556512916 -7.52755213475851 -7.52759399573963 -7.52716384375732 -7.5054162911496 -7.50289783064558 -7.50503436895352 -7.49782525257335 -7.51458712316813 -7.5133716913331 -7.51375806550945 -7.51685979726156 -7.51733908591498 -7.51277854740656 -7.50350935960175 -7.48673322618129 -7.46872475988961 -7.45886836413194 -7.4302406882414 -7.40562659622802 -7.37506622501493 -7.06246301057485 -7.01920254120832 -6.80239316328967 -6.72813578131162 -6.68180220889942 -6.40931834441501 -6.37446717110905 -6.21071055804315 -6.17455058498267 -9999 -9999 -9999 -9999 -9999 -9999 -9999 -9999 -9999 -9999 -9999 -9999 -9999 -9999 -9999 -9999 -9999 -9999 -9999 -9999 -9999 -9999 -9999
-7.52756499603483 -7.52413082914508 -7.52491103868693 -7.52539416099002 -7.52478232286855 -7.52657910912683 -7.52692119022173 -7.52742673731431 -7.52697679875303 -7.50747904200681 -7.5077426569495 -7.50717255614304 -7.49850768343748 -7.51300382585249 -7.51243166394406 -7.51323596776801 -7.51267920229133 -7.50193426547197 -7.48806737749012 -7.34753958979978 -7.45518744211366 -7.44265923986498 -7.42965615972111 -7.39821775906641 -7.36337359350718 -7.03010783176139 -6.90413740121474 -6.7787420181193 -6.70655604362675 -6.54773576979249 -6.24666029870212 -5.94148735688419 -6.22627393906115 -3.19489584178924 -9999 -9999 -9999 -9999 -9999 -9999 -9999 -9999 -9999 -9999 -9999 -9999 -9999 -9999 -9999 -9999 -9999 -9999 -9999 -9999 -9999 -9999 -9999 -9999
-7.52713292722768 -7.52475899119419 -7.52463660295888 -7.52473032126571 -7.52396862041959 -7.52423975838449 -7.52645154752556 -7.5267697816706 -7.52702181322018 -7.52723872359209 -7.50847702758341 -7.51004696895825 -7.50042265328304 -7.51316150015363 -7.51521295617201 -7.51467053596509 -7.50169991817734 -7.47665835361421 -7.45641956887469 -7.24558367670181 -7.09231395048792 -7.09951544079078 -7.14876341139652 -6.97692933968812 -6.8297522309142 -6.84479827533631 -6.59101685017878 -6.68262871079165 -6.6095296681239 -6.4324768862132 -6.03610224307555 -5.7517299423957 -5.79312717557626 -9999 -9999 -9999 -9999 -9999 -9999 -9999 -9999 -9999 -9999 -9999 -9999 -9999 -9999 -9999 -9999 -9999 -9999 -9999 -9999 -9999 -9999 -9999 -9999 -9999
-7.52529867013549 -7.5247833121975 -7.52424239659502 -7.52403995515897 -7.52339990055146 -7.52383079453048 -7.52612894384433 -7.52625498023014 -7.52657117388422 -7.52679766838033 -7.50773482476199 -7.51011189367048 -7.50227723284071 -7.51527138841302 -7.50964402352202 -7.49833743641429 -7.47727029479077 -7.43815593815842 -7.3988022875867 -7.34070827341175 -7.3006377715729 -6.9701648030041 -6.97835562225526 -6.81839143682452 -6.72083535811393 -6.49262396406608 -6.65010864382013 -6.55871526001668 -6.48308106191891 -6.32421132163723 -6.03701118904681 -5.73397767107958 -5.46043852238365 -9999 -9999 -9999 -9999 -9999 -9999 -9999 -9999 -9999 -9999 -9999 -9999 -9999 -9999 -9999 -9999 -9999 -9999 -9999 -9999 -9999 -9999 -9999 -9999 -2.31369230312774
-7.52381908747126 -7.52407635421986 -7.52405580503316 -7.52395025600099 -7.52348712638707 -7.52388700078136 -7.52595486317147 -7.52624739537487 -7.52645884382655 -7.52664852704137 -7.5078100549841 -7.50882143772354 -7.51235684594234 -7.50707753934196 -7.48750943718531 -7.47277420694113 -7.44506310309916 -7.37040215735428 -7.31364950834507 -7.27117225772928 -7.26518063428611 -6.68602540684749 -6.61382088243716 -6.62697689634762 -6.41832742115049 -6.62890402669484 -6.5275967423886 -6.424881725433 -6.26385607248481 -6.15866154985253 -5.78164065426606 -5.57228834329524 -5.40355210785622 -9999 -9999 -9999 -9999 -9999 -9999 -9999 -9999 -9999 -9999 -9999 -9999 -9999 -9999 -9999 -9999 -9999 -9999 -9999 -9999 -9999 -9999 -9999 -9999 -2.18559481534224
-7.5237670652574 -7.52395740802485 -7.52400730730368 -7.52360644358044 -7.52341088622499 -7.52397997709148 -7.52603885307698 -7.52618185233205 -7.52653417710376 -7.50625000689874 -7.50611644749072 -7.49878345888182 -7.47664763588393 -7.48173711499236 -7.45411711185771 -7.43611441665156 -7.39692853978065 -7.28525988973272 -7.24857433566845 -7.22449242018517 -6.57443322368285 -6.41886742986811 -6.42370483620491 -6.47551887877031 -6.33151380593689 -6.59165991399517 -6.46080673286826 -6.24931087584278 -6.09043907445913 -5.91831644847414 -5.60617079867265 -5.48484196977512 -5.40878730687432 -9999 -9999 -9999 -9999 -9999 -9999 -9999 -9999 -9999 -9999 -9999 -9999 -9999 -9999 -9999 -9999 -9999 -9999 -9999 -9999 -9999 -9999 -9999 -2.77412187346407 6.10057101321012
-7.52362385989213 -7.52375925368091 -7.52376067584127 -7.52342448949803 -7.5232762138219 -7.52342735442977 -7.52362083007223 -7.52625790699495 -7.52670582567629 -7.50600597242483 -7.49274772785638 -7.46652247242864 -7.4212328481671 -7.40189497110114 -7.352562083094 -7.33198156764692 -7.34150241600296 -7.23314698738085 -7.20394323348813 -6.5446564834409 -6.41273152928665 -6.3963189742547 -6.3463825955891 -6.36015487899027 -6.65658462622757 -6.55994986010008 -6.43370530299068 -6.17778857618639 -5.92025594543321 -5.60614606544894 -5.51915931766939 -5.52187172786932 -5.11992386498956 -9999 -9999 -9999 -9999 -9999 -9999 -9999 -9999 -9999 -9999 -9999 -9999 -9999 -9999 -9999 -9999 -9999 -9999 -9999 -9999 -9999 -9999 -0.17323790143441 -0.124740171947801 -0.338002393366394
-7.52311530359066 -7.52331764197161 -7.52305173920574 -7.52320096298877 -7.52300610640799 -7.52293650299428 -7.52292409516038 -7.5258716358737 -7.5035641849143 -7.4911392438746 -7.45786110359645 -7.42451041252875 -7.49304370210008 -7.34538244047209 -7.29979271976289 -7.26439741553537 -7.2814468510778 -7.16926519274813 -7.12952714665795 -7.11192533578606 -7.08829892383939 -6.2403945486962 -6.28794829347797 -6.34146480627524 -6.6367898028536 -6.56189554036508 -6.45730698171363 -6.18958220169095 -5.84850486345752 -5.58140665843544 -5.53460315477279 -5.37974638003767 -4.15893506885137 -2.74782221225501 -3.47466982396146 -9999 -9999 -9999 -9999 -9999 -9999 -9999 -9999 -9999 -9999 -9999 -9999 -9999 -9999 -9999 -9999 -9999 -9999 -9999 -2.1993423655197 -0.284248853841924 6.17404929864138 -0.261411843951927
-7.52261771235171 -7.52244645538855 -7.52235852877827 -7.52252644675623 -7.52211667907245 -7.52185537256398 -7.52195290390947 -7.52416572360152 -7.47768478239807 -7.44318482086876 -7.40051197167549 -7.35779645767131 -7.36440455671539 -7.25564803764882 -7.18075995846622 -7.1108391350449 -6.91208913263673 -6.77502585125723 -7.06192094075526 -7.05221315045004 -6.21149789899784 -6.22026994900613 -6.28236270712401 -6.32839123644381 -6.61814919658599 -6.54917648007346 -6.42264749089141 -6.06189487319861 -5.70791091439377 -5.52029704595994 -5.4310678192309 -5.32749744495541 -2.96864867792417 -3.7458490108953 -2.82457764982752 -9999 -9999 -9999 -9999 -9999 -9999 -9999 -9999 -9999 -9999 -9999 -9999 -9999 -9999 -9999 -9999 -9999 -1.94597109965532 -2.26305102758647 5.51210578814757 -0.355439316080237 -1.79672670559984 -3.8853650036258
-7.5216740780342 -7.52171696956632 -7.52202258976726 -7.52156514879479 -7.51970601420175 -7.51820781978669 -7.51559180732615 -7.51032851548812 -7.40638034122051 -7.37117321560336 -7.32712705416372 -7.38393452848548 -7.32845337328504 -7.30326773769381 -7.22107717421155 -6.87686283877121 -6.75220120797909 -6.72379510055094 -6.84809191629337 -6.82383686824414 -6.23799748709854 -6.26164244896298 -6.31568042056009 -6.32760595659109 -6.5941023198363 -6.51085647214252 -6.38900618444516 -5.86154339455537 -5.35536354366595 -5.35767197787866 -5.51476710935932 -5.21267345389298 -9999 -9999 -9999 -9999 -9999 -9999 -9999 -9999 -9999 -9999 -9999 -9999 -9999 -9999 -9999 -9999 -9999 -9999 -9999 -2.78842592117495 -0.760219133074511 -0.86028563399142 -1.78520514555606 -2.25927921097107 -3.90296681449769 -3.3587740598717
-7.52048585274525 -7.52167784985082 -7.52088902490271 -7.5190299315317 -7.51188464747972 -7.50266348335095 -7.48902063715385 -7.47061499651146 -7.32130650218454 -7.38481111515572 -7.37154730561194 -7.35627144831954 -7.31489441393835 -7.30660466179236 -7.10896559334905 -6.72161651576269 -6.70277804370542 -6.76429987657605 -6.81280172826661 -6.81871502983469 -6.83529453412667 -6.27470365218256 -6.37835853163904 -6.38592689809356 -6.51436240660307 -6.41942186629955 -6.06508339795491 -5.57727208787232 -5.12858049328722 -5.15211827784893 -5.20428476885216 -9999 -9999 -9999 -9999 -9999 -9999 -9999 -9999 -9999 -9999 -9999 -9999 -9999 -9999 -9999 -9999 -9999 -9999 -9999 -9999 -1.33631774628328 -0.553078384523543 -1.23151071082241 -2.22743518544756 -3.28416216835384 4.51480037519874 5.17705305098891
-7.51901482365422 -7.5200761056725 -7.51800286380623 -7.51173212593353 -7.49187072896575 -7.47724143936311 -7.45344189485049 -7.43247739610536 -7.43170180343193 -7.34480966023306 -7.3366272915 -7.32900595472471 -7.25229256363249 -7.18216356891163 -7.02736450503182 -7.03450004007146 -6.72183499257211 -6.7904985437883 -6.78973181385336 -6.79821737068704 -5.63973790544778 -5.65139755932393 -6.25924538736532 -6.29040306593095 -6.36832096501772 -6.18289804798398 -5.77028810458428 -5.2985801842373 -5.02437117739929 -4.93731022994861 -9999 -9999 -9999 -9999 -9999 -9999 -9999 -9999 -9999 -9999 -9999 -9999 -9999 -9999 -9999 -9999 -9999 -9999 -9999 -0.658792304853684 4.40378942279123 5.3411992123282 5.31825914733942 5.20028167025427 -3.55393980594425 4.15901295216523 4.31000928289999 -2.1378184715471
-7.5172507470843 -7.51586729421622 -7.50088186680321 -7.47783029619755 -7.46298149923451 -7.22621344033483 -7.17484253469418 -7.13972547923338 -7.38903451921399 -7.25768646750272 -7.21819987585357 -7.15561039215957 -6.97804851806089 -6.96502647577885 -6.99319761758178 -6.99497634858675 -7.06518366518269 -7.01507621505311 -6.75667173816423 -6.78730589682804 -5.50548390606107 -6.16125647723985 -6.17401057626506 -6.17488242240075 -6.24122517279238 -6.02360784289927 -5.45454377073334 -4.88001159502605 -4.92525278339117 -9999 -9999 -9999 -9999 -9999 -9999 -9999 -9999 -9999 -9999 -9999 -9999 -9999 -9999 -9999 -0.986383852860557 0.192710754338965 6.62215347916343 6.57355269457804 -0.190571769049472 5.23554712505733 4.01409687225858 -1.87667685123459 -2.10401639914675 -3.07473359660992 2.43799280251291 4.58345568200703 -2.77560586688652 -2.46297791922273
-7.51503827777958 -7.51025885024135 -7.47185351268861 -7.45107018480714 -7.41157081432574 -7.0981262580592 -7.071754458281 -7.01476292755281 -5.18066454021142 -7.01147959210563 -6.99131377037605 -7.01116012129941 -6.8809912260284 -6.90981367605563 -6.94032622970288 -6.97785477447518 -6.99191767325491 -6.9914621697183 -6.98878273714998 -7.0002919305819 -6.03804792334055 -6.0822626829218 -6.10974129446092 -6.09724071097871 -6.15601715601779 -5.78144072737443 -5.16636049250054 -0.327408329211648 -9999 -9999 -9999 -9999 -9999 -9999 -9999 -9999 -9999 -9999 -9999 -9999 -9999 -9999 -9999 -3.11855262461185 0.109091847187594 6.07725994986573 -0.570020642763234 -0.803522885582528 -0.584118580276554 -1.39965540999443 -1.86818511109499 -1.63750657798231 -1.94485810458848 -3.08242150697903 -2.46052520787173 -2.80992321478078 -2.894655116999 -2.43385454830706
-7.51207818495524 -7.4867321956303 -7.44566247155367 -7.35991588883286 -7.35670551639561 -5.54700068315622 -5.30499021138152 -4.7292007634691 -5.42399823945448 -5.83994098474877 -6.92639936365354 -6.97117062076821 -6.83471330336955 -6.88008846336307 -6.92818015576048 -6.94751741449586 -6.95432935652532 -6.96457715554816 -6.95301437346487 -5.91005349065383 -5.95128583567634 -5.97613448109455 -5.97713205445076 -6.08838003358547 -5.95518544061424 -5.62434559589377 -4.84346825699811 -9999 -9999 -9999 -9999 -9999 -9999 -9999 -9999 -9999 -9999 -9999 -9999 -9999 -9999 -9999 -2.89547955778925 -3.4718667252746 -3.30124870373183 -1.52344519465086 -2.14538271579767 -1.92902884141563 -1.62753084442025 -1.78201043749383 -1.95872932088448 -1.87183326159186 -2.04914986455544 -2.58938530338821 -2.72014161272228 -2.21733578576697 3.89020403250337 -1.68468520220451
-7.49306204590766 -7.45280913654398 -7.33240017745818 -7.29904453974574 -5.1879402301854 -5.73738055044135 -5.53641486340937 -5.3075459778313 -5.1069801445826 -5.57332919979294 -5.71868841662435 -5.86185668205566 -5.51448267728668 -5.72026722073768 -5.78324213050113 -5.82740330143101 -5.84376845111752 -5.87562690435486 -5.83955968088328 -5.82081808061887 -5.87186951545328 -5.91025135644349 -5.77362915088678 -6.04403748568173 -5.74421722569452 -5.42579139817328 -0.671921524438456 -9999 -9999 -9999 -9999 -9999 -9999 -9999 -9999 -9999 -9999 -9999 -9999 -9999 -9999 -3.61198043757803 -2.87095244427923 1.84309693928639 -4.10250209675858 -2.23250549630762 -2.69734582487179 -2.91691501833582 -2.92542736949517 -2.86588213341918 -2.87736247142345 -2.95030487034105 -3.2068502332479 -3.41774218739452 -3.09837443627042 -1.70022591110078 5.89610969722747 -0.337013064418091
-7.45548217969617 -7.33900745206146 -7.2835862749285 -6.5553556637964 -5.66185971295224 -5.41497061280121 -5.15696186749166 -4.95715864197394 -4.84416903166982 -4.79944311879862 -5.51357167021345 -5.23755095473885 -5.37976699105743 -5.56507860858448 -5.6269735009127 -5.65736444954338 -5.71981583940502 -5.76084825753589 -5.74738720053304 -5.77055810894309 -5.84025015004512 -5.75122497241167 -5.76395433821317 -5.97119401965896 -5.76114299511841 -5.20420232477314 -9999 -9999 -9999 -9999 -9999 -9999 -9999 -9999 -9999 -9999 -9999 -9999 -9999 -9999 -4.72798471330347 -2.70841394248093 -3.83581611213162 3.00234313446058 -4.65392931931903 -3.16536025047844 -3.65825217693096 -3.68069757744559 -3.46997051145702 -3.37544837485456 -3.34001803189345 -3.41594902867572 -3.40743667751636 -3.31843829420859 -2.74283434547398 -1.75183590457059 -0.78796156566651 6.00837792184012
-6.89383395243856 -6.50444026169238 -4.70966151674011 -4.67874498710564 -5.42498756840278 -5.1285392712477 -4.80144238771498 -4.66905780782017 -4.57690593848968 -4.43302040957085 -4.62074557751137 -4.72493428237954 -5.0023792193193 -5.27013697697359 -5.53042117886424 -5.56731902643199 -5.54862277041104 -5.55536051276938 -5.61536537458594 -5.46831193193056 -5.57119595924816 -5.59392991403937 -5.65682237972379 -5.62041713552821 -5.04999067495639 -4.74101087778947 -9999 -9999 -9999 -9999 -9999 -9999 -9999 -9999 -9999 -9999 -9999 -9999 -4.6099247921393 -3.84599795589124 -2.82340282170142 -2.80543001247391 2.66261169581724 -4.02080001444454 -5.32250957817438 -3.96776786061155 -4.3165063148884 -4.18216368811674 -3.85933328567357 -3.62038973363861 -3.45337864055319 -3.48079129682909 -3.33158812481312 -2.75641700749339 -2.11972199620106 -1.40752881954134 -0.505858538261825 7.18831758084965
-6.74111660155414 -5.33246470071669 -5.45594532007677 -5.39526647791418 -5.13952494477782 -4.81955947408078 -4.44796339889418 -4.22177806808837 -4.17422844551055 1.79292971719952 -3.73822293358546 -3.49276629930751 -4.23276374161849 -4.87106641245181 -5.01660082295115 -5.15607559364214 -5.05188688877397 -5.0588534134516 -5.13125992585554 -5.01322061571112 -5.03234764204498 -5.0787636585362 -4.91039223814686 -4.80156605383352 -4.62709377159631 -9999 -9999 -9999 -9999 -9999 -9999 -9999 -9999 -9999 -9999 -9999 -9999 -3.91537464839099 -4.27981869972216 3.01135015009409 -2.87037533572606 2.73846024852048 -4.05783801694664 -5.05897707957014 -5.7802246772088 -4.52945937101065 -4.71487610473846 -4.49229770239001 -4.13642783527747 -3.7508987107356 -3.4207720072987 -3.4540794152249 2.74550921727714 -2.19544688278576 -1.39518281870731 -0.932032593763154 6.88475848187864 6.34103978070705
-5.08762639703142 -5.331846370124 -5.23645857069177 -5.15927030170437 -4.82034269283152 -4.54596879783545 -4.13694311077138 2.21646556217204 -3.02083577994716 -3.04839271336135 -2.65468101397622 -3.67958458237875 -4.11326104907137 -4.41020401070061 -4.59172526169447 -4.57146462927402 -4.3256576076602 -4.52927387183284 -4.33260352131808 -4.25255032058455 -4.37506222201609 -4.39167470393968 -4.49990316868009 -3.64423668349667 -9999 -9999 -9999 -9999 -9999 -9999 -9999 -9999 -9999 -9999 -9999 -9999 -4.43215474674108 -3.32730103270381 -2.70033442273646 2.53094850161389 -4.2409669274815 -4.64397419677673 -5.03203847674864 -5.64083441169882 -6.06478041596449 -4.79814462455397 -4.78818950201167 -4.62717621567534 -4.28833105088152 -3.79308946817677 -3.42907824826049 -3.27041461817638 -2.32968645445864 -1.46534272995781 -0.795649476035615 -0.805233600222302 0.24442380290756 -0.0600834029722401
-4.83716128495267 -4.94458591992259 -4.88823539190882 -4.75471720592741 -4.44013121138678 -4.29059826305471 1.13183125851571 1.14378564997437 3.29192796203681 0.687086674213941 -2.03160988674281 -3.17261532943266 -4.50184060453718 -4.65347587688439 -4.72602666642662 -4.4847540691592 -4.37147590457849 -3.87376099950299 -3.63980531424906 -3.84900716477566 -4.19096459355268 -2.94884148793835 -4.18917143483388 -9999 -9999 -9999 -9999 -9999 -9999 -9999 -9999 -9999 -9999 -9999 -9999 -9999 -4.20959695541239 -3.07510459496554 2.84691543447821 1.30986924717076 -5.15632292587922 -5.76660285425185 -5.93766813492334 -6.1907116855736 -6.31738701299591 -5.06493366427971 -4.92088324720283 -4.69317270093506 -4.276871323897 -3.65575824354045 -3.12397332280776 -2.59363117345801 -1.59859297268239 -0.107694858609329 -0.37774043945657 0.290551265122192 0.50284476861224 -0.105757422752235
-4.31720708956011 -4.23546378520657 -4.52595549765207 -4.16874591425537 -4.0609708919496 -4.0934332480658 3.17566119959143 -2.77253482494283 -2.88968786123772 -1.88092272130439 -9999 -9999 -9999 -5.74690490267074 -5.0975402975342 -4.74876062121784 -4.60302010052094 -4.38736700081061 -4.25953745628194 -4.34016776556865 -9999 -9999 -9999 -9999 -9999 -9999 -9999 -9999 -9999 -9999 -9999 -9999 -9999 -9999 2.15271567806576 1.49435848500954 1.02679750183753 3.0012507504135 2.2052531674246 0.028152372604545 -6.04590484407166 -5.99702374961758 -6.08973211648149 -6.32182456554945 -5.53189280567484 -5.42441045984961 -5.00578003757909 -4.50787963332578 -4.04308052680112 -3.29591044961494 -2.45386784849044 -1.55561899649047 -0.114022441674518 0.557051750571349 0.435281845851039 0.486706340143044 0.53489490433331 -1.3780138392503
-4.12737959760445 -3.96065705879562 -4.18340034930212 -3.90463630709795 -3.97032362706133 1.8150659524178 5.39388097882534 -1.18709396324755 -0.557200588474806 -9999 -9999 -9999 -9999 -9999 -9999 -9999 -9999 -9999 -9999 -9999 -9999 -9999 -9999 -9999 -9999 -9999 -9999 -9999 -9999 -9999 -9999 -9999 -9999 3.96382659507293 2.5727476496797 1.75498482982814 7.357534053049 6.76649245051691 -1.91132397544496 -3.97856803496385 -6.03589407177601 -5.55368895906714 -4.63146330778465 -5.28786245396402 -5.65547648013371 -5.52313930558433 -4.79012693786876 -4.03079635902636 -3.56449264805948 -2.84009774770403 -1.85853915384903 -0.409646298039346 1.17025019934148 1.01008196481516 0.467682368907965 0.127744820067059 4.39311291455746 6.99478010533785
-3.81592647806677 -3.53355550740525 -3.16752440755285 -3.0490316549738 -3.3538686371697 3.5081169482608 0.519436639516073 0.270517353919055 -9999 -9999 -9999 -9999 -9999 -9999 -9999 -9999 -9999 -9999 -9999 -9999 -9999 -9999 -9999 -9999 -9999 -9999 -9999 -9999 -9999 -9999 4.17774836912372 4.83841399639265 9.00532324950713 9.65836279946622 8.86679658572493 0.998539793751618 -0.467171654179221 -1.97126082089632 -3.75207353886171 -5.28889300495183 -3.55437263735913 3.43731809539785 -4.93250786234539 -5.48685154420136 -5.56702841105343 -5.40586054206892 -4.28847532801981 -3.52413627137662 -2.95784850357186 -2.2110906467808 -1.25721265245854 0.269260081713919 1.3340047513054 1.13791150934382 -1.17046087030421 -2.25523945109883 4.53065024939135 -9999
-3.64289696721251 -3.26557102853364 -2.38925230155439 -1.86818511109499 -0.920181257403272 0.201305549577348 0.215156154853592 -9999 -9999 -9999 -9999 -9999 -9999 -9999 -9999 -9999 -9999 -9999 -9999 -9999 -9999 -9999 -9999 -9999 -9999 -9999 -9999 -9999 -9999 2.16190819287707 3.88628793874967 9.56373760776497 4.45715135294033 8.9639569328562 7.79648694079924 -0.923767574840871 -2.67562181004863 -4.00729979650416 -5.21838270636548 -5.67774256477645 -5.30208405759588 -4.86302811474685 -5.44491842450714 -5.60232272128414 -5.5454795898982 -5.10949468899287 -3.73348239904151 -2.94877965487908 -2.39504399810592 -1.63375537238666 -0.308858411430965 0.752114441545116 1.49392565359465 -0.114558328188181 -1.56903677035183 4.9177458114347 -9999 -9999
-3.58631971798142 -2.88010373705104 -1.566316115744 6.03614096545188 5.79352865190029 0.612660281873886 -9999 -9999 -9999 -9999 -9999 -9999 -9999 -9999 -9999 -9999 -9999 -9999 -9999 -9999 -9999 -9999 -9999 -9999 -9999 -9999 -9999 -9999 -9999 1.63428669813516 3.86839757360119 3.99843249724378 3.62298216136274 8.17566787125617 6.17714095160483 -2.87334332257097 -4.32363772772408 -5.37912804944498 -5.68214920080035 -5.72221496210465 -5.71865131678879 -5.7252901262523 -5.74122656672788 -5.64030470849108 -5.43725112515779 -4.6363481194669 -3.4738041611317 -2.67984706909868 -2.12668852087869 -1.21017830537463 0.584814794183105 1.13166637035766 1.7271187311176 -0.150236003386363 -9999 -9999 -9999 -9999
