raw_data/Biomass/Haemulon flaviguttatumGrid_biomas_Teorica.asc
NCOLS 96 
NROWS 96 
XLLCORNER 0 
YLLCORNER 0 
CELLSIZE 0.0104166666666667 
NODATA_value -9999 
[rows 52 to 77 of 96, columns 0 to 57 of 96]
-3.42792403115414 -2.51784445381404 -1.09366421069218 -0.420240362194091 1.4245489610949 1.04520314247992 -9999 -9999 -9999 -9999 -9999 -9999 -9999 -9999 -9999 -9999 -9999 -9999 -9999 -9999 -9999 -9999 -9999 -9999 -9999 -9999 -9999 -9999 -9999 0.0938190815481654 3.18126739696515 3.47911724346366 8.80382992036939 6.51060664024225 -2.36120070366605 -3.98947126441495 -5.19527775321865 -5.80612242353261 -5.90440401013863 -5.92979472537643 -6.00359042051194 -5.98018660757865 -5.96317427187178 -5.81176365963992 -5.21279712001152 -4.1624595532297 -3.40479846698755 -2.76645457411472 -2.12765723880724 -1.12177764163979 0.32513655627329 1.17476401266811 2.06425318127165 -0.403421770072939 -9999 -9999 -9999 -9999
-3.40011976550287 -2.42857812724944 -0.626020783441143 0.436188730720316 0.783484413614227 -9999 -9999 -9999 -9999 -9999 -9999 -9999 -9999 -9999 -9999 -9999 -9999 -9999 -9999 -9999 -9999 -9999 -9999 -9999 -9999 -9999 -9999 -9999 1.43188648412815 1.91338051665542 2.25741965842784 8.39892643725658 6.72353908534475 -1.97800062435664 -3.71555081185352 -5.08847144884143 -5.85066695942996 -6.07199839508315 -6.21809136421789 -6.31399856134797 -6.27015273902037 -6.16122762181219 -6.15851315051028 -6.06048095724332 -4.64768418033287 -3.74281919099112 -3.12180916573335 -2.73077689891653 -2.17277476105381 -0.562291510354616 1.05895069265738 1.61221229597615 8.46570614126704 -9999 -9999 -9999 -9999 -9999
-3.37878736005508 -2.05267434893377 0.109380401464183 1.37778255726782 -9999 -9999 -9999 -9999 -9999 -9999 -9999 -9999 -9999 -9999 -9999 -9999 -9999 -9999 -9999 -9999 -9999 -9999 -9999 -9999 -9999 -9999 0.974898954091126 0.942683930212004 7.30720194280408 7.7325309464954 7.64056457634272 -0.191437431879237 -1.58354692826028 -3.03736581779172 -4.56295227811466 -5.99991341458741 -6.1454437028828 -6.23456163010516 -6.29679866536133 -6.36723476427656 -6.42702733258963 -6.31664501628469 -6.28970641346318 -5.65536518062702 -4.14256991916485 -3.64300002231129 -3.00572790246578 -2.64592133057979 -1.68897229431383 0.411434895992981 1.36174718389741 8.03536865977494 -9999 -9999 -9999 -9999 -9999 -9999
-2.88230911616496 -0.616230549056893 2.37949872844449 -9999 -9999 -9999 -9999 -9999 -9999 -9999 -9999 -9999 -9999 -9999 -9999 -9999 -9999 -9999 -9999 -9999 1.56987726139667 2.52288959288918 8.18189239922258 1.71875065709654 1.64349982396623 1.18570846415872 7.26756695181268 7.235145817736 6.84726703694191 0.217217256829223 -1.01004530354081 -1.42914977926572 -2.82651508568462 -3.76819135631115 -5.25760547696175 -6.07418934648325 -6.24271741062273 -6.25284772683296 -6.24904911589187 -6.32292313290246 -6.38062368271026 -6.39266051824795 -6.31144485600017 -4.920615303946 -3.93110085646506 -3.42720264546267 -2.71090787587145 6.53503069865349 -0.635481241509291 0.862218509083352 7.42437559011873 7.82014839147949 -9999 -9999 -9999 -9999 -9999 -9999
-1.79899391777304 0.224884556178574 1.07160585878776 -9999 -9999 -9999 -9999 -9999 -9999 -9999 -9999 -9999 -9999 -9999 -9999 -9999 -9999 -9999 -9999 1.56781615942104 7.70633434038512 8.43140940439253 6.91996210362243 1.30358288614508 1.60975958462515 0.899792398099112 -0.905464989297263 -1.0527925585154 -0.907423036174113 -1.23214965243486 -1.77316831001838 -2.65907116118431 -3.93909793213051 -4.69259559238188 -5.75302637553837 -5.92546022792168 -5.92395974568342 -6.06336443890723 -6.15714251769649 -6.20571238575225 -6.21346006807865 -6.19093634568894 -5.94380815770875 -4.55761402399777 -3.67880136362801 -2.9999155948945 -2.14051851513518 -0.68286597592906 6.90219540459249 7.59695165853836 -9999 -9999 -9999 -9999 -9999 -9999 -9999 -9999
-0.929497438333127 2.18894985079736 -9999 -9999 -9999 -9999 -9999 -9999 -9999 -9999 -9999 -9999 -9999 -9999 -9999 -9999 -9999 1.11993870011631 7.71315658792446 7.98718009558467 7.74071352133865 7.25985843042382 7.39704537792186 6.93490509294575 5.61157456949154 -0.511691456852862 -1.4860568048129 -1.88951751654277 -2.08948563021854 -1.90472844912294 -3.01617768948223 -3.77476627161341 -4.67765260305855 -5.14449220053909 -5.79530163816055 -5.90485745257326 -5.96020010172095 -6.03727294899771 -6.073702926417 -6.06928186267927 -6.04293685722675 -5.88432063248807 -5.58051626238196 -4.4086994062584 -3.45783062082055 -2.36756950877075 -0.456309646767643 7.16053392621814 7.88878308726802 -9999 -9999 -9999 -9999 -9999 -9999 -9999 -9999 -9999
0.184734289693271 1.82871044749648 -9999 -9999 -9999 -9999 -9999 -9999 -9999 -9999 -9999 -9999 -9999 -9999 -9999 -9999 0.70023650481847 1.08603357261718 7.91961717282347 8.22750458594331 0.59961350636814 0.0150643750592847 -0.52809782857889 5.39563291550463 6.3856008054202 -0.905671099494826 -1.74839386427128 -2.14901025527478 -2.43649275883587 -2.89745821568586 -4.01507015095229 -4.56478665887297 -5.12157274657007 -5.43018154538137 -5.76608345655399 -5.90961241483105 -6.00201779970453 -6.04641187515766 -6.04915314078525 -6.01204918301993 -5.96088026537291 -5.87241982968078 -5.66627665448601 -5.95150225138378 -3.2637984808346 -1.50934725713754 0.420277023468441 7.74555711098139 -9999 -9999 -9999 -9999 -9999 -9999 -9999 -9999 -9999 -9999
0.47817337796393 -9999 -9999 -9999 -9999 -9999 -9999 -9999 -9999 -9999 -9999 -9999 -9999 -9999 -9999 -0.1087460206169 7.06636217695154 6.97645690877449 7.39399494699792 7.3572042767329 7.02489280520183 0.205242254350805 -1.25288433830971 5.71151740428991 5.96917576226361 -0.747213579608276 -1.77795006660184 -2.26090748153182 -3.17531537302074 -4.43679222618625 -4.85482492888384 -5.11380239212194 -5.22895615950047 -5.43541674439948 -5.67620086049868 -5.83487067388872 -5.91603480858711 -5.94225408681912 -5.93902434002331 -5.8950857681068 -5.87840320871603 -5.88227395822627 -5.79111760115001 -4.5878916120198 -3.19367979162362 -1.60731143403931 0.633951465282161 7.65317852043358 -9999 -9999 -9999 -9999 -9999 -9999 -9999 -9999 -9999 -9999
-9999 -9999 -9999 -9999 -9999 -9999 -9999 -9999 -9999 -9999 -9999 -9999 -9999 -0.542628597507091 5.60850352754785 5.67505651034099 7.12209437437261 -0.812839066512383 -0.872013304232764 -0.859605470339463 -1.2606753037776 -1.8491199178204 -2.3176290079012 -2.45050825227016 -2.50861071696321 -2.19167506617035 -2.48577370707322 -3.25250364200814 -4.33336612904906 -5.27153852631702 -5.186621124921 -5.26376817186889 -5.36546294334655 -5.48573648803255 -5.64426820759022 -5.73783399287599 -5.77764417753531 -5.82263597256137 -5.75821416921103 -5.71509591588082 -5.74517151590924 -5.71466308446594 -5.52509941356316 -5.91956753737335 -2.977882414775 -0.977912723740711 7.39949808927286 -9999 -9999 -9999 -9999 -9999 -9999 -9999 -9999 -9999 -9999 -9999
-9999 -9999 -9999 -9999 -9999 -9999 -9999 -9999 -9999 -9999 -9999 -0.287484783943666 5.93531185680398 5.72495578917103 4.36528803788643 -1.90973692692372 -2.54550444232702 -1.95217501660197 -1.83493953622805 -1.29062311548353 -1.41952443303952 -1.96392329786307 -2.47132538222404 -3.07471298559017 -3.36829635099912 -3.52978369078985 -3.79933460716294 -4.42399278291758 -5.23297530835295 -5.58573291148229 -5.22015525406452 -5.18843489465955 -5.31074068589353 -5.45796520001289 -5.57280155768717 -5.6155632403756 -5.64883148736427 -5.52579606603092 -5.52443779982898 -5.45992324688974 -6.45925472308061 -4.98051092735785 -6.01618581468503 -5.37193480355003 -3.96247082853417 0.565296158473874 7.98483043933245 -9999 -9999 -9999 -9999 -9999 -9999 -9999 -9999 -9999 -9999 -9999
-9999 -9999 -9999 -9999 2.50396867675288 2.34196606146824 2.14461554730152 1.56039619230877 1.06816381848845 0.445298801452608 0.479306984050528 6.11932704118836 5.69583241825536 -1.91903249683382 -2.36540535169634 -2.83842825510377 -3.02986340660042 -2.30260357449884 -1.60640454917003 5.52704877747089 5.70216000132055 -1.33031993953419 -2.35516167487745 -3.95546308181703 -3.99068731458057 -4.01280293877909 -4.17435211162909 -5.36020713330869 -6.33603174146748 -6.03981840993762 -5.10454804425135 -5.17940726800629 -5.23845783960813 -5.39984212430008 -5.48087847067598 -5.51184652785985 -5.48206360431197 -5.27432101398412 -4.92197563124991 -4.8062447553182 -5.87355549686935 -5.47754360767941 -4.86770681623153 -3.75380486452124 -2.71651407324516 1.77909972294303 1.83025627397821 -9999 -9999 -9999 -9999 -9999 -9999 -9999 -9999 -9999 -9999 -9999
-9999 -9999 0.749352564897768 1.98947640159574 8.37130767078312 8.18296417224991 8.06344086868304 1.75589171469742 0.946146581531066 0.679543040983129 6.93548220149893 6.31173091061357 6.17703789650605 5.05390220794492 5.49083521575905 3.89463540175097 -2.51260925479594 -2.67063394326761 -2.40339146110722 -2.47221165607356 -2.98204584076577 -3.55672229361135 -4.40121760608685 -4.44227475744143 -4.43510212256624 -4.46659576075388 -5.34235799019972 -6.56805617417024 -6.63815837456542 -5.52345259308463 -4.98702400960084 -5.1432143173142 -5.26053224176715 -5.3325059227562 -5.41301256592437 -5.38046776572914 -5.30367110611711 -4.92951926448072 -4.02702454241095 -4.98830189282573 -3.83785660308749 -3.22859485909081 -2.91266914826602 -2.68023867847405 -2.04805748050835 -1.68111949578667 -9999 -9999 -9999 -9999 -9999 -9999 -9999 -9999 -9999 -9999 -9999 -9999
-9999 -0.381429811992951 1.74249455185582 7.78016301315224 7.83439060613111 0.571891684795895 0.420256412448684 0.0606971727997658 0.407065359804643 6.75121968487748 6.44059100613005 -0.0948335822813879 5.96746504762384 -2.06877155536345 -3.0997965966336 -3.13376355719201 -3.5598139465748 -4.25836262815583 -4.41308955346649 -4.37460877958145 -4.40132066118563 -4.58960232665957 -4.69682085143193 -4.69875828728902 -4.76743420511706 -5.34017322210555 -6.27867745679158 -6.46548955655689 -5.99199053859309 -4.91195867564834 -4.97271996188996 -5.06891159109268 -5.12938432305771 -5.24641369323407 -5.2008221175331 -5.01361222508649 -4.89122398977349 -5.79702678051415 -3.9952011279072 -3.31740774322078 -2.4909264620123 3.76750663189402 -1.68818907556309 -2.00864921073428 -1.56435806886715 -3.05937838689147 -9999 -9999 -9999 -9999 -9999 -9999 -9999 -9999 -9999 -9999 -9999 -9999
1.21596544116099 2.14030784417245 2.24577443226552 2.39277222516756 1.52224519473983 0.128981481252438 0.0486809482818344 -0.28701073048927 -0.58704534508195 5.80418454911431 6.26910732175751 6.16675299764765 4.59400852412226 -3.53091729687645 -4.80241110564353 -4.91393733354495 -4.82281601520228 -4.86038990421804 -4.91055712630491 -4.9470798533131 -4.97424517735193 -5.00033872836342 -4.96363050217743 -4.85451576358749 -4.95223260825218 -6.16278787600774 -6.28086840819167 -6.13541850287333 -5.15112894890062 -4.82281601520228 -4.86061662543536 -4.90167377678994 -4.90449748649656 -4.92360390181066 -4.86585182445347 -4.63523512440006 -4.15219526539105 -4.29381358213669 -2.6188796726595 -1.87253403626357 -3.85984856116748 -3.5684499638527 -3.45360536177051 -1.98706947304941 -3.19514317402631 -3.19324696020873 -9999 -9999 -9999 -9999 -9999 -9999 -9999 -9999 -9999 -9999 -9999 -9999
-0.410202795572767 1.71359790215746 8.68964487091941 2.48125533298142 1.42034431306461 0.72266129431334 0.155549085718328 -0.43893455711307 -2.04754220501444 -3.16979161972605 -2.55752066684495 -3.12145877839749 -3.75537130202272 -4.84056210321247 -5.41756760129051 -5.36964698035708 -5.18983644400298 -5.20818025158611 -5.30911241533278 -5.40878730687432 -5.44091988667441 -5.43593201989339 -5.33786478789284 -5.12635450315353 -5.64724031663908 -6.33999524056662 -6.35112931343898 -6.08972387207358 -4.911649510352 -4.78311919115162 -4.75838596744404 -4.75632486546841 -4.7228319583644 -4.65549575682051 -4.5490604507989 -5.53769480773624 -4.31273449827299 -2.25519822905932 -1.50372044874407 -1.34202699875577 -9999 -9999 -9999 -9999 -4.3659521512838 -9999 -9999 -9999 -9999 -9999 -9999 -9999 -9999 -9999 -9999 -9999 -9999 -9999
-0.786601238362594 1.76539339480508 2.72273404044641 8.20553323888307 2.29934247261218 7.77634997449732 7.09886575510724 5.69403925953656 -3.39789377536919 -4.10573802686032 -4.27380028195331 -4.61899364083208 -4.96674276616063 -5.43811678798756 -5.73668183687161 -5.74703681319718 -5.63950706202651 -5.58872357044893 -5.65342362256598 -5.745361137291 -5.91956135406742 -5.8694662705497 -5.76020107151554 -5.83211704164928 -6.21125675006669 -6.30400221676616 -6.19599841214109 -5.10248694227572 -4.76584715659583 -4.64170698460354 -4.6304945898561 -4.54345425342518 -4.37819509701905 -4.33633411589397 -5.50568177185073 -3.74040770167963 -2.49251351053353 -1.1309289344116 -0.36067451509834 -9999 -9999 -9999 -9999 -9999 -9999 -9999 -9999 -9999 -9999 -9999 -9999 -9999 -9999 -9999 -9999 -9999 -9999 -9999
-1.02068058973507 -1.08560530196746 7.38016495274143 7.76132454109497 7.96147815394855 7.05294440309017 -0.686060683991289 -2.3491432571086 -3.24423862308586 -3.81452492872334 -4.30152210352556 -4.95732353013199 -5.22662711426801 -5.62784328594641 -6.07505294821104 -6.16531066482592 -6.07637823678137 -5.90188122132045 -5.90452973735914 -6.00473845431237 -6.12310960187486 -6.09502708745688 -6.01992877587277 -6.15813596884874 -6.23463582977628 -6.10671147455674 -5.35381771718423 -4.92469628585775 -4.65728891553931 -4.54504130194642 -4.48836099761655 -4.37380494981095 -4.1073044643618 -3.22030922914878 -3.8809748564177 -2.36948633360809 -1.4966302579479 -0.0601452360315102 -9999 -9999 -9999 -9999 -9999 -9999 -9999 -9999 -9999 -9999 -9999 -9999 -9999 -9999 -9999 -9999 -9999 -9999 -9999 -9999
-9999 -1.47051609591664 1.27268696753037 7.60090897433157 5.88157892829927 -1.92624635374853 -2.39978453264987 -2.77882118596851 -3.26085110500945 -3.71732335955256 -4.42419889311515 -5.43459230360923 -5.68863342761569 -6.04160126314654 -6.28906953295271 -6.30450924785217 -6.15161258109587 -6.04580385007485 -6.04269983049955 -6.11652025885877 -6.13909550879786 -6.11559070186776 -6.11702316774082 -6.1783120960882 -6.08643641442245 -5.703916498765 -5.0823499759738 -4.74354603321949 -4.55013222382623 -4.43561739806014 -4.28324012900171 -4.03019863945342 -3.16383503501647 -0.635625518647585 -2.69470761434298 -1.90239940389047 -0.185192292893074 -9999 -9999 -9999 -9999 -9999 -9999 -9999 -9999 -9999 -9999 -9999 -9999 -9999 -9999 -9999 -9999 -9999 -9999 -9999 -9999 -9999
-9999 1.45257994796349 7.18827635881014 6.44570253902962 -1.27984355215097 -1.81451401564954 -2.33595220446456 -2.70872310777728 -3.2584190046782 -3.76850052160749 -4.97884143475759 -5.78043490961032 -6.03807265656426 -6.33736527444571 -6.60433363004333 -6.5637546543471 -6.16601350059961 -6.0862715262644 -6.11427159660335 -6.16954622938584 -6.16828483497675 -5.9814170854581 -6.01753377537709 -6.06422804063502 -5.68769562621678 -5.18767228692857 -4.64024360220084 -4.42108662913194 -4.27600566106724 -4.11643514611385 -3.761183609594 -3.08716204152298 -0.804141216175219 -2.00124985464176 -1.2104256376117 -0.812179513880182 -0.241419154788302 -9999 -9999 -9999 -9999 -9999 -9999 -9999 -9999 -9999 -9999 -9999 -9999 -9999 -9999 -9999 -9999 -9999 -9999 -9999 -9999 -9999
1.82704095489622 7.53635526045479 7.04688476328182 -0.689482113270837 -1.61526728766525 -1.78062949917016 -2.10626300030018 -2.68873041861365 -3.3163565812132 -3.91339599049439 -5.18064392919167 -5.93489389166414 -6.12048169685593 -6.33197549277943 -6.69246841162331 -6.61312010776545 -6.39541621158937 -6.1404620194077 -6.22409741537488 -6.28138368368558 -6.10821814010092 -5.40458265884403 -5.63625464310897 -5.52640203001176 -5.1521801109082 -4.66709976094332 -4.18781110752997 -3.96018300534122 -3.77307616799339 -3.50111376230881 -3.00076064670451 -2.0394008522107 1.79950463250178 2.74241756431369 -0.972821801860901 -0.365703603918882 -0.76671160429775 -9999 -9999 -9999 -9999 -9999 -9999 -9999 -9999 -9999 -9999 -9999 -9999 -9999 -9999 -9999 -9999 -9999 -9999 -9999 -9999 -9999
0.395007913247198 0.900678671948635 -0.350492671338721 5.66388533763307 5.59762090911651 -1.07907160870471 -1.89254733644695 -2.74019613494517 -3.2908813607944 -3.7440558521765 -5.19719457805599 -5.99969699887997 -6.18240544461181 -6.18110076706123 -6.17387454353467 -6.5350393816226 -6.88626764708602 -6.58337222295116 -6.45693392225605 -6.41508942994677 -5.84975595235673 -5.31892326073679 -5.46324162107051 -5.06050229503211 -4.4565375831128 -4.08689955480305 -3.68686027235273 -3.48351195143692 -3.13549488285154 -2.81385991955424 -1.76723233632856 -0.240388603800486 2.03300687532108 2.97664119282445 2.97789846502959 3.0515416386189 -1.95244295985881 -9999 -9999 -9999 -9999 -9999 -9999 -9999 -9999 -9999 -9999 -9999 -9999 -9999 -9999 -9999 -9999 -9999 -9999 -9999 -9999 -9999
6.84190817180526 -0.668603150257689 6.45374083673458 6.58216810083618 4.79939733599394 -1.75496877957355 -2.03053811371548 -2.82121805360724 -3.41337265120618 -4.01719308598719 -5.51362938106877 -6.01837470498315 -6.2131344139665 -6.21707936314785 -6.20145414907059 -6.6587302333842 -7.01446612886832 -7.03656732535302 -6.83490910805723 -6.48510712516095 -5.43160370574456 -5.09580897187467 -5.01190151044672 -4.44033732158434 -3.93557344775218 -3.51791174341021 -3.14349195851699 -2.84636349770995 -2.5067763362049 -1.87515163577262 -0.603781493124078 0.82866376892007 2.35804265687817 2.69237400834536 3.28483777124064 1.11070496326549 -9999 -9999 -9999 -9999 -9999 -9999 -9999 -9999 -9999 -9999 -9999 -9999 -9999 -9999 -9999 -9999 -9999 -9999 -9999 -9999 -9999 -9999
6.33201215405378 5.5329435291212 6.18410747628246 -1.68864251799773 -3.38523860923881 -1.75375272940793 -1.93160521888517 -2.98738409488266 -3.97325039186673 -4.96117779082642 -5.62646646982669 -5.96940498314412 -6.14242624959048 -6.2363259333963 -6.26716826335965 -6.61570885184684 -6.56385358724193 -6.85944240487317 -7.06231667233458 -6.42183953891697 -5.00487315270981 -4.72021435885534 -4.47609744086155 -3.66113771969684 -3.07920618789704 -2.80124597546338 -2.52823240777123 -2.16314941482761 -1.77858900821429 -0.861254351919967 0.552043272770563 1.78142876817549 2.57013005017065 -9999 -9999 -9999 -9999 -9999 -9999 -9999 -9999 -9999 -9999 -9999 -9999 -9999 -9999 -9999 -9999 -9999 -9999 -9999 -9999 -9999 -9999 -9999 -9999 -9999
-2.44782881970184 -2.78953891624179 -3.179437576972 -3.56626519575853 -3.33573093978414 -2.51289780907253 -3.06234637373638 -3.86854641150464 -4.84202548561517 -5.36035141044698 -5.69980253922164 -5.95941688297021 -6.12054146881322 -6.21290975385115 -6.46694881675564 -6.51166236301499 -6.54220583319187 -6.5886548273147 -6.58698945691839 -5.52894130764574 -4.20578391675747 -4.02490160737605 -3.45768634368226 -2.48400115937417 -2.294132445379 -2.01553329133289 -1.77083926478591 -1.45565555067234 -0.622702409260376 0.382208469978527 1.57754456074602 2.60448862010443 -9999 -9999 -9999 -9999 -9999 -9999 -9999 -9999 -9999 -9999 -9999 -9999 -9999 -9999 -9999 -9999 -9999 -9999 -9999 -9999 -9999 -9999 -9999 -9999 -9999 -9999
-3.95766846093095 -3.82421210800881 -3.5031954753042 -3.25992360912041 -3.02198999705351 -3.31843829420859 -3.92848325695601 -4.48209524761063 -5.18697151225686 -5.54180670617763 -5.80113455675158 -5.94146674586443 -6.0238592973403 -6.71757469478848 -6.63310661362315 -6.59284298652919 -6.56279830303041 -6.50088279968244 -6.08499776524346 -3.98804910405176 -3.17296571676852 -2.76676373941106 -2.11308524783952 -1.38833996014821 -1.16922420911883 -1.25475994110754 -1.02533868019999 -0.47193279974293 0.155693362856623 0.45904635163007 1.43578196686209 3.17881468561415 -9999 -9999 -9999 -9999 -9999 -9999 -9999 -9999 -9999 -9999 -9999 -9999 -9999 -9999 -9999 -9999 -9999 -9999 -9999 -9999 -9999 -9999 -9999 -9999 -9999 -9999
-3.97312672574819 -3.64032058974297 -3.27412460173251 -3.28327589450432 -3.63156090634653 -4.28816616272347 -4.59990783653773 -5.08457596610748 -5.56769826919551 -5.78988300106661 -5.93131787973642 -5.98005469705221 -6.07480973817791 -6.44940677784104 -6.55073261206506 -6.55962008378398 -6.50472469376501 -6.21908069316619 -4.84165448725955 -2.81396297465302 -1.44124844786268 -0.924179795235998 -0.182306750127189 0.101898601292641 0.0903358192093471 -0.122823347110463 -0.163406445010648 -0.0529932121760677 0.425182446170444 0.536461341834789 2.16454640340588 3.27164671859659 -9999 -9999 -9999 -9999 -9999 -9999 -9999 -9999 -9999 -9999 -9999 -9999 -9999 -9999 -9999 -9999 -9999 -9999 -9999 -9999 -9999 -9999 -9999 -9999 -9999 -9999
