raw_data/Biomass/Lutjanus argentiventrisGrid_biomas_Teorica.asc
NCOLS 96 
NROWS 96 
XLLCORNER 0 
YLLCORNER 0 
CELLSIZE 0.0104166666666667 
NODATA_value -9999 
[rows 52 to 77 of 96, columns 0 to 57 of 96]
0.820612745817073 0.872828344183015 0.959182593652256 0.915558500752681 1.10479704843509 1.23618236885359 -9999 -9999 -9999 -9999 -9999 -9999 -9999 -9999 -9999 -9999 -9999 -9999 -9999 -9999 -9999 -9999 -9999 -9999 -9999 -9999 -9999 -9999 -9999 1.41237138945918 1.44678016480129 1.39883602742044 1.61690790842212 1.45164628777976 0.637404381681853 0.516805763421604 0.396361835013226 0.380057602359588 0.377628621884037 0.37663849023167 0.375482805457684 0.375417509238803 0.375353359590433 0.376917942501759 0.391356374567688 0.501459208644878 0.57609978284855 0.637691995979302 0.672687659955404 0.77976568555976 0.941391317347213 0.940619811427704 0.860091694821655 0.927166069662569 -9999 -9999 -9999 -9999
0.806653735691554 0.843227391623931 0.933701521570145 0.869345879176064 0.971207980629384 -9999 -9999 -9999 -9999 -9999 -9999 -9999 -9999 -9999 -9999 -9999 -9999 -9999 -9999 -9999 -9999 -9999 -9999 -9999 -9999 -9999 -9999 -9999 1.31609639006779 1.36350805233039 1.40523933221838 1.71070903618748 1.32748241823505 0.685033698007391 0.528405947640071 0.395082923059501 0.377256472303216 0.373279660505825 0.370819256224937 0.36867145759194 0.369467643927513 0.370149114911881 0.370598104150277 0.371795959398957 0.459229850753946 0.524713990597545 0.5811816165501 0.638245847835876 0.659035697525811 0.803126573868108 0.885125798738811 0.936569891185245 1.36933807187328 -9999 -9999 -9999 -9999 -9999
0.806918029910832 0.85240772906413 0.962886599401836 0.965409054524059 -9999 -9999 -9999 -9999 -9999 -9999 -9999 -9999 -9999 -9999 -9999 -9999 -9999 -9999 -9999 -9999 -9999 -9999 -9999 -9999 -9999 -9999 1.28923554669386 1.31109811997969 1.73666428319241 1.77036956950969 1.68666214891292 0.86634147577163 0.729046458876492 0.606068026638836 0.474949526781417 0.373448633905576 0.371485996693261 0.370501248092272 0.369092404436334 0.367387667855197 0.366712104623966 0.367360694298112 0.368108685805465 0.382070319439778 0.504617135897275 0.565094649291427 0.61919528730957 0.649688232858716 0.637907706702389 0.744233659785712 0.871510759766323 1.49089009266278 -9999 -9999 -9999 -9999 -9999 -9999
0.832916030392412 0.913294509830193 1.00489577688803 -9999 -9999 -9999 -9999 -9999 -9999 -9999 -9999 -9999 -9999 -9999 -9999 -9999 -9999 -9999 -9999 -9999 1.35834654169509 1.3401452206822 1.81645004397667 1.20971019344919 1.2500306086078 1.26553263057233 1.71095972702782 1.7380226777459 1.59080302424892 0.888631583823934 0.757337600378274 0.754179673125877 0.611346137664996 0.535479121683486 0.391015512758414 0.371775612630753 0.369332776142088 0.369591512409401 0.369171206867156 0.368232126752586 0.367130933227927 0.366433993258372 0.36793401841996 0.45684226341715 0.54025798870279 0.598780502210227 0.658922983814648 1.52362370905624 0.623657195599726 0.756525284321965 1.53719793789193 1.50235774110363 -9999 -9999 -9999 -9999 -9999 -9999
1.0117615965697 0.975228750774128 1.02243830569258 -9999 -9999 -9999 -9999 -9999 -9999 -9999 -9999 -9999 -9999 -9999 -9999 -9999 -9999 -9999 -9999 1.38766765331612 1.7787589676319 1.7547431737949 1.49684059927622 0.983468511728075 1.20478382693545 1.2429801716406 0.878767190757369 0.864763483815355 0.835329658483167 0.787525441571342 0.675476352636752 0.610055760006171 0.511826343730024 0.409141237851234 0.377618322182845 0.374627327823359 0.375028705235488 0.371724152991587 0.37031365749678 0.369888940573081 0.369639415736645 0.370089065710589 0.375754659268968 0.48485997700237 0.572055692625634 0.637870783245284 0.634598198941877 0.679846923954069 1.11963444817174 1.3338701763142 -9999 -9999 -9999 -9999 -9999 -9999 -9999 -9999
0.934630438017311 1.00193412696025 -9999 -9999 -9999 -9999 -9999 -9999 -9999 -9999 -9999 -9999 -9999 -9999 -9999 -9999 -9999 1.32781472934899 1.78249406681904 1.79607801235397 1.76720969891744 1.72495177393075 1.63750148078745 1.53274574630101 1.33585432629863 1.00693434038819 0.825253441373211 0.803890306428226 0.743335836776107 0.745395777014594 0.596019016286747 0.527747738433679 0.409661858596414 0.392989557375635 0.377052032951246 0.375993301402257 0.375020037939768 0.373040377070387 0.371793005522389 0.371765818197921 0.372504948075568 0.375801882427266 0.384063214453521 0.492670259849991 0.589133763206597 0.660537899228028 0.709799621025575 1.27206808247991 1.45170264463534 -9999 -9999 -9999 -9999 -9999 -9999 -9999 -9999 -9999
0.998303968124874 1.0600380450645 -9999 -9999 -9999 -9999 -9999 -9999 -9999 -9999 -9999 -9999 -9999 -9999 -9999 -9999 1.28229005007844 1.29241679402443 1.79443977686242 1.64574318508124 0.935625428019297 0.965494561477355 0.954520521357794 1.39334803569074 1.65471947183744 0.962818582507169 0.825294251510011 0.773451774394813 0.728479003640984 0.644264371343983 0.514522533434625 0.409305644402343 0.393927607520086 0.386750076126853 0.378865946365022 0.376645680589106 0.374853940682991 0.373290679242761 0.372920900536554 0.373540553880369 0.374807805795008 0.377454498633689 0.381082519795228 0.482485410042553 0.582304866982029 0.657123451115744 0.749704161456788 1.37710948792395 -9999 -9999 -9999 -9999 -9999 -9999 -9999 -9999 -9999 -9999
1.02211182459818 -9999 -9999 -9999 -9999 -9999 -9999 -9999 -9999 -9999 -9999 -9999 -9999 -9999 -9999 1.2588358814574 1.72306284759886 1.72607502436268 1.71260573587876 1.62712015932141 1.67224256724351 1.18517552787287 0.910974162052124 1.45906401597816 1.54733245519731 0.986715832613463 0.836175011316886 0.772829905643572 0.61946541154839 0.415776966094948 0.399865676758501 0.393848902256257 0.389112594379616 0.385168780492837 0.381957411394631 0.379205447836403 0.377266189002454 0.37561843114565 0.375774675669399 0.376120590162277 0.377252002621566 0.37832686389129 0.380206850859886 0.478032052447726 0.586461670916108 0.665312685233653 0.771265517066231 1.44304117893446 -9999 -9999 -9999 -9999 -9999 -9999 -9999 -9999 -9999 -9999
-9999 -9999 -9999 -9999 -9999 -9999 -9999 -9999 -9999 -9999 -9999 -9999 -9999 1.29701862278362 1.68250340163899 1.64599776260128 1.65333775720578 0.94681906554164 0.955987742942754 0.97398112659195 0.855132291530506 0.809535708685588 0.784672618675023 0.746406313735361 0.708151668834785 0.728409043406469 0.697218438852025 0.629215147563945 0.504566414727252 0.39113327915318 0.391109570407039 0.391613867097499 0.38927680659674 0.386667872851298 0.384376092168989 0.38206021407257 0.380265151055315 0.37890500749596 0.378889460777179 0.378643822620438 0.37976104869884 0.381263056067073 0.387878379242386 0.496512242728754 0.593904662532526 0.643432621889198 1.43582750142006 -9999 -9999 -9999 -9999 -9999 -9999 -9999 -9999 -9999 -9999 -9999
-9999 -9999 -9999 -9999 -9999 -9999 -9999 -9999 -9999 -9999 -9999 1.33541513149307 1.77868317737784 1.74035857224275 1.3434216916653 0.910715697852389 0.804527721898248 0.854014871118119 0.896342756339326 0.928477824059718 0.914851125048144 0.852712833420208 0.784783389046338 0.659649792917662 0.616655342128719 0.571122889498772 0.521805005179629 0.491923045678578 0.393326726839199 0.382217430266243 0.390487312987828 0.392025855145196 0.389476581933076 0.387619332040697 0.386282897227483 0.38436715280569 0.382466760768694 0.381284044137427 0.38276117675561 0.383450479399564 0.383722935646201 0.395694103441581 0.470444476346644 0.458784242926885 0.681834960618194 0.811193377575615 1.33531213448114 -9999 -9999 -9999 -9999 -9999 -9999 -9999 -9999 -9999 -9999 -9999
-9999 -9999 -9999 -9999 1.50782629943486 1.50592182638419 1.44960189426005 1.40234764252511 1.39922858206966 1.38537451229591 1.39051853287259 1.74460088313013 1.58767813377394 0.847423062354962 0.815577552271866 0.756051109399144 0.723816931346522 0.840980890760072 0.969334601016269 1.65110097304116 1.62972229137739 1.02926720191715 0.804745375961182 0.556594480797898 0.543705862260453 0.522444946991453 0.486141803965866 0.38438833521003 0.365582402303742 0.370770497828161 0.396430046241878 0.392054810908926 0.389771386587962 0.38950242835305 0.388458660520888 0.386603936970311 0.385438710397673 0.386059801812975 0.393783800371361 0.397265293708389 0.457648360785946 0.499232724181449 0.481144699881673 0.549569307248719 0.645566409041895 0.947124169897718 0.761671248238487 -9999 -9999 -9999 -9999 -9999 -9999 -9999 -9999 -9999 -9999 -9999
-9999 -9999 1.45262184438327 1.45473036811794 1.89191381693979 1.90107860766121 1.8001104425378 1.39509898489345 1.43339055325113 1.37962611302663 1.81971096824099 1.68289984296791 1.6748369259401 1.57955885989054 1.65419088339888 1.26803370895623 0.795246330785972 0.779792892317627 0.82772925633909 0.797279064266592 0.718051042018607 0.632598502238667 0.520196502787747 0.512753316837343 0.507857460759211 0.490607598935718 0.385258951461767 0.361995094112012 0.361072318618764 0.381865880087807 0.399914454588676 0.391028144467423 0.391261539583124 0.39052695712072 0.390477401954605 0.390546001851227 0.391499598714458 0.395897571123627 0.483466796665605 0.588061039610706 0.701103175207435 0.795761315845594 0.651423635342648 0.718552423699295 0.781775098962208 0.820655499293721 -9999 -9999 -9999 -9999 -9999 -9999 -9999 -9999 -9999 -9999 -9999 -9999
-9999 1.44527796309908 1.43605681552208 1.82521450668947 1.76896259146 1.15787743303323 1.05699866154281 1.04159380657066 1.26839711350774 1.71187115341636 1.65301516279107 1.30917615687038 1.71758262922854 0.873459929633495 0.677334185531085 0.705780794220678 0.646699376173062 0.545272777179597 0.520405606155352 0.525566728122685 0.523278251118117 0.508334939359774 0.500704804116028 0.497547459865586 0.483769374679881 0.39133849584109 0.366937337712306 0.363540729459823 0.370795780679578 0.401230095665521 0.400322167288709 0.392590784038902 0.392917070799319 0.393439440550361 0.394596699429624 0.398623688261881 0.401830587678438 0.469642654325512 0.701134268644997 0.922570070922926 0.812178650878363 1.41170288055159 0.977372254626063 0.87026702226384 0.889358392926947 0.935604051280974 -9999 -9999 -9999 -9999 -9999 -9999 -9999 -9999 -9999 -9999 -9999 -9999
1.40565132026608 1.42568132407559 1.4162483524552 1.34204969373287 1.19646827572745 1.06150137996977 1.02744240580022 1.00940432533453 1.01153228246768 1.5875051765275 1.81402864252652 1.78363092062991 1.41287082780002 0.630868929774277 0.418873872476129 0.417687657833136 0.489925292315215 0.482541378230164 0.413575939383523 0.411919047829435 0.411429131853847 0.411577797352191 0.415122643568251 0.417841959017038 0.41066870297147 0.369716566328596 0.367667042391693 0.370099073910805 0.394550642275236 0.459385900943711 0.405878370247065 0.401338145361049 0.399573981447372 0.399554936716865 0.400589570851743 0.45953437210807 0.48849538285533 0.618707509007815 0.922941248833823 0.833137571135041 1.14424490400211 1.11853257447813 0.978893889726756 0.921514837385664 0.890013298455598 0.891808944474807 -9999 -9999 -9999 -9999 -9999 -9999 -9999 -9999 -9999 -9999 -9999 -9999
1.42654999698748 1.39695876112763 1.80639714694488 1.32565567877828 1.20858888635711 1.12033988053643 1.1183965406888 1.02860646636895 0.783143210214939 0.704033731697659 0.820363998316576 0.707675550572116 0.611960233056847 0.416256776703327 0.394773932023728 0.397782416441843 0.40482508004965 0.403228432030838 0.398086160460027 0.393538162214621 0.392693003714887 0.394414997153871 0.397900182836609 0.405278461236102 0.384279508178562 0.366881078023717 0.366381153847915 0.371587886001472 0.459178740915954 0.469615447567645 0.470338564324948 0.466032511890572 0.465792315085405 0.46506259097262 0.465580879709983 0.537306055474242 0.717365043052394 0.761778131930106 0.954981092901682 0.851443832499706 -9999 -9999 -9999 -9999 0.92805028929324 -9999 -9999 -9999 -9999 -9999 -9999 -9999 -9999 -9999 -9999 -9999 -9999 -9999
1.43807011560422 1.4129271846556 1.52396573686942 1.79283069146858 1.33340960477032 1.79813795259246 1.76206179166107 1.61166866419292 0.649149927720923 0.582376770556391 0.556201926148677 0.506552508051529 0.415021784230159 0.394380794372553 0.383794061884625 0.383284712510561 0.386925948383063 0.388317574047951 0.385805418626921 0.382261155412815 0.377901661132629 0.379824595911858 0.38381796496475 0.381416579915035 0.371099660731552 0.368247556870976 0.369226650353009 0.400535740337963 0.472633065683043 0.480849506558819 0.4810282938248 0.484060292655071 0.48602850725275 0.49033961237073 0.491918575996928 0.836485945692506 0.818232154503727 0.908710171129636 0.839904280484486 -9999 -9999 -9999 -9999 -9999 -9999 -9999 -9999 -9999 -9999 -9999 -9999 -9999 -9999 -9999 -9999 -9999 -9999 -9999
1.429974161799 1.43029481287386 1.83091043578287 1.82228978021879 1.8158106851668 1.76327443572599 1.04802237478661 0.791616171950601 0.684372962459197 0.634666215836544 0.567323660096658 0.419531304346582 0.405996136641831 0.388975588920358 0.374417485986612 0.372037030707056 0.374190911993777 0.378621085544221 0.378370200369892 0.37588447437079 0.373118441032066 0.374164249371067 0.376346989254526 0.373038006195772 0.370711167662612 0.372912991143375 0.393074286992992 0.463884344023003 0.484643683277329 0.49346664051955 0.496588227316796 0.498004727731733 0.507167963781273 0.586362560583878 0.771207216870802 0.935491337569811 0.876240848955452 1.00142302858032 -9999 -9999 -9999 -9999 -9999 -9999 -9999 -9999 -9999 -9999 -9999 -9999 -9999 -9999 -9999 -9999 -9999 -9999 -9999 -9999
-9999 1.40222326877486 1.3801799648832 1.83588149911311 1.43642993677282 0.774058096427274 0.749900438781398 0.734748217989435 0.696153488615524 0.656474375606636 0.570236726528253 0.401193560876386 0.388866373220921 0.376720693507225 0.369717304797738 0.369582417578914 0.373027667627783 0.375306408499714 0.374954761154286 0.37362293205651 0.373090476371658 0.374074369903114 0.374345776746234 0.372202797596059 0.373624681062373 0.384389112545969 0.404745986117851 0.481650939911981 0.500383375705231 0.508894426901906 0.511296783621545 0.518752601280958 0.587239006855159 0.854677550006161 0.888291499350599 0.889842284549007 0.925024509150482 -9999 -9999 -9999 -9999 -9999 -9999 -9999 -9999 -9999 -9999 -9999 -9999 -9999 -9999 -9999 -9999 -9999 -9999 -9999 -9999 -9999
-9999 1.39815585847377 1.74863331331396 1.5550475143924 0.84045813234106 0.766037932876109 0.754432307306069 0.740963018822153 0.698728413913632 0.656649276192923 0.428773634327921 0.389393406987598 0.37947013072365 0.370204325196952 0.364261164408136 0.364920772819219 0.373372649317534 0.374842747045468 0.373653908893681 0.372444451906111 0.372995971754868 0.377879118390396 0.377125296863501 0.375147501600374 0.38484696341407 0.401205026581487 0.490555128759832 0.516517760456185 0.532596565687498 0.538821277553438 0.552227796160276 0.579317953636224 0.776883712565726 1.06282673774585 0.933520790964315 0.989630842384906 0.854784433697781 -9999 -9999 -9999 -9999 -9999 -9999 -9999 -9999 -9999 -9999 -9999 -9999 -9999 -9999 -9999 -9999 -9999 -9999 -9999 -9999 -9999
1.3706731463486 1.82633387044171 1.67967001214115 0.940800542033533 0.805456638345415 0.799389531341117 0.797488944970136 0.757827322019877 0.696256485627448 0.633447741752081 0.415186190781269 0.384993296904596 0.377607050811728 0.370559392820513 0.362951100716654 0.364069084697597 0.368260227446783 0.373827585175864 0.371514136254254 0.370363329263285 0.374838743765382 0.398130662942538 0.388567293218371 0.391767779613431 0.403700080611858 0.489871656135421 0.539141539960327 0.566610454372578 0.583875085578913 0.607037753222803 0.624049750248947 0.668045021059419 0.949749622031865 1.06320957569583 1.03564524329706 0.848476352552377 1.05661776693268 -9999 -9999 -9999 -9999 -9999 -9999 -9999 -9999 -9999 -9999 -9999 -9999 -9999 -9999 -9999 -9999 -9999 -9999 -9999 -9999 -9999
1.33375551926319 1.29368385160509 1.02799042763725 1.41692074804248 1.49034984418514 0.964402404482987 0.848365582181062 0.759760945168267 0.693906987751665 0.634567105504315 0.409865131944476 0.381344676340673 0.375364533794557 0.374668837562504 0.374341967800133 0.365597754688539 0.360262859272031 0.364647772437424 0.366473307023489 0.367529784298254 0.383130411326659 0.402494432570389 0.39581769985589 0.412069073665672 0.50433826662914 0.553444326904892 0.604340397514294 0.633945236753074 0.674607679724862 0.6989596713555 0.718466916746 0.817132224149969 1.03068972668561 1.1383565842638 0.988925410020217 1.09770968801079 0.946389587435314 -9999 -9999 -9999 -9999 -9999 -9999 -9999 -9999 -9999 -9999 -9999 -9999 -9999 -9999 -9999 -9999 -9999 -9999 -9999 -9999 -9999
1.7077026894432 1.07156399370079 1.71972030306093 1.74419278176213 1.32828501759212 0.85910447817906 0.813391294943284 0.724137582421381 0.658715046450952 0.587973589317563 0.393377836677192 0.379249950318914 0.375226653832368 0.374583933044561 0.373801427821515 0.363674314640949 0.358903590215607 0.358643707377783 0.36058376298107 0.366065963558028 0.398838232981059 0.476034299084364 0.480427801811883 0.534084969676797 0.585202386694844 0.629856449713662 0.685597266563204 0.718239545983827 0.757788455222924 0.804346991292419 0.839581686069779 0.94795008933296 1.14982811938435 0.976624068784726 1.05505143501549 1.02510068128383 -9999 -9999 -9999 -9999 -9999 -9999 -9999 -9999 -9999 -9999 -9999 -9999 -9999 -9999 -9999 -9999 -9999 -9999 -9999 -9999 -9999 -9999
1.6900357868884 1.56286168391971 1.61851893715581 0.842706576544767 0.584831208783947 0.843384802151589 0.816061443893926 0.657090414338334 0.556594480797898 0.409294178697242 0.387269530868124 0.378973801726566 0.376347377922495 0.374627424990351 0.373198817568164 0.364695792365059 0.365389409223474 0.36067622709102 0.358347639551997 0.367576638221981 0.484912641512241 0.515380323643368 0.535256220602963 0.614319447631869 0.699253115672492 0.732369570015937 0.764574597970844 0.776574721529953 0.816187760984022 0.87022621212704 0.908552760601979 1.00805370414043 0.909021105505257 -9999 -9999 -9999 -9999 -9999 -9999 -9999 -9999 -9999 -9999 -9999 -9999 -9999 -9999 -9999 -9999 -9999 -9999 -9999 -9999 -9999 -9999 -9999 -9999 -9999
0.737490270514439 0.679726436883517 0.621597255361239 0.556944281970471 0.565613521030744 0.688547256451904 0.612570441769003 0.527532416378561 0.40475123313544 0.391664782601507 0.383481961505095 0.378254182980989 0.375569867082857 0.375881948028988 0.368565370669657 0.366872974296553 0.366144960322834 0.365196066342034 0.364717227403578 0.394869544344232 0.579506457601443 0.604373434291704 0.660899360439687 0.740205116281577 0.793423478008896 0.805582955435511 0.829124574349688 0.835207228072766 0.863601366586473 0.923753564890132 0.982092627115953 1.11559035794882 -9999 -9999 -9999 -9999 -9999 -9999 -9999 -9999 -9999 -9999 -9999 -9999 -9999 -9999 -9999 -9999 -9999 -9999 -9999 -9999 -9999 -9999 -9999 -9999 -9999 -9999
0.533707767412372 0.545907471973832 0.580208003286438 0.593444090988638 0.602758518878324 0.562513893973776 0.501046054593272 0.408291804003835 0.389773718595779 0.383210476928382 0.378930465247964 0.377506191473636 0.377515519504905 0.363249889218227 0.365103952033256 0.365745409650162 0.366046083191387 0.366823632897822 0.376013706470657 0.599073946527219 0.702955178082225 0.58356609454314 0.632425544992228 0.666365975431067 0.666610836251869 0.900810494649025 0.888213765756694 0.878170585424147 0.925593907725837 0.768092043095053 0.808612622257964 0.921402123674501 -9999 -9999 -9999 -9999 -9999 -9999 -9999 -9999 -9999 -9999 -9999 -9999 -9999 -9999 -9999 -9999 -9999 -9999 -9999 -9999 -9999 -9999 -9999 -9999 -9999 -9999
0.484045717606214 0.573070116026096 0.613798632552704 0.593755025364259 0.537659548992525 0.412302080113402 0.399632475976785 0.387278664565408 0.37810979283031 0.375518193676309 0.374372789170116 0.375316630467313 0.374998486300858 0.367549275996926 0.366231555546444 0.366259733974235 0.366611070385288 0.372399366421646 0.48606931738955 0.556889868454738 0.705940148088184 0.752757148357413 0.797749352509718 0.813434048419932 0.809998223569323 0.796284074264606 0.756536944361051 1.00554873907683 0.774378747502132 0.842038067637182 0.889964714959407 0.910531080566865 -9999 -9999 -9999 -9999 -9999 -9999 -9999 -9999 -9999 -9999 -9999 -9999 -9999 -9999 -9999 -9999 -9999 -9999 -9999 -9999 -9999 -9999 -9999 -9999 -9999 -9999
