raw_data/Biomass/Lutjanus guttatusGrid_biomas_Teorica.asc
NCOLS 96 
NROWS 96 
XLLCORNER 0 
YLLCORNER 0 
CELLSIZE 0.0104166666666667 
NODATA_value -9999 
[rows 26 to 51 of 96, columns 0 to 58 of 96]
1.13525063600832 1.13524261463058 1.13524122443063 1.13524628042831 1.13524847645045 1.1352493062023 1.13524971338655 1.13524953961155 1.13524836629799 1.13524603961226 1.13524437574043 1.13524537262015 1.13524573726276 1.1352468566396 1.13524649484577 1.13524646085044 1.13525121392887 1.13525086561921 1.13524929575681 1.1352441825938 1.13483694440998 1.13512296038693 1.1350910771387 1.13503560436241 1.13497262754508 1.13373089981191 1.13316919446074 1.13225454924897 1.12960849736411 1.12908024037563 1.12867383479243 1.12771784442647 1.126978341618 1.12062478600263 1.1174941962588 -9999 -9999 -9999 -9999 -9999 -9999 -9999 -9999 -9999 -9999 -9999 -9999 -9999 -9999 -9999 -9999 -9999 -9999 -9999 -9999 -9999 -9999 -9999 -9999
1.13525305552598 1.135244698791 1.13524588122062 1.13524779369514 1.13524780262129 1.13524854064274 1.13524914648124 1.13524921333239 1.13524839440586 1.13524801931776 1.13524762694712 1.13524670774387 1.13524571504235 1.13524556709621 1.1352454311149 1.13524541877023 1.13524560299072 1.13524174822455 1.13516164421983 1.13470776786644 1.13461435858468 1.13453531660157 1.13441830240839 1.13415382636416 1.13374575709906 1.13325733541647 1.13237013335941 1.129870736174 1.12856085255894 1.12798600867875 1.12758750368543 1.12575766249962 1.11656714939996 1.10756188234256 -9999 -9999 -9999 -9999 -9999 -9999 -9999 -9999 -9999 -9999 -9999 -9999 -9999 -9999 -9999 -9999 -9999 -9999 -9999 -9999 -9999 -9999 -9999 -9999 -9999
1.13525262868522 1.13524701977919 1.13524624453381 1.13524682720231 1.1352468207451 1.13524769797646 1.13524866807773 1.1352486908679 1.13524829982668 1.13524794980776 1.13524746095876 1.13524714455533 1.13524615679168 1.13524577847497 1.13524596136603 1.13524511452155 1.13523224909466 1.13513601953022 1.13511067800837 1.13448162487652 1.13410359494555 1.13413474340094 1.13422635795736 1.13374913574074 1.13323422239274 1.13248664806818 1.13006479441266 1.12873386788036 1.12805732289741 1.12770865239402 1.125794468613 1.11654773977773 1.1170567010948 -9999 -9999 -9999 -9999 -9999 -9999 -9999 -9999 -9999 -9999 -9999 -9999 -9999 -9999 -9999 -9999 -9999 -9999 -9999 -9999 -9999 -9999 -9999 -9999 -9999 -9999
1.13524884906961 1.13524757699868 1.13524628688553 1.1352465700533 1.13524666843084 1.1352469956596 1.13524823753357 1.13524839934373 1.13524824588996 1.13524787706916 1.13524755249925 1.13524727104074 1.13524617122545 1.13524589014677 1.13523956872529 1.13514796708329 1.13509568853828 1.13503296070349 1.13499916669 1.13491016160725 1.1336724525395 1.13386011243988 1.13386774334615 1.13343853430561 1.13246763727381 1.13024177902081 1.12888914485817 1.12815091450047 1.12772483340981 1.12084596453536 1.11972541020013 1.11391464030222 1.11166411169768 -9999 -9999 -9999 -9999 -9999 -9999 -9999 -9999 -9999 -9999 -9999 -9999 -9999 -9999 -9999 -9999 -9999 -9999 -9999 -9999 -9999 -9999 -9999 -9999 1.08204867460612 1.10618744559057
1.13524568541514 1.13524638944126 1.13524638849167 1.13524673775092 1.13524722033262 1.13524736713926 1.13524806793677 1.13524831388062 1.13524824057226 1.13524800849243 1.1352478322485 1.13524706118132 1.13524432009445 1.13523743043823 1.13511790514892 1.13508041362139 1.1350269573947 1.13485693138301 1.13486742625311 1.13482734025542 1.13480503818167 1.13327359239947 1.13288764098764 1.13259429360515 1.13146612355708 1.12969285895113 1.12855063496916 1.12775383389234 1.12615966198461 1.12014201438131 1.11827481631984 1.11245815896313 1.11148976695008 -9999 -9999 -9999 -9999 -9999 -9999 -9999 -9999 -9999 -9999 -9999 -9999 -9999 -9999 -9999 -9999 -9999 -9999 -9999 -9999 -9999 -9999 -9999 -9999 1.08290216621361 1.08433775656988
1.13524517149696 1.13524598605537 1.13524672369699 1.13524700496558 1.13524739619672 1.1352481420048 1.13524817846906 1.13524810307161 1.1352482462698 1.13524789796014 1.13524675313428 1.13524011720854 1.13516162769697 1.13512167008387 1.13506794170464 1.13502988972901 1.13493054740813 1.13474007102343 1.13480735897994 1.1333469957164 1.13312124015925 1.13276937903304 1.13247711418329 1.13224167280683 1.13043712870204 1.12949257140122 1.12838882481126 1.12760180451276 1.12040763373205 1.11695752590178 1.11489594674101 1.11160447743761 1.11071357197905 -9999 -9999 -9999 -9999 -9999 -9999 -9999 -9999 -9999 -9999 -9999 -9999 -9999 -9999 -9999 -9999 -9999 -9999 -9999 -9999 -9999 -9999 -9999 1.12636938846039 1.06554479817281 1.06600439979501
1.13524511869975 1.13524593876579 1.1352471652564 1.13524739429753 1.13524753141835 1.13524809585472 1.13524814162497 1.13524797183825 1.13524778533875 1.13524688170878 1.13523822011739 1.13513398626783 1.13510135797118 1.13506976111933 1.13502153523506 1.13498042557922 1.13487419113318 1.13469393613663 1.13462634810965 1.13315793232182 1.1328474353416 1.13252083331281 1.13213043781918 1.13161452550237 1.13065063454653 1.12938475493803 1.12836489514003 1.12615844650925 1.1176523409988 1.11581382055922 1.11252538994423 1.11140715260891 1.11047370551259 -9999 -9999 -9999 -9999 -9999 -9999 -9999 -9999 -9999 -9999 -9999 -9999 -9999 -9999 -9999 -9999 -9999 -9999 -9999 -9999 -9999 -9999 1.08509932785293 1.08542294816872 1.0863723483792 1.11498046026245
1.13524497246287 1.13524593686661 1.13524702642632 1.13524759466105 1.13524753388728 1.13524762295884 1.13524782845014 1.13524773652982 1.1352462086393 1.13523738656717 1.13512449169597 1.13507763891903 1.13504957093402 1.13501456524352 1.13495344202613 1.13490461220254 1.13482200165972 1.13460503740798 1.13450943267384 1.13462347464992 1.13176268055421 1.13141592822289 1.13159914214228 1.13141887195229 1.13056386100059 1.1294443322227 1.12828021069237 1.12607290743047 1.11694417466457 1.11375472932458 1.11210586102545 1.11356917941347 1.11051111936365 1.10764297733954 1.10809897051924 -9999 -9999 -9999 -9999 -9999 -9999 -9999 -9999 -9999 -9999 -9999 -9999 -9999 -9999 -9999 -9999 -9999 -9999 -9999 1.1065127751686 1.08520720129153 1.06539571252264 1.08577049815576 1.11813760054627
1.13524490941009 1.13524587894161 1.1352467744051 1.13524725318844 1.13524686024805 1.13524664431125 1.13524637386798 1.13524504463172 1.13515367677882 1.13509412551293 1.13503498522964 1.13497820353832 1.13495102626884 1.13491934414379 1.13483480593301 1.13475554934253 1.1345583517589 1.13427650581204 1.13413849048359 1.13425954803153 1.13131963978386 1.13131513872665 1.13142257535379 1.13115572153588 1.1303821474336 1.12931038303917 1.1278355556188 1.12536430428479 1.11852535617934 1.11285679689907 1.11186694414912 1.11436702503944 1.10941814112575 1.11028435724097 1.10894030737309 -9999 -9999 -9999 -9999 -9999 -9999 -9999 -9999 -9999 -9999 -9999 -9999 -9999 -9999 -9999 -9999 -9999 1.08428837788319 1.10584388388208 1.09251619651058 1.08520150375076 1.11576596121674 1.11551052147217 1.11820684465844
1.13524447411797 1.13524587096505 1.1352468913946 1.13524622174364 1.13524344970014 1.13524150550931 1.13523668633941 1.13514424317065 1.13504244141133 1.13498452780857 1.13492410918706 1.13488839130396 1.13486971476532 1.13484274070813 1.13469687796685 1.13448846762299 1.13400800730403 1.13403678178411 1.1340788961063 1.13408482534707 1.13158651259357 1.13152382065329 1.13145476645915 1.13062250768693 1.13011470486981 1.12878689299313 1.12749334232829 1.12487674672921 1.1149608987058 1.11249101478157 1.11373459801386 1.11280437952398 -9999 -9999 -9999 -9999 -9999 -9999 -9999 -9999 -9999 -9999 -9999 -9999 -9999 -9999 -9999 -9999 -9999 -9999 -9999 1.10283539243698 1.08425495231067 1.10488213899994 1.12296273387441 1.11619688521705 1.11634124190839 1.11738985529548 1.09904007061139
1.13524376667333 1.13524595642816 1.13524516124139 1.13524196852946 1.13523675376031 1.1351392939069 1.13509657944374 1.1350100072109 1.13494153226674 1.13490467487549 1.13488106616571 1.13485900718703 1.13483461791417 1.13480432978743 1.13441603478717 1.13393823332057 1.13404477163545 1.13410320371441 1.13410065311533 1.13408813941661 1.13406979903287 1.13148598898257 1.13113988237254 1.13020077571906 1.12962344391273 1.12812041366554 1.12705206779557 1.11798933154361 1.11182459242939 1.11123546671367 1.11372225334218 -9999 -9999 -9999 -9999 -9999 -9999 -9999 -9999 -9999 -9999 -9999 -9999 -9999 -9999 -9999 -9999 -9999 -9999 -9999 -9999 1.08315608661397 1.08551543824724 1.10552710061522 1.11322030000026 1.11711903219084 1.10407612689887 1.06375596028875 1.11415374709657
1.13524140941079 1.13524358359235 1.1352401041042 1.13523319203766 1.1351055851666 1.13504817883489 1.13498380801926 1.13491878008726 1.13488332619022 1.13485903757391 1.1348387030509 1.13480565921361 1.1347666044708 1.13457469040665 1.13392555059481 1.13400466664596 1.13407224517704 1.13407287760407 1.13405645159403 1.13060982116281 1.13031879078023 1.12998180023543 1.13016516608924 1.12959201247948 1.12881627331171 1.12746251863272 1.12488859761401 1.11752367153639 1.1117655279234 1.11179591480751 -9999 -9999 -9999 -9999 -9999 -9999 -9999 -9999 -9999 -9999 -9999 -9999 -9999 -9999 -9999 -9999 -9999 -9999 -9999 1.07341747009214 1.05790477583497 1.06564355554618 1.06260448729893 1.06822454151544 1.11800587340364 1.10205767812174 1.1018180015733 1.11595682883257 1.11589833408065
1.13523884171908 1.13523728648037 1.13513316962032 1.13507435143801 1.13502785950532 1.13491377764646 1.13366095300305 1.13353849386008 1.13479564673529 1.13476465591186 1.13464602361711 1.13447866025614 1.13436549000381 1.13399366469473 1.13402447319686 1.13403082025728 1.13402583111074 1.13400862833598 1.13397014904479 1.13390002561216 1.12964921578882 1.12924824186116 1.12834297859986 1.12910139724369 1.12825109625903 1.12736136829223 1.11854111937547 1.11779316521486 1.11378701538895 -9999 -9999 -9999 -9999 -9999 -9999 -9999 -9999 -9999 -9999 -9999 -9999 -9999 -9999 -9999 1.06246166894361 1.07125145500904 1.05155353721952 1.05137045624274 1.07431141423911 1.05233087169871 1.05749835125997 1.10950018571285 1.11118570819094 1.11723864256342 1.1104427488744 1.06161824299147 1.1168616172988 1.11629531972977 1.11166297218952
1.13523750963405 1.13523193800893 1.13506658379076 1.13500839290768 1.13489478964225 1.13342737282324 1.13328187282539 1.13299578031148 1.13244190338133 1.13440178143934 1.13420631021057 1.13409316464757 1.13409705606792 1.13410106713662 1.13404445447234 1.13398760061217 1.1339538141954 1.13390742291926 1.13385456683353 1.12957594541451 1.12899954420651 1.12837114344307 1.12791556808302 1.12710425726904 1.12809614214186 1.12609370345429 1.11881952020935 1.1029715636614 -9999 -9999 -9999 -9999 -9999 -9999 -9999 -9999 -9999 -9999 -9999 -9999 -9999 -9999 -9999 1.06005217895155 1.05996063846317 1.05029950849582 1.10531838070497 1.10200241197626 1.10304145349486 1.10719344137271 1.10778598561289 1.10835422034578 1.1106651428825 1.11723129273583 1.11236376970435 1.11532041352845 1.11622423341275 1.11459568634238 1.11027998912638
1.1352357948642 1.1350940894285 1.1349739151893 1.13469736985454 1.13476404057746 1.13309092924235 1.13276396636931 1.13193506914614 1.13128623320314 1.13088683559509 1.13395828296654 1.13394060539671 1.13397873523873 1.13402116862321 1.13393838525499 1.13390836491267 1.13384061355618 1.13378665974426 1.12945263164042 1.12898207174814 1.12821504981775 1.12781305033275 1.12707565561437 1.12639174181202 1.12655727436322 1.11977478888681 1.11789824685848 -9999 -9999 -9999 -9999 -9999 -9999 -9999 -9999 -9999 -9999 -9999 -9999 -9999 -9999 -9999 1.06461173091255 1.05878523580211 1.06989752940383 1.10915187605372 1.11093805508543 1.11132928621837 1.11083967754811 1.11023118019377 1.10898892638767 1.10697427597105 1.11021560691567 1.1121379571718 1.11421831922531 1.10960122210253 1.09642015144687 1.10931596522793 1.09739253173845
1.13511936333953 1.13501397459846 1.13469441852842 1.13461993267874 1.13282755092431 1.13239645599778 1.13197618639871 1.13129081022756 1.1293786205858 1.12896393457669 1.12947272496754 1.12994941921204 1.13003207153683 1.12997395662096 1.12969346668881 1.12951414608894 1.12909543381768 1.1291421156684 1.12886690545736 1.12805337260247 1.12766715530541 1.12685990873717 1.1244347884916 1.12406936721836 1.11643215566729 1.11822720387079 1.10294079694124 -9999 -9999 -9999 -9999 -9999 -9999 -9999 -9999 -9999 -9999 -9999 -9999 -9999 -9999 1.06996058218836 1.06778393169581 1.037346339471 1.1069598422011 1.11279203485231 1.11358171400317 1.11336425786374 1.11339635401008 1.11319086270628 1.11306114869472 1.11242112494812 1.11001239462817 1.11208440028855 1.11295365509218 1.10502267833896 1.04090065532197 1.10079795185727 1.04811184275779
1.13503464527638 1.13476543647495 1.13462382409908 1.1345747245919 1.13236211881873 1.13186432468157 1.13120371382097 1.12931699218646 1.1278038013249 1.12677985828934 1.12732672724434 1.12822439378461 1.12840690500731 1.12901183190277 1.12854326614976 1.12829758819172 1.12824361348881 1.12812176208353 1.12739724380728 1.12707328163904 1.12658099512463 1.12422549882728 1.11677518560531 1.11638247311177 1.11242606281678 1.11108467180127 -9999 -9999 -9999 -9999 -9999 -9999 -9999 -9999 -9999 -9999 -9999 -9999 -9999 -9999 1.12250271443256 1.07102070460781 1.07195889965477 1.05355337403014 1.11361456982161 1.11527540295636 1.11680071058796 1.11677208994149 1.1152129199259 1.11595435989823 1.11584078891886 1.11429618561585 1.11204280824092 1.10986615774838 1.11028359756887 1.10460428892834 1.09607981834481 1.08451343074365 1.02900438011017
1.13480819082089 1.13455687419666 1.13242365225906 1.13220655696388 1.13174815182525 1.13073446436308 1.12857156393559 1.12679262078067 1.12604117212838 1.12556352829375 1.12535154179346 1.12535834085878 1.1254937524111 1.12610375011785 1.12622924794923 1.12651030763546 1.12621490913829 1.12603927294812 1.12604231163653 1.1239802576807 1.1166879562561 1.11356879957742 1.11332798352083 1.1123884590477 1.10888902950615 1.107720273976 -9999 -9999 -9999 -9999 -9999 -9999 -9999 -9999 -9999 -9999 -9999 -9999 1.10522665029856 1.0671955656522 1.06952604974556 1.07119296025712 1.05265316258832 1.11317168098568 1.11767714429296 1.11743847431006 1.11888257299388 1.11806659019646 1.11790897722693 1.11735236547721 1.1170500729557 1.1171468551816 1.11563624720519 1.11284901026002 1.10929108596656 1.10328891668235 1.09696939437719 1.02355202351036 -9999
1.13441265424631 1.13184495304295 1.13194720490798 1.13169341745024 1.13061705703959 1.12886952632611 1.12681182149306 1.12577295090068 1.12519417571736 1.09708885281535 1.10891580794778 1.10855572337105 1.11140867195311 1.11477553871272 1.11513201484695 1.11556806663396 1.12266095413157 1.1227595025951 1.11578685219957 1.1152395084495 1.11041521076068 1.10987527381361 1.10887307639199 1.10734157743275 1.10649606238234 -9999 -9999 -9999 -9999 -9999 -9999 -9999 -9999 -9999 -9999 -9999 -9999 1.06362054873643 1.06541774301362 1.04333521449342 1.06949186450093 1.0854242775949 1.1135915897405 1.11704371070184 1.11801647082948 1.11915149691827 1.12054443168596 1.11914365330381 1.11942211111309 1.11921126412096 1.1177616768062 1.11744514043277 1.10556831282679 1.11366964604907 1.10584597298037 1.1003170794162 1.02804282514605 1.04852966241433 1.06036307475962
1.13138981449436 1.13173839003873 1.13143661029589 1.13079782101645 1.12886931741628 1.12672675720935 1.12559156019434 1.11897722813789 1.10958887743086 1.10823988969431 1.10624252181803 1.10678948573204 1.10753757283527 1.10760480381637 1.1083314301827 1.10842904804791 1.1077018519275 1.11396819718547 1.10851413132342 1.10777800905581 1.10753149545845 1.10709012596673 1.10516796562862 1.10125717364341 -9999 -9999 -9999 -9999 -9999 -9999 -9999 -9999 -9999 -9999 -9999 -9999 1.07196953506421 1.06388909282477 1.05904295456299 1.05128195444277 1.11427985266564 1.11433151036863 1.11629545267239 1.11900355077625 1.12006574330219 1.12067365191065 1.12088748061578 1.12050673295786 1.12065372950975 1.12027488103209 1.11853057892505 1.11686391530691 1.11482529723545 1.10995257045007 1.1026116690027 1.09615901416153 1.05136779739038 1.04340073621228 1.06143630152285
1.13089838261106 1.13108216628453 1.13027100740496 1.12901139509131 1.12695082249607 1.12541668367627 1.11951727903577 1.10297555193994 1.0932612449254 1.10226981655644 1.10310773488583 1.10378992043414 1.10710266055642 1.10717482940619 1.1071852748976 1.10661988893509 1.10626360271888 1.10522949906895 1.10448217163782 1.10423926648295 1.10362811027625 1.10255298433276 1.10389076690579 -9999 -9999 -9999 -9999 -9999 -9999 -9999 -9999 -9999 -9999 -9999 -9999 -9999 1.06302287670955 1.06620761208251 1.04454841084159 1.09784339713146 1.11625462029686 1.1189662698678 1.12108962936234 1.12300744057766 1.12246277467175 1.12238245833868 1.12207986194834 1.12133882080386 1.12114007158996 1.1201951914285 1.11801060236248 1.11603735407546 1.11097337983821 1.10001510975534 1.09538016033813 1.09101128607494 1.04953110016384 1.04409944462883 1.0571394061914
1.13040839410475 1.12991105577085 1.12811044296919 1.1269960609698 1.12545064101927 1.12447702626052 1.09108098599037 1.10294611464596 1.10640148320554 1.10516948497282 -9999 -9999 -9999 1.12089777417278 1.1067722031917 1.10634488763388 1.10582223322715 1.10522513095435 1.1048027532652 1.10473324326779 -9999 -9999 -9999 -9999 -9999 -9999 -9999 -9999 -9999 -9999 -9999 -9999 -9999 -9999 1.04974247892645 1.05548541010558 1.05461292669551 1.04157676349346 1.04678355608605 1.10536092234273 1.1206488866001 1.12130355302649 1.1227099339904 1.1232420463148 1.12459232549392 1.12383704049752 1.12256272852868 1.12094101850723 1.12001201549271 1.11897532895763 1.11634171670345 1.11109701647294 1.1027269492443 1.05918501324621 1.05498402651773 1.0505025308653 1.04930281869695 1.06452835689927 1.04049233156672
1.12952105910508 1.12797953247408 1.12616378320577 1.1251072122534 1.12373676377995 1.09411853489341 1.08224542968074 1.09892858873031 1.09756269828947 -9999 -9999 -9999 -9999 -9999 -9999 -9999 -9999 -9999 -9999 -9999 -9999 -9999 -9999 -9999 -9999 -9999 -9999 -9999 -9999 -9999 -9999 -9999 -9999 1.0292706451822 1.04816445005091 1.06615329552716 1.03603875386406 1.03983768413213 1.11183598751094 1.11739646444278 1.12064503126417 1.11910853746086 1.12222418065606 1.12414353020739 1.12459490837907 1.12353476696781 1.12164783642347 1.11954434235443 1.11846708932906 1.11704872453772 1.11348466589203 1.10230780016158 1.05835545130995 1.04948950811621 1.07195662063846 1.05146313623929 1.04784994580035 1.04728512959192 -9999
1.12785262924931 1.12535165574427 1.12339215752232 1.12247012449935 1.11931091410904 1.09171949039277 1.094351944147 1.09323123787734 -9999 -9999 -9999 -9999 -9999 -9999 -9999 -9999 -9999 -9999 -9999 -9999 -9999 -9999 -9999 -9999 -9999 -9999 -9999 -9999 -9999 -9999 1.02824603743355 1.02342572802327 0.992716742939728 1.01102958856782 1.02216714126695 1.09290951674181 1.0993674892877 1.11135226629948 1.11629245196758 1.12163123758803 1.11816386620922 1.10433764402026 1.12311153464754 1.12426428008813 1.12398164408228 1.12308259114042 1.12000024057512 1.11828962992584 1.11657768985038 1.11400770013481 1.10757042865372 1.06245027386206 1.05561569387121 1.05065655438414 1.06824885102273 1.06556189079513 1.04739604171893 -9999 -9999
1.12658722443587 1.12393771604294 1.12130776920666 1.11999292873113 1.09898157585948 1.09171094408162 1.09009702069922 -9999 -9999 -9999 -9999 -9999 -9999 -9999 -9999 -9999 -9999 -9999 -9999 -9999 -9999 -9999 -9999 -9999 -9999 -9999 -9999 -9999 -9999 1.02924747518306 1.03653462982916 1.00428427004904 1.02071369861627 1.01340204454486 1.0278384733504 1.10751383308206 1.11162726760069 1.11689170031407 1.12146935146292 1.12363551848045 1.12349235827267 1.12287035774671 1.12464660406567 1.12453764809432 1.12361804602208 1.12188120769345 1.11802691632089 1.11545316622841 1.11372301301429 1.11169316915561 1.10033493171061 1.05811254615508 1.05457247415604 1.06989088227293 1.06237772517625 1.04422763929618 -9999 -9999 -9999
1.12638040370588 1.1233225525659 1.11964249199011 1.08857539747731 1.0841672101828 1.09219960316174 -9999 -9999 -9999 -9999 -9999 -9999 -9999 -9999 -9999 -9999 -9999 -9999 -9999 -9999 -9999 -9999 -9999 -9999 -9999 -9999 -9999 -9999 -9999 1.03021890588452 1.02522083320218 1.02396129685574 1.03316244536484 1.01974910496375 1.08813383806756 1.11304671492477 1.11680709183362 1.12213607768394 1.12407282372642 1.12406167553831 1.12483627519793 1.12541875378275 1.12515860407115 1.12397038194336 1.12283752092006 1.12036651647949 1.11682431739856 1.11454991609818 1.11378454645461 1.10958735808665 1.07454938152531 1.05650583965766 1.05231320932232 1.07112326034169 -9999 -9999 -9999 -9999 -9999
