raw_data/Biomass/Lutjanus guttatusGrid_biomas_Teorica.asc
NCOLS 96 
NROWS 96 
XLLCORNER 0 
YLLCORNER 0 
CELLSIZE 0.0104166666666667 
NODATA_value -9999 
[rows 52 to 77 of 96, columns 0 to 58 of 96]
1.12639392586931 1.1232287140694 1.11917189411423 1.11701983800601 1.08899815500252 1.08756180497415 -9999 -9999 -9999 -9999 -9999 -9999 -9999 -9999 -9999 -9999 -9999 -9999 -9999 -9999 -9999 -9999 -9999 -9999 -9999 -9999 -9999 -9999 -9999 1.08147911044704 1.03543405487023 1.03514196094671 1.01906862867766 1.08013430090707 1.11027979920835 1.11649160000933 1.12069836024579 1.12371144770712 1.12472319800543 1.12520974899547 1.12613622610024 1.12612300780565 1.12587588647061 1.12451314866901 1.12234776031539 1.11903399463577 1.11610344554841 1.11430815045147 1.11284901026002 1.10700295359293 1.06894281148863 1.05410755482913 1.0487873811752 1.06428184330191 -9999 -9999 -9999 -9999 -9999
1.12625158230905 1.12282462548612 1.11867242869844 1.11366964604907 1.09580310778137 -9999 -9999 -9999 -9999 -9999 -9999 -9999 -9999 -9999 -9999 -9999 -9999 -9999 -9999 -9999 -9999 -9999 -9999 -9999 -9999 -9999 -9999 -9999 1.04079411130955 1.03979362315017 1.03964453749999 1.02058075599828 1.08117087349133 1.10829515583979 1.1144650227407 1.12010372690733 1.12352289709121 1.12494807993966 1.12595139787763 1.12653964997043 1.12679453895273 1.12566828707672 1.12593964195184 1.12508529571323 1.12030405244083 1.11748942931636 1.11508130673409 1.11415640594893 1.11279811222913 1.10402731796627 1.06551460120673 1.05045505135887 1.02599474915691 -9999 -9999 -9999 -9999 -9999 -9999
1.12577089978601 1.12163495998133 1.11683396523426 1.09339912541206 -9999 -9999 -9999 -9999 -9999 -9999 -9999 -9999 -9999 -9999 -9999 -9999 -9999 -9999 -9999 -9999 -9999 -9999 -9999 -9999 -9999 -9999 1.04277742525194 1.0406991522967 1.01935939317501 1.01822881116802 1.02491563493488 1.10149324174936 1.10625771526008 1.11192638849117 1.11767879657978 1.12377943836032 1.1248722076884 1.12608722724961 1.12658348305077 1.12668657055512 1.12705683473802 1.12589879058451 1.12603406919422 1.12429662312791 1.11952812335503 1.11854214493281 1.11596366588149 1.11449863823124 1.11102332827897 1.101091565125 1.063654354145 1.02965959729883 -9999 -9999 -9999 -9999 -9999 -9999 -9999
1.12416952998511 1.11881634857832 1.09818297056141 -9999 -9999 -9999 -9999 -9999 -9999 -9999 -9999 -9999 -9999 -9999 -9999 -9999 -9999 -9999 -9999 -9999 1.03204154917716 1.03033152727376 1.00796108302659 1.0424881800988 1.04275919312147 1.0460582591459 1.01973315184959 1.01681620089286 1.0669443041042 1.09871929906599 1.10634545738796 1.10717331006198 1.11091526492234 1.11475863600843 1.12036484520086 1.12422052297501 1.12545945321566 1.12627289111154 1.12613273160857 1.12640659340163 1.12647777467766 1.12628749580771 1.12624417550605 1.1222680327282 1.11986359455563 1.11858350907881 1.11630665783591 1.04338478309812 1.10743159857693 1.09629727448424 1.03556129994745 1.0308587397131 -9999 -9999 -9999 -9999 -9999 -9999 -9999
1.12082156006906 1.11682663439847 1.09258190814747 -9999 -9999 -9999 -9999 -9999 -9999 -9999 -9999 -9999 -9999 -9999 -9999 -9999 -9999 -9999 -9999 1.02964687279111 1.00992844385481 1.00781712516311 1.06799550037644 1.08811750511735 1.0418578421715 1.04371486062679 1.10000580377208 1.10097609496538 1.10271232555632 1.10648713623513 1.10842581944147 1.11085847943266 1.11548184385029 1.1187600758673 1.12277480998798 1.12371545497746 1.12419872038566 1.12494331299722 1.12539184239851 1.12561674332455 1.12550938266462 1.12538565107087 1.12480123532219 1.12091410712299 1.11912454755042 1.11745026821946 1.11296391066557 1.1084615240303 1.08339861193279 1.03703734284319 -9999 -9999 -9999 -9999 -9999 -9999 -9999 -9999 -9999
1.11872057291796 1.11225361724945 -9999 -9999 -9999 -9999 -9999 -9999 -9999 -9999 -9999 -9999 -9999 -9999 -9999 -9999 -9999 1.03101409265812 1.00779357532792 1.00642483611671 1.01025624236717 1.01348997659076 1.01943460071319 1.02557597991024 1.07968001698959 1.09159642351212 1.10388525928304 1.10530375701699 1.10758771119406 1.10811606314156 1.11148653834365 1.1143446147124 1.11858960544743 1.12053601831742 1.12314099093333 1.12465691661446 1.12484320720587 1.12497635873369 1.12494523116928 1.12483610427171 1.12451888419338 1.12396536810748 1.12321604653708 1.11983598047469 1.11789969023547 1.11530427049626 1.10842240091701 1.07987183419555 1.03375916780159 -9999 -9999 -9999 -9999 -9999 -9999 -9999 -9999 -9999 -9999
1.11722707655566 1.09353643614464 -9999 -9999 -9999 -9999 -9999 -9999 -9999 -9999 -9999 -9999 -9999 -9999 -9999 -9999 1.03289959881727 1.03340288158537 1.0059895440018 1.02220987282274 1.08799709708906 1.08921314220761 1.09346103868844 1.07762510395152 1.02449325724572 1.09653923004898 1.10567694593749 1.10747470996877 1.10896480679841 1.11078877951723 1.11471495486252 1.11691975120647 1.12040493689608 1.12244809400836 1.12435739689613 1.12503158689556 1.12515300148939 1.12493938169409 1.12485775492664 1.12458738762525 1.12434170966721 1.1242648118586 1.12291779926953 1.11916000524582 1.11624550423163 1.11176040013671 1.10127274692152 1.03084221684486 -9999 -9999 -9999 -9999 -9999 -9999 -9999 -9999 -9999 -9999 -9999
1.10263445916579 -9999 -9999 -9999 -9999 -9999 -9999 -9999 -9999 -9999 -9999 -9999 -9999 -9999 -9999 1.04066306787182 1.01181907780065 1.01492518711097 1.01271644047209 1.02503661271725 1.01579216289829 1.08233735000518 1.10075028243282 1.07430799571465 1.07003882841495 1.09636811390782 1.10731536874521 1.10867556164527 1.11152585137497 1.11568106785925 1.11754135290458 1.11974630118296 1.12024474104141 1.12258963991292 1.1242684962683 1.12499542650347 1.12498775381523 1.12446817608052 1.12437447052664 1.12402528724459 1.12414816420722 1.12439895096015 1.1239448189771 1.11996326353552 1.1159120081785 1.11087329303866 1.09524455886778 1.02741647549729 -9999 -9999 -9999 -9999 -9999 -9999 -9999 -9999 -9999 -9999 -9999
-9999 -9999 -9999 -9999 -9999 -9999 -9999 -9999 -9999 -9999 -9999 -9999 -9999 1.03724967119592 1.02051485444337 1.02537732565536 1.01647263918437 1.08938938613546 1.08993786939368 1.09038132798369 1.09998947082187 1.1024815751551 1.10465442728713 1.10579754388381 1.10795463281971 1.10908920310524 1.11038995166326 1.11273429977249 1.11649769637796 1.12016303830675 1.11941662248215 1.12099468934129 1.1223433922008 1.123335144131 1.12433532842155 1.12455700074114 1.12420352531171 1.12393988110843 1.12324512298682 1.12254658549649 1.12311478224578 1.12301889263461 1.12256903380713 1.11881536100458 1.11432866159824 1.10651980213555 1.03622354410306 -9999 -9999 -9999 -9999 -9999 -9999 -9999 -9999 -9999 -9999 -9999 -9999
-9999 -9999 -9999 -9999 -9999 -9999 -9999 -9999 -9999 -9999 -9999 1.03555028470196 1.01259223408328 1.01458371450077 1.07801234680592 1.09666020783135 1.10361785470286 1.09977220460046 1.09792582155461 1.09577310073331 1.0993881903525 1.10382676453113 1.1064041420579 1.10940009891331 1.11211649643489 1.1136189379362 1.11438335798965 1.11771104466055 1.12092702154873 1.12205617917053 1.12008127859669 1.1210280199548 1.12221523551705 1.12311088892625 1.12377674152436 1.12366087253688 1.12314830277732 1.12129337342031 1.12184320509651 1.1210368701348 1.11981252559852 1.11917614827801 1.11797694888833 1.11403428865841 1.10823799051405 1.09650675406658 1.02362818063866 -9999 -9999 -9999 -9999 -9999 -9999 -9999 -9999 -9999 -9999 -9999 -9999
-9999 -9999 -9999 -9999 1.01794317445737 1.02246721174756 1.02473559264652 1.03058354849386 1.03040027759906 1.03524223766427 1.03680108481922 1.01495728325732 1.03647081737253 1.10026295277887 1.1017832465746 1.1049579162922 1.10580760953918 1.10195569214193 1.09276422945215 1.0248810698542 1.02713387747505 1.09479027495031 1.10743235824904 1.11460746125997 1.11546513106403 1.11564935154896 1.11589472563816 1.12076262850569 1.12560540521841 1.12462210464035 1.12077616966092 1.12118236633429 1.12160478200705 1.12291726749905 1.12323359496266 1.1227934599381 1.12203042628625 1.12015314357761 1.11819715883913 1.11733139852717 1.11258350486009 1.11111714778366 1.11105599417939 1.10720179776584 1.09742823632728 1.06250629967965 1.04738407688331 -9999 -9999 -9999 -9999 -9999 -9999 -9999 -9999 -9999 -9999 -9999 -9999
-9999 -9999 1.02366825334208 1.02256406994067 0.997772170865828 1.00106364016923 1.00644021947679 1.0275687897539 1.06081318048053 1.03593961665464 1.01224202524389 1.01724902407343 1.02658254544645 1.06247800189382 1.01619118067029 1.08461731590371 1.10374471994403 1.10405409640789 1.10355195314794 1.10559205258001 1.10942934628927 1.11211972504133 1.11665415084753 1.11739409046746 1.11810542843272 1.11833021540793 1.1210849193953 1.12623686366206 1.12635047262503 1.1226870488683 1.12089239949265 1.12081728691348 1.12201557469664 1.12235883253629 1.12269430373688 1.12213243125785 1.12130643978048 1.1187585945067 1.11498197960665 1.1097354941467 1.10571208077225 1.10228311081824 1.09818050162708 1.09447026307701 1.06242406517452 1.05389256762404 -9999 -9999 -9999 -9999 -9999 -9999 -9999 -9999 -9999 -9999 -9999 -9999 -9999
-9999 1.07647647973209 1.02658197569237 1.00490435240295 1.01539295520827 1.07747165018676 1.08764043103679 1.08969154571435 1.07682270029294 1.02873336708749 1.05735439339649 1.03514651897932 1.01496924809294 1.09812295646529 1.10490796785144 1.1059223200267 1.10979322922651 1.11269232788882 1.11461012011233 1.11449502978876 1.11567081228586 1.11740791649973 1.11771400738175 1.11840834768371 1.11982618070457 1.12268156023736 1.12590860934644 1.12618991592611 1.12402788912154 1.12067760220558 1.12115034615515 1.12083352490468 1.12087967498493 1.12187081917745 1.1213605664178 1.12039787194553 1.11938477322924 1.1145818223265 1.10720844489674 1.09938515166409 1.06391207290587 1.04416249741336 1.05910049972477 1.06064947114238 1.0586403283485 1.0769894483195 -9999 -9999 -9999 -9999 -9999 -9999 -9999 -9999 -9999 -9999 -9999 -9999 -9999
1.03280691882073 1.03084297651697 1.02862283479654 1.0285368019309 1.07581898352712 1.08422874362313 1.08780736898138 1.09345989918028 1.09409840358269 1.06373203061751 1.00801179113945 1.00952106968969 1.07336809140546 1.10817987559819 1.11514606878086 1.11640769422558 1.11647754607543 1.11701693226022 1.11732171270786 1.11806921106521 1.11894547384399 1.11923382638241 1.11889793736216 1.11876148126069 1.11998056506766 1.12549737984539 1.12634010310083 1.12580390753887 1.12182632138403 1.12064981719842 1.12088580933716 1.12060169197071 1.11994203070024 1.11970858346305 1.1194354813421 1.11866224909226 1.11635218118667 1.10719629014309 1.09542061287761 1.06267361746029 1.08567079119226 1.09384068482181 1.08564192365236 1.06162944815499 1.08306568563374 1.07916078110733 -9999 -9999 -9999 -9999 -9999 -9999 -9999 -9999 -9999 -9999 -9999 -9999 -9999
1.0533794091186 1.03549311937622 1.00645218431241 1.03809423665621 1.08058174777561 1.08081097883263 1.08694666048891 1.09243700069387 1.10139657347427 1.10546138897833 1.10327961069909 1.10624252181803 1.11013508167277 1.11563016982836 1.11965825518624 1.11935666536143 1.11881820977497 1.11899000962102 1.11972778417545 1.12073038042492 1.12141060981757 1.12160618740044 1.12113135435258 1.12022367913236 1.12315536772787 1.12602932124358 1.12631435021655 1.1258868637325 1.12158579020448 1.12110005586195 1.12083475937185 1.12039042715892 1.12008312080154 1.1192293063334 1.11817615390549 1.1154900103254 1.11054967272287 1.09856185702268 1.05484823512936 1.05156265328475 -9999 -9999 -9999 -9999 1.08218503574857 -9999 -9999 -9999 -9999 -9999 -9999 -9999 -9999 -9999 -9999 -9999 -9999 -9999 -9999
1.08443138615655 1.03354607977675 1.02616529554398 1.01258026924766 1.03627482197 1.00675244471104 1.01589775732058 1.06106520170064 1.10677695114235 1.11096749237941 1.11305545115395 1.11526476754692 1.11742094487629 1.11988695447279 1.12215294240462 1.12169009318419 1.12103897822488 1.12118850068652 1.1220012928611 1.12245605157364 1.12389733947068 1.12359261599844 1.12312720288466 1.12377875465543 1.12580650941583 1.12599342673672 1.12542496410219 1.12198387737815 1.1209762862846 1.12051974234262 1.12019435578919 1.11963894052303 1.11854845021127 1.11805380871333 1.11615643267758 1.10485574039437 1.10125527446315 1.05852181950047 1.0465341937183 -9999 -9999 -9999 -9999 -9999 -9999 -9999 -9999 -9999 -9999 -9999 -9999 -9999 -9999 -9999 -9999 -9999 -9999 -9999 -9999
1.09663380922578 1.08071089203309 1.00481642035706 1.0043275713589 1.00397185489677 1.01089512660563 1.08855317706831 1.10285381448547 1.10687134040112 1.1096076793154 1.11304804435095 1.11700189075258 1.11946013270183 1.12206518128495 1.12443209165564 1.12423653306458 1.12361956536629 1.12300092638937 1.1234407955287 1.12379284657294 1.12471594313685 1.1246949002196 1.12450389966116 1.12577298888429 1.12599502204813 1.12538487240697 1.12300668090555 1.12145478475035 1.12067893163176 1.12006454681862 1.11956988632889 1.11853601058058 1.11725833706269 1.11440348930037 1.10817170912309 1.09968769107903 1.09267515789809 1.0470707121409 -9999 -9999 -9999 -9999 -9999 -9999 -9999 -9999 -9999 -9999 -9999 -9999 -9999 -9999 -9999 -9999 -9999 -9999 -9999 -9999 -9999
-9999 1.10595498592712 1.0300436115468 1.00616901653609 1.07643545743854 1.10426851385891 1.10499608981536 1.10610730018373 1.10743349775719 1.10966503455916 1.11342617114012 1.12000179790293 1.12191753901177 1.12450171560386 1.12595107501699 1.12531804025373 1.12451350951326 1.12423919191694 1.12423144326149 1.124638684484 1.12481422571515 1.1250784396725 1.12535366887535 1.12570070608371 1.1247318202838 1.12382541751434 1.121888177685 1.12085743558412 1.12029303719534 1.11964260594093 1.11811813394863 1.1168911685436 1.11372624162072 1.10339508085871 1.09879640578442 1.09499177797558 1.04920007304505 -9999 -9999 -9999 -9999 -9999 -9999 -9999 -9999 -9999 -9999 -9999 -9999 -9999 -9999 -9999 -9999 -9999 -9999 -9999 -9999 -9999 -9999
-9999 1.02894265675182 1.01566947585369 1.06628927683356 1.10257824343018 1.10386493805429 1.10577247470442 1.10633121353603 1.10858971869765 1.11023004068562 1.11683062267701 1.12185080181754 1.12381005314606 1.12625002498124 1.12751829755686 1.12719382260996 1.12504693227204 1.12461574238649 1.12447489917863 1.12477787540503 1.12469733117033 1.12439150617355 1.12483638914875 1.12498613951201 1.12302926215881 1.12170752765895 1.11984137414662 1.11947747221758 1.11910566969867 1.11804393297599 1.11592112424374 1.11311394590587 1.10709753276973 1.05477302759118 1.06039004311927 1.06225579780375 1.04663883855046 -9999 -9999 -9999 -9999 -9999 -9999 -9999 -9999 -9999 -9999 -9999 -9999 -9999 -9999 -9999 -9999 -9999 -9999 -9999 -9999 -9999 -9999
1.03009716843004 1.00501393510378 1.021332451544 1.0979567781928 1.10468139564678 1.10402560870404 1.10427421139968 1.10721983997828 1.10933172842406 1.11155111047239 1.11843484124829 1.12315136045753 1.12441615753328 1.12585792022538 1.12804159768488 1.12746308838679 1.12642729446643 1.12525739942812 1.12560652573476 1.1254833828869 1.12480083649434 1.12169599963479 1.12331256287774 1.12303892898632 1.12161129619533 1.1196926683325 1.11743828439204 1.11728494457809 1.11662799913539 1.11497590222983 1.11315876655993 1.10988097135438 1.09157933088981 1.0490703590335 1.05301894470582 1.04926369558366 1.04998481432724 -9999 -9999 -9999 -9999 -9999 -9999 -9999 -9999 -9999 -9999 -9999 -9999 -9999 -9999 -9999 -9999 -9999 -9999 -9999 -9999 -9999 -9999
1.03279324472288 1.0366531386772 1.08768202308442 1.07711270511818 1.07397772826796 1.0976316385328 1.10404706944094 1.10760328447217 1.1097983570132 1.11198298406283 1.11898482485892 1.12381711809662 1.12496598920949 1.12490802622804 1.12526298301808 1.12717097547146 1.12951120235954 1.12792386750075 1.12703639955845 1.12718776422494 1.12410911706113 1.12170598932294 1.12236973383096 1.12096855662095 1.11802927130441 1.11704477424279 1.11489936526547 1.11475407797581 1.11290066796301 1.11144722531233 1.10816449223811 1.1025651390864 1.08842954043358 1.04752746499271 1.04751170179658 1.04773219662442 1.06488939106613 -9999 -9999 -9999 -9999 -9999 -9999 -9999 -9999 -9999 -9999 -9999 -9999 -9999 -9999 -9999 -9999 -9999 -9999 -9999 -9999 -9999 -9999
1.01917840129652 1.08834236805978 1.02129465785689 1.01963819283674 1.08934874367796 1.10495582719391 1.10630082665192 1.1095522232519 1.11182858070793 1.11452769568918 1.1220737086043 1.12451554163613 1.12548112286239 1.1250865111886 1.12531023462287 1.12771924981986 1.13346468411857 1.13355849412736 1.12930326111321 1.12786358751939 1.12286616055834 1.12080581586473 1.12005970390897 1.11811625376018 1.11629569956582 1.11469273445351 1.112959732469 1.11187378119805 1.11000498782516 1.10780706651374 1.1030919716897 1.09318850632156 1.054697820053 1.04679267215128 1.04527902548645 1.07317703387161 -9999 -9999 -9999 -9999 -9999 -9999 -9999 -9999 -9999 -9999 -9999 -9999 -9999 -9999 -9999 -9999 -9999 -9999 -9999 -9999 -9999 -9999 -9999
1.02243359625701 1.07064485683495 1.06700735688873 1.1053740266865 1.11385519596017 1.10739855284046 1.10702555383799 1.11170969202384 1.11561953441892 1.12025435089351 1.12330990402538 1.12488043113891 1.12512588119532 1.12533065081063 1.12546777162519 1.12731271129404 1.12733890098979 1.1290083374111 1.13351756299446 1.12720662308489 1.12075356941586 1.11884308903634 1.11726771901316 1.11348637515427 1.11131485244842 1.11068204558678 1.1096741506244 1.10870404934912 1.10688881285948 1.10187288788273 1.09761948377916 1.08934988318612 1.04730317180436 -9999 -9999 -9999 -9999 -9999 -9999 -9999 -9999 -9999 -9999 -9999 -9999 -9999 -9999 -9999 -9999 -9999 -9999 -9999 -9999 -9999 -9999 -9999 -9999 -9999 -9999
1.11063513583444 1.11264105002188 1.11431137905791 1.1164972595665 1.11431156897593 1.11204812594564 1.11532041352845 1.11695310081178 1.12056416416883 1.12237546935534 1.12390898144565 1.12510668048292 1.12542067195481 1.12533425925312 1.12686285246657 1.12651518852872 1.12672092672596 1.1272584517141 1.12708283451574 1.12218670982959 1.11617390513594 1.11437386208836 1.11032499969847 1.10813049691151 1.10773869602449 1.10621327444207 1.10578766814648 1.10442310713182 1.10098767996494 1.09681157249783 1.09432630521353 1.05695271677214 -9999 -9999 -9999 -9999 -9999 -9999 -9999 -9999 -9999 -9999 -9999 -9999 -9999 -9999 -9999 -9999 -9999 -9999 -9999 -9999 -9999 -9999 -9999 -9999 -9999 -9999 -9999
1.11791746656268 1.11812992785803 1.11645014090432 1.11574469039786 1.11308678762819 1.11532971951171 1.11844445110039 1.12024711501673 1.12242462014039 1.12351592709966 1.12459430064139 1.1251855724308 1.12534316640853 1.12880288409089 1.12817571779463 1.12736201401352 1.12680625689491 1.12606901411095 1.12339734228442 1.11202172734007 1.10925993941034 1.10687665810584 1.10558635503924 1.10253589171045 1.10086252398601 1.09927499920918 1.1003111919574 1.09906134143027 1.09869802824711 1.09773438418471 1.09032682151032 1.04449599346649 -9999 -9999 -9999 -9999 -9999 -9999 -9999 -9999 -9999 -9999 -9999 -9999 -9999 -9999 -9999 -9999 -9999 -9999 -9999 -9999 -9999 -9999 -9999 -9999 -9999 -9999 -9999
1.11860493183211 1.1168771146097 1.11555192360178 1.11583907965663 1.11697230152418 1.11924030258709 1.12123831618466 1.12285674062426 1.12444568978628 1.12489344052367 1.1253666402765 1.12552039791011 1.12589791696159 1.12773030304895 1.12782733216828 1.12714818530838 1.12557773416207 1.12277317669295 1.11386070358292 1.10591263420739 1.10118006692498 1.09878425103078 1.09501950600733 1.09571460598139 1.09572144303032 1.09477717060654 1.09443759717659 1.09459522913792 1.09678099569569 1.09453939323836 1.06397417610028 1.04718314361212 -9999 -9999 -9999 -9999 -9999 -9999 -9999 -9999 -9999 -9999 -9999 -9999 -9999 -9999 -9999 -9999 -9999 -9999 -9999 -9999 -9999 -9999 -9999 -9999 -9999 -9999 -9999
