raw_data/Biomass/Lutjanus argentiventrisGrid_biomas_Teorica.asc
NCOLS 96 
NROWS 96 
XLLCORNER 0 
YLLCORNER 0 
CELLSIZE 0.0104166666666667 
NODATA_value -9999 
[rows 26 to 51 of 96, columns 0 to 57 of 96]
0.35645172497001 0.356808220948358 0.356910411474245 0.356647757433799 0.356556624511645 0.35654277821523 0.356554253637031 0.356543052226149 0.356561133060091 0.356623714433204 0.35663651909946 0.356577319137682 0.356538990645867 0.356520544464034 0.356507648460805 0.356512998475405 0.356553093463142 0.35654188622224 0.356551785595424 0.356749499048182 0.357613766408638 0.35901706182931 0.360811017142851 0.364839541213588 0.362122460605625 0.377108389806827 0.403334344052534 0.421864283833661 0.494584060931936 0.4870367119657 0.496933947475689 0.438224290340925 0.440565431855364 0.459500946662691 0.450751058998741 -9999 -9999 -9999 -9999 -9999 -9999 -9999 -9999 -9999 -9999 -9999 -9999 -9999 -9999 -9999 -9999 -9999 -9999 -9999 -9999 -9999 -9999 -9999
0.356369342907189 0.356657413889502 0.356614056034162 0.356537581724478 0.356544208513358 0.35654673096848 0.356552024626225 0.356563774058944 0.35653742431395 0.356526504687346 0.356518628330944 0.356532548474272 0.356523980288884 0.356516226362892 0.356510919101768 0.356519094732507 0.356510751974541 0.356975933120548 0.357538289032296 0.358488706591536 0.359688077645298 0.361021305947763 0.362917558670884 0.368672934530224 0.375638058878111 0.398790232486823 0.418041345685405 0.479185230313309 0.517047903566618 0.524573487126561 0.537091510755063 0.449013324506991 0.466630671895672 0.986472915132509 -9999 -9999 -9999 -9999 -9999 -9999 -9999 -9999 -9999 -9999 -9999 -9999 -9999 -9999 -9999 -9999 -9999 -9999 -9999 -9999 -9999 -9999 -9999 -9999
0.356358504706525 0.356509051552175 0.356541561684486 0.356529689821357 0.35652034041335 0.356537455407388 0.356538899308894 0.356536225273264 0.356534528737577 0.356537706098228 0.356531874135345 0.356554067076405 0.35651777909143 0.356516743291292 0.356504560493787 0.356514939871913 0.357059360700207 0.358492787605216 0.359446267868057 0.361161187549996 0.365891237872328 0.365931290106587 0.365881462872894 0.393527862513429 0.395433695901998 0.415229721593855 0.489281269489711 0.514779054294512 0.527362179807909 0.531347581167427 0.549501679022022 0.45264134566853 0.464990298730288 -9999 -9999 -9999 -9999 -9999 -9999 -9999 -9999 -9999 -9999 -9999 -9999 -9999 -9999 -9999 -9999 -9999 -9999 -9999 -9999 -9999 -9999 -9999 -9999 -9999
0.356428877123421 0.356456931177461 0.356507024648714 0.356511690607688 0.356506210389318 0.356524184339568 0.356518056989029 0.356501087745479 0.356500154942352 0.356507106268987 0.356522073872494 0.35655324504365 0.356541653021459 0.356570721498899 0.356804021390947 0.357317558662382 0.358699967066372 0.361237891173782 0.367920531641417 0.401289756198843 0.412337254564644 0.371378627166679 0.371053584143765 0.42664703753266 0.50476463539171 0.485895194139202 0.516062824597855 0.527226534686545 0.531033343114065 0.538515784529391 0.55816664273463 0.587901685743201 0.681957391028595 -9999 -9999 -9999 -9999 -9999 -9999 -9999 -9999 -9999 -9999 -9999 -9999 -9999 -9999 -9999 -9999 -9999 -9999 -9999 -9999 -9999 -9999 -9999 -9999 1.2446980840659
0.356488271419184 0.356481285112432 0.356509010742038 0.356509189529304 0.356513558157281 0.356516405150158 0.356505512730312 0.356493188068999 0.356480960574677 0.356486106538594 0.356518509787213 0.35655694127604 0.356663570390139 0.35700396968453 0.358432408036151 0.3596472286417 0.361802081598345 0.394828151205477 0.416004531191105 0.42817178197711 0.428990122386947 0.423404380662907 0.470624235282549 0.479502189042457 0.583770145227141 0.493033275733528 0.522873453427856 0.530686845619233 0.539058559348834 0.548632228774193 0.577046189354345 0.591823345555716 0.642970107005462 -9999 -9999 -9999 -9999 -9999 -9999 -9999 -9999 -9999 -9999 -9999 -9999 -9999 -9999 -9999 -9999 -9999 -9999 -9999 -9999 -9999 -9999 -9999 -9999 1.29109143624835
0.356503514976949 0.356514325776521 0.356513822451501 0.356516547013967 0.356524751794804 0.35651344738691 0.35650299221853 0.356481590216788 0.356482355892688 0.356494045081871 0.356541738528412 0.356859396859905 0.357222276709653 0.358312309633567 0.359990986027347 0.361913396104817 0.368658767582735 0.423124345390863 0.4363472183821 0.448826180879665 0.469040996308686 0.476165085856109 0.540784245133528 0.552004312077799 0.650603545926949 0.498877481657303 0.521380968424877 0.52928355991526 0.548189730290888 0.560704644575633 0.581142749753147 0.599936789419567 0.672162958196544 -9999 -9999 -9999 -9999 -9999 -9999 -9999 -9999 -9999 -9999 -9999 -9999 -9999 -9999 -9999 -9999 -9999 -9999 -9999 -9999 -9999 -9999 -9999 1.37236773869573 1.76095020126823
0.356513620344157 0.356522349826752 0.35651740402684 0.356523826765036 0.356522326506674 0.356501732934309 0.356484724823962 0.356486073501816 0.356490129252078 0.356526232619768 0.356890672971413 0.357811578971728 0.358754438882301 0.359978101684158 0.362385588820994 0.365302289298105 0.373981031290233 0.436050081719398 0.455264660128844 0.469333857623724 0.503529059916588 0.511624819387825 0.578826288654773 0.612710362238032 0.642666945989232 0.67042949905246 0.520961401351774 0.532193322669115 0.552729177840964 0.567172079588543 0.59545933441063 0.618017623361907 0.688084741568169 -9999 -9999 -9999 -9999 -9999 -9999 -9999 -9999 -9999 -9999 -9999 -9999 -9999 -9999 -9999 -9999 -9999 -9999 -9999 -9999 -9999 -9999 1.33886067304292 1.34716456421183 1.34114798404357
0.356515717207852 0.356524355353475 0.356519846805028 0.356523702391286 0.356518700234518 0.356507564897191 0.356492562313568 0.356491950161516 0.3565495410379 0.356950452048466 0.358072171128596 0.359734892702227 0.360856996563646 0.362681423445999 0.366844815302161 0.371123563811678 0.404392881267537 0.465311338473116 0.497565144258199 0.511513466014556 0.578466770782962 0.557869311737943 0.608619631858773 0.623109173762694 0.642904033450643 0.674840880506577 0.708851271179932 0.537287593745689 0.558038382304686 0.585762068570961 0.621799362705393 0.647406751877599 0.764382207325929 0.824668496079075 0.750633077903954 -9999 -9999 -9999 -9999 -9999 -9999 -9999 -9999 -9999 -9999 -9999 -9999 -9999 -9999 -9999 -9999 -9999 -9999 -9999 1.29190180896481 1.30003857290683 1.75350526631196 1.29598282264483
0.356637648179912 0.356525237629766 0.3565255660542 0.356517716904555 0.356513525120504 0.356536740258324 0.356542105819643 0.356582519515114 0.357400576197333 0.359254848893066 0.3616547181377 0.364928487878414 0.366265350226395 0.368773755001519 0.398132023280431 0.41753355098322 0.47931951509678 0.550423210777768 0.573583157745871 0.60096675953881 0.56778034496085 0.625635515564612 0.621752722549049 0.638688929321136 0.653283411576829 0.685327142324383 0.719801991221321 0.54246290209391 0.564793431615045 0.592561814697815 0.632174854151883 0.656134291133301 0.78333948753955 0.749165856318994 0.741647074448518 -9999 -9999 -9999 -9999 -9999 -9999 -9999 -9999 -9999 -9999 -9999 -9999 -9999 -9999 -9999 -9999 -9999 1.29583707215626 1.28955619776872 1.69197135337664 1.25238010648358 0.906862054934541 0.630946663368182
0.356660039341636 0.356527849478521 0.356516902645159 0.356536419607249 0.356624812420218 0.356722206783362 0.35692782574262 0.357510256354994 0.36164208642869 0.364817736940497 0.368888722986904 0.371571950614721 0.372187892179427 0.374558689059941 0.429179015020136 0.497865778932627 0.58823788353684 0.585579394625284 0.585091616323529 0.582234906747515 0.58528789364814 0.590956615983673 0.6186375487733 0.651141851064742 0.667500885902083 0.702978498160397 0.733267393025542 0.77339736087908 0.576515657575943 0.607241803906804 0.625888149744804 0.657766696605309 -9999 -9999 -9999 -9999 -9999 -9999 -9999 -9999 -9999 -9999 -9999 -9999 -9999 -9999 -9999 -9999 -9999 -9999 -9999 1.14043595790076 1.27296396214967 1.26568809776014 1.03665189333814 0.842238231641488 0.59455762472133 0.706468736526739
0.35669238817674 0.356514413226814 0.356555761668752 0.35666178251748 0.356833433839541 0.357534248828752 0.358715338884567 0.362785314394253 0.367569661631928 0.370226382104223 0.372167234476847 0.373931301223532 0.400813832270159 0.400334215995764 0.516795852388381 0.594268067084033 0.571643704577937 0.565656274507392 0.574560657689228 0.577281333475908 0.582120249696504 0.589318380492122 0.633467175150557 0.665295195175024 0.677145681565865 0.708070048561185 0.75008699940677 0.800343711206303 0.838409852141659 0.926184683039516 0.912099355823901 -9999 -9999 -9999 -9999 -9999 -9999 -9999 -9999 -9999 -9999 -9999 -9999 -9999 -9999 -9999 -9999 -9999 -9999 -9999 -9999 1.1635966822048 1.21795189774298 1.19692884727133 0.927006715795063 0.714399506444912 1.43750849038826 1.57987756762555
0.356798331291873 0.356639163984993 0.356797981490701 0.357118383818059 0.358638615827382 0.360998549438148 0.364497630000796 0.37036288229512 0.374709200731139 0.376603315780428 0.402482578197318 0.40939406636541 0.415320669898724 0.456529191367696 0.586690985018128 0.571332770202316 0.562603287606767 0.568538247501426 0.572018769168529 0.576521487595485 0.595313583922057 0.688586123248857 0.672594379642718 0.692119115091846 0.696672360354841 0.72438438658203 0.804514118519315 0.865163811823967 0.927710204819905 0.999038550587278 -9999 -9999 -9999 -9999 -9999 -9999 -9999 -9999 -9999 -9999 -9999 -9999 -9999 -9999 -9999 -9999 -9999 -9999 -9999 1.11754535783554 1.50505898349184 1.59501035501904 1.65229612704745 1.65374002855424 0.712226852495263 1.51156722864155 1.48241518758727 0.884626360397971
0.357061636351168 0.356930997273251 0.357796354847361 0.359582223923797 0.361740613758965 0.369072174268521 0.371412480146825 0.395170956354599 0.412679282377827 0.42032807368411 0.454516279953522 0.514292441996665 0.545017422323618 0.596545661385454 0.591751441981354 0.562702397938996 0.567632651132431 0.569127079475257 0.576414603903866 0.598644468420893 0.704935441386959 0.735319559904638 0.700691187159738 0.708097255319052 0.706591166937139 0.761647928160315 0.790104253549146 0.828364728469265 0.914460513738771 -9999 -9999 -9999 -9999 -9999 -9999 -9999 -9999 -9999 -9999 -9999 -9999 -9999 -9999 -9999 1.17924834133761 1.14847361151055 1.67047995800171 1.74131858212748 1.04730139570314 1.46304203264625 1.3331394805315 0.926474240676813 0.886037225127349 0.795697185630622 1.18324579140418 1.649674561593 0.820383431715053 0.832082337597779
0.357195439186357 0.357604090519536 0.361555530071877 0.363040105681676 0.371932751090832 0.397929721602293 0.404926716723681 0.41772574729415 0.467197544129225 0.545695453596456 0.580291566899886 0.594660621733254 0.584928375776328 0.582357337157915 0.587157386581559 0.592800845499073 0.569770324964822 0.580242983403695 0.59199241612246 0.694282052342257 0.739336443369687 0.700805844210748 0.707078945238894 0.714593840429675 0.749274683350462 0.755394260530645 0.772334353982427 1.28357265437787 -9999 -9999 -9999 -9999 -9999 -9999 -9999 -9999 -9999 -9999 -9999 -9999 -9999 -9999 -9999 1.17465039925812 1.16747753188052 1.51060333207712 1.00297575711857 1.09252874397701 1.00827135820336 0.866551356475174 0.805707329185759 0.84347419578458 0.838394305422878 0.757745701746276 0.930938092306816 0.875698657137963 0.823675449416936 0.846647669755758
0.357322352881786 0.360389351262713 0.3698491604064 0.467696788136081 0.421720865352906 0.421514093993118 0.441861056531778 0.501675891037889 0.537449085287027 0.558458143711774 0.61286777276569 0.615823592673933 0.603252127199622 0.591774762059525 0.601437047781936 0.60296645624202 0.613233120657044 0.629893373170767 0.68501815128861 0.76179173530904 0.698640963620489 0.749869345343836 0.753338206971854 0.75271828156046 0.757015005963568 0.778071093212627 0.807831399639217 -9999 -9999 -9999 -9999 -9999 -9999 -9999 -9999 -9999 -9999 -9999 -9999 -9999 -9999 -9999 1.2901100496253 1.03405364796186 1.07951031033775 0.818408998429862 0.733885375097088 0.782361987596192 0.820880926716046 0.806401101511362 0.782544661541869 0.761171809897646 0.784730918870452 0.766076799673062 0.78982246927124 0.95464683844789 1.4658715354644 0.928518634196518
0.359050254073907 0.366138547301337 0.472058808758069 0.505159327714763 0.462419260111875 0.47239014820209 0.502779708071342 0.595121193277142 0.638826906450317 0.653477745561592 0.660094817742769 0.61712951705154 0.610372524401334 0.611657072040617 0.696079641701314 0.593685065129744 0.674073261266764 0.733846508300135 0.752889295467051 0.723321379685377 0.745051805861564 0.756711844947338 0.763478554296782 0.765966029301747 0.763581551308706 0.806393328151972 1.26204627888569 -9999 -9999 -9999 -9999 -9999 -9999 -9999 -9999 -9999 -9999 -9999 -9999 -9999 -9999 1.17624588127302 1.23692666801523 1.53611938427649 0.826664306102589 0.694208205428047 0.686362942463169 0.677091268050132 0.689281838914308 0.696862807659909 0.685836297364462 0.526276047167069 0.644715226188633 0.635016017009117 0.689540303114043 0.970747409085496 1.68135488778904 1.05093544121821
0.363923198175235 0.442282178276759 0.500604139111921 0.484478110722311 0.477884552953291 0.514184975303091 0.600238007095949 0.645943416972335 0.683471252769897 0.688636650084895 0.686786590549952 0.678140671567851 0.675509389414162 0.681432689269735 0.698553513327346 0.704101748592326 0.713546380251803 0.716265112698636 0.726263596214687 0.738263719773796 0.755330130315673 0.767567341336193 0.783180133672044 0.787303900828713 0.809947696733285 0.845217371627903 -9999 -9999 -9999 -9999 -9999 -9999 -9999 -9999 -9999 -9999 -9999 -9999 -9999 -9999 1.1562644609597 1.15036253784245 1.11476055183389 1.49367101198473 0.707644457134554 0.668655229771574 0.630270381101207 0.629395878169774 0.636189794277085 0.517246318565061 0.512056046500014 0.497098742694768 0.501786855743188 0.499066568624477 0.534693623717074 0.629403651529165 0.948910099217689 1.52321560768824
0.420853747112894 0.519134661895002 0.538142468944661 0.484094689770374 0.494168380538528 0.583344553800511 0.634318358003818 0.694791207382336 0.736901438540608 0.752630831267317 0.744295846660836 0.737115205923847 0.741254519799297 0.743250329822812 0.757026666002653 0.749544807589282 0.750312426829095 0.744173416250436 0.747323570143442 0.765085696350771 0.785605421801885 0.801315381130117 0.802778716035382 0.818028103819726 0.878625326948492 0.885362886200222 -9999 -9999 -9999 -9999 -9999 -9999 -9999 -9999 -9999 -9999 -9999 -9999 1.20594594416433 1.22467002359624 1.08883639826652 1.05763219033314 1.49899576316724 0.748804395107335 0.577842958691873 0.596780805507017 0.568952178888971 0.5822057566498 0.490336891694943 0.4975562048949 0.505774783444508 0.50501066221642 0.515031882808688 0.534296405052219 0.572300553446435 0.635892463280398 0.966512871557512 1.72323580484529
0.561837611706801 0.5876976350592 0.540064043385997 0.505261936058718 0.570184256352367 0.625674382361565 0.678941327585074 0.754535304317993 0.800330107827369 1.31320858705421 0.872904134437073 0.849753126832269 0.848142098098585 0.842059444375506 0.828537685715704 0.809147040716062 0.802343407909513 0.793555625118535 0.789177280441827 0.805322547895928 0.820801249782293 0.832379668594466 0.853569846293012 0.899922388338658 0.976330624467734 -9999 -9999 -9999 -9999 -9999 -9999 -9999 -9999 -9999 -9999 -9999 -9999 1.19806958776189 1.21735529240976 1.691023003531 1.06538028630564 1.34416210414725 0.732144142593612 0.578837948693859 0.575967635738911 0.545149569433257 0.526336679370315 0.540758593047539 0.47098861150398 0.486772223412437 0.507740666034369 0.510619529684647 0.756101636235182 0.581993932606409 0.62688313974679 0.670297351942821 1.60169738743473 1.10034680018402
0.574955155678297 0.543278716161945 0.566276199918786 0.587487754355656 0.622572811964749 0.693184065328347 0.756556377759527 1.20268501990001 0.870645973534128 0.961582618364077 0.979729525861237 0.93856570120876 0.928868435369092 0.966417647904978 0.915995752218397 0.905328759794762 0.909977228710291 0.845710979949201 0.839713833179418 0.854374388989931 0.87715227534399 0.892450246624525 0.971598591938757 0.905509490400592 -9999 -9999 -9999 -9999 -9999 -9999 -9999 -9999 -9999 -9999 -9999 -9999 1.14370271218463 1.17074039948469 1.25643391340573 1.51155945528216 0.687406515961346 0.611750352353303 0.587800632071124 0.530379214921353 0.528242901426854 0.520137813924348 0.513025967417965 0.516941408542968 0.458302294644673 0.486809146869542 0.515536956835087 0.525847540730667 0.573849395304996 0.627815942873652 0.669702689949446 0.863014477952489 0.984558725382595 0.691289308976909
0.596687525194331 0.590142356587517 0.613108746906796 0.631642379033633 0.677917187485374 0.765645378226888 1.20436600886821 1.37535465204154 1.56252354278623 1.28419063644942 1.06281119102707 1.03383405055907 0.968471758123922 0.968355157733064 0.952717101979194 0.978717045800622 0.964649208643636 1.00403682067538 0.971310977641308 0.959821952462126 1.02033755531729 1.15538995802827 0.992326254753568 -9999 -9999 -9999 -9999 -9999 -9999 -9999 -9999 -9999 -9999 -9999 -9999 -9999 1.1298330956921 1.11945371756591 1.57340235925325 1.14869709559303 0.597597008243022 0.513650556844993 0.507864068114693 0.471140580680064 0.472289871865952 0.482108207778128 0.490848961744793 0.512758175186962 0.462381753652816 0.495082138934884 0.534027446817307 0.565034405756151 0.605001133062488 0.735634380959954 0.656727009786828 0.668577496177669 0.691091088312451 0.648588302504958
0.62602224019429 0.715621867209071 0.657113734416506 0.680431869248206 0.758282063544222 0.81509949066935 1.39059626646649 1.11811864309059 1.28579777850341 1.1850744742008 -9999 -9999 -9999 0.971621912016929 0.963578428387592 0.972519735026533 0.974412548038124 0.989747442775764 0.988041190389546 0.978217607459781 -9999 -9999 -9999 -9999 -9999 -9999 -9999 -9999 -9999 -9999 -9999 -9999 -9999 -9999 1.26384581158459 1.21063133653697 1.2066708099275 1.54898623740764 1.51699109015628 1.0627023639956 0.480146794869916 0.492319098339525 0.52140312249914 0.473876414517556 0.392664047951158 0.397524923912032 0.478214726393403 0.528758663822415 0.577872108789588 0.521723190572044 0.576696388181772 0.618093413615964 0.665625562949121 0.695090481718871 0.670501402626822 0.66787206381298 0.676442192541024 0.712531956851341
0.763297823690952 0.761043549467703 0.70450013326109 0.752877635427966 0.811206980954549 1.33798811345133 1.70617328098311 1.1595040084857 1.18653586576621 -9999 -9999 -9999 -9999 -9999 -9999 -9999 -9999 -9999 -9999 -9999 -9999 -9999 -9999 -9999 -9999 -9999 -9999 -9999 -9999 -9999 -9999 -9999 -9999 1.32025125066202 1.23936361618416 1.09868135793461 1.61337102989944 1.59111007194485 0.785762832329543 0.549155764529144 0.504824684593002 0.633811146303587 0.513701666682986 0.400155817397752 0.386039008076606 0.389625441765405 0.485532955591604 0.567284793299705 0.62553057521284 0.550469267932156 0.605440327868052 0.698571003385974 0.786608185163261 0.757154926432597 0.699461053036188 0.653957750503956 0.964890182784742 1.368257574918
0.807703139209274 0.856140884911425 0.778578304912859 0.834486248989296 0.911654330998794 1.55031353852357 1.37760309624525 1.37966109314389 -9999 -9999 -9999 -9999 -9999 -9999 -9999 -9999 -9999 -9999 -9999 -9999 -9999 -9999 -9999 -9999 -9999 -9999 -9999 -9999 -9999 -9999 1.46137659039684 1.38680092374407 1.62661294762118 1.48569360191022 1.69960284895828 1.11115565641654 1.00301268057568 0.77852000471743 0.566245106481224 0.398263393054131 0.638370221586125 1.20071835997421 0.472449225733458 0.390214662407206 0.386504437970113 0.391479970981997 0.518011605797058 0.608644895276792 0.663087561108117 0.558104455859506 0.614255317416897 0.75923430006956 0.831788893280787 0.815950673522611 0.843835656996239 0.716199039143817 1.08257107059776 -9999
0.831886060273169 0.891944978264141 0.980339734573392 0.902149455804041 1.06720119574286 1.35717276442712 1.40508192169072 -9999 -9999 -9999 -9999 -9999 -9999 -9999 -9999 -9999 -9999 -9999 -9999 -9999 -9999 -9999 -9999 -9999 -9999 -9999 -9999 -9999 -9999 1.50946064824672 1.1200367195202 1.82980078872988 1.49894717967105 1.82220815994519 1.74753726963989 0.844300115219822 0.676356685587728 0.540059768038332 0.396824544230946 0.38454788341152 0.400500371552736 0.48098379134229 0.392509746767256 0.385114949979058 0.385633433050405 0.398074111752972 0.55284772157167 0.621912076416555 0.667364852112749 0.728096165691001 0.941554557894413 1.06447468993664 0.858249408646103 1.03685983070183 0.94933569064432 1.25438563320633 -9999 -9999
0.834068430922056 0.904250206179328 0.998144614257369 1.57472966036918 1.78438493649079 1.53862629267993 -9999 -9999 -9999 -9999 -9999 -9999 -9999 -9999 -9999 -9999 -9999 -9999 -9999 -9999 -9999 -9999 -9999 -9999 -9999 -9999 -9999 -9999 -9999 1.51198893338848 1.54473809650073 1.54016541783926 1.36032874833967 1.74988482417583 1.32702379003101 0.626412851503664 0.506903669561995 0.393598211415913 0.384619009649943 0.382467149436664 0.383924459988401 0.383293846207845 0.382849015716723 0.381940698671941 0.386544276436989 0.470071549429884 0.566940822146675 0.623593065384754 0.674949707538044 0.760044672786021 1.00943347543225 1.05058952672533 0.861658026738844 0.990649152465064 -9999 -9999 -9999 -9999
