raw_data/Biomass/Mycteroperca jordaniGrid_biomas_Teorica.asc
NCOLS 96 
NROWS 96 
XLLCORNER 0 
YLLCORNER 0 
CELLSIZE 0.0104166666666667 
NODATA_value -9999 
[rows 52 to 77 of 96, columns 0 to 58 of 96]
23.7792594681794 25.5255625315952 26.4676154534792 27.4710253303747 31.3897918966384 30.9311837095072 -9999 -9999 -9999 -9999 -9999 -9999 -9999 -9999 -9999 -9999 -9999 -9999 -9999 -9999 -9999 -9999 -9999 -9999 -9999 -9999 -9999 -9999 -9999 51.1367166733773 53.1543523430678 49.8971592993377 60.1705435163453 54.0958711456481 17.4357915579 11.8557470448766 9.23539779991918 8.55913532888501 8.51517463959476 8.44160437905532 8.34433524501112 8.33895933421948 8.35040484324843 8.42047996059436 8.98528975947484 10.8916683782067 13.6078252732637 16.9315161703033 19.6888403106922 26.8352898291571 32.8222998691361 31.9887399308142 35.54163477405 41.0673660303794 -9999 -9999 -9999 -9999 -9999
22.7262432609537 24.0945233871827 26.3571195225283 26.3212667642681 27.3308857780689 -9999 -9999 -9999 -9999 -9999 -9999 -9999 -9999 -9999 -9999 -9999 -9999 -9999 -9999 -9999 -9999 -9999 -9999 -9999 -9999 -9999 -9999 -9999 42.9241650247462 46.8026723484942 48.7071414907154 60.5449611482323 50.8667861302747 19.233570369209 12.2655834630896 9.31995556218467 8.49283042617401 8.3439560203055 8.24101520690525 8.1672059279774 8.16248030743799 8.1781340089309 8.19604569978016 8.22149047575884 9.61633836380249 11.656427073722 14.1923120272921 16.2657364582532 18.1675350039559 27.6767947921214 32.0438209840073 35.3696483582617 56.8238187243341 -9999 -9999 -9999 -9999 -9999 -9999
22.0466432119206 24.7131670706821 26.9154744896237 24.9033135427959 -9999 -9999 -9999 -9999 -9999 -9999 -9999 -9999 -9999 -9999 -9999 -9999 -9999 -9999 -9999 -9999 -9999 -9999 -9999 -9999 -9999 -9999 41.0305117984247 42.3457805837624 57.274214827171 60.7632824136158 57.7619992812663 30.5203124351433 20.9924920011746 15.0056822559345 10.3400967262682 8.3594494860073 8.29021226831904 8.20341587852196 8.19254655069186 8.13100933041542 8.09361697326232 8.1141558634366 8.1192713910677 8.50840133917484 10.8810594335372 12.6833315234885 14.7868936361603 16.2449725703222 18.3092769141727 27.6974251502265 33.2386458663628 53.6817283905492 -9999 -9999 -9999 -9999 -9999 -9999 -9999
22.9088452979029 26.228263240513 25.1425989908492 -9999 -9999 -9999 -9999 -9999 -9999 -9999 -9999 -9999 -9999 -9999 -9999 -9999 -9999 -9999 -9999 -9999 49.7526132627765 48.5379592012715 61.939613415081 35.6913217089093 39.8495072530522 40.0412560830771 56.3794314636636 58.7258843296886 54.7220592643122 30.8718964667976 24.5882499185315 23.0416407097829 15.6738655048512 12.5364754209388 9.08884213947782 8.30104020190311 8.18372623804054 8.17621785592891 8.19352465666674 8.14094061121842 8.1016000539051 8.09231973100348 8.11866650095627 9.39836427596643 11.6095046928928 13.3034840940209 16.0649076000656 47.6408390658104 19.2363744955534 29.1883524215653 53.0961333389656 53.0955324547489 -9999 -9999 -9999 -9999 -9999 -9999 -9999
24.6557492455354 26.0955345935459 23.8685909217216 -9999 -9999 -9999 -9999 -9999 -9999 -9999 -9999 -9999 -9999 -9999 -9999 -9999 -9999 -9999 -9999 49.1533314040358 61.9348063413478 61.7185547882661 53.9271562105949 32.7489252297917 41.9308366497079 39.2741272331517 28.0606930416489 27.1644408500564 28.0094843534076 26.785549969001 20.7176208545129 16.2093201068009 11.8151005658658 10.0530877184302 8.48629080294945 8.36697990054021 8.33238699618757 8.23643246327958 8.19387584010892 8.16624050733597 8.15587859284438 8.15702494639993 8.27429217482342 9.80247226464731 11.9724587892243 14.3385805986077 14.9835163048313 18.4100919327443 40.6062875414686 46.6556560101534 -9999 -9999 -9999 -9999 -9999 -9999 -9999 -9999 -9999
25.8752771456866 24.0137378424995 -9999 -9999 -9999 -9999 -9999 -9999 -9999 -9999 -9999 -9999 -9999 -9999 -9999 -9999 -9999 47.7180860701067 61.0991766907241 61.4610425189744 61.8108238979786 60.9661809841052 57.5988258339889 51.2526205622781 49.1037250737056 36.8924224930831 26.9829070517146 24.0722239062536 22.8213832619236 24.0980619275696 15.1482921100198 12.0340093624833 9.94634397558762 9.1287408514635 8.40185455282554 8.34471313441848 8.28460935682333 8.20099164453233 8.19621060911517 8.19746645712798 8.20089416775941 8.26818652353311 8.47806670097087 9.6994807099132 12.4902741011696 15.9214965670247 18.7397103080343 39.2802696051441 46.9263877322115 -9999 -9999 -9999 -9999 -9999 -9999 -9999 -9999 -9999 -9999
25.7169775370553 25.4319581236235 -9999 -9999 -9999 -9999 -9999 -9999 -9999 -9999 -9999 -9999 -9999 -9999 -9999 -9999 42.0717773809692 44.2624009401425 61.7680275887704 58.8708977206406 36.5168698576758 39.1938090428593 38.9843007459867 53.0731662089069 58.2816305988441 34.685975649538 26.4940543590119 23.5494546377666 21.2208280035022 17.0647121716611 11.6189318986029 10.0330382150679 9.11571501694475 8.74366086297659 8.42572835040225 8.30621314735935 8.21581746110452 8.17937583631198 8.19293044894139 8.20552965566631 8.2185541548868 8.267140317347 8.35152449083879 9.50869329463498 11.8713633580183 15.4529404078622 19.4850737963343 39.2058267271923 -9999 -9999 -9999 -9999 -9999 -9999 -9999 -9999 -9999 -9999 -9999
24.5053946615465 -9999 -9999 -9999 -9999 -9999 -9999 -9999 -9999 -9999 -9999 -9999 -9999 -9999 -9999 29.2945753980868 50.7927438418006 55.0901342294679 57.4293097199801 58.5157083836865 58.9263793633114 44.8047990930402 33.2222884626873 55.8028496753298 57.1203884677082 37.5646784016905 28.2305429802225 24.2711165819653 15.8803693806405 10.2901098359341 9.38561885408211 9.0688727540111 8.80567211413505 8.61498484622627 8.46909750256365 8.33524253151492 8.2530422383261 8.21607650896681 8.21727894504924 8.22875249534164 8.24107329237952 8.24003910387775 8.25888683880673 9.22711895071198 11.5448161687246 13.8090346914551 18.2077274815586 34.3691761375366 -9999 -9999 -9999 -9999 -9999 -9999 -9999 -9999 -9999 -9999 -9999
-9999 -9999 -9999 -9999 -9999 -9999 -9999 -9999 -9999 -9999 -9999 -9999 -9999 28.0182973219185 41.6264554115173 40.0192904267128 41.3280162505803 23.3597755200435 29.9974096368304 34.1548607669308 29.3778980094625 26.345569192586 24.5227535389165 22.8113685249794 21.2881270357672 23.1357792370583 20.9522327586589 16.7782906950571 10.9568576392221 8.83331946459232 8.82867930314151 8.79318707541128 8.69715242460774 8.55731732030507 8.43475563428374 8.35601710183196 8.29417543355243 8.23711279774266 8.25624962474476 8.25418458598686 8.23576414650084 8.24814035841648 8.35646309145054 9.21163616739625 11.1766143502343 12.929226697925 33.5718695469527 -9999 -9999 -9999 -9999 -9999 -9999 -9999 -9999 -9999 -9999 -9999 -9999
-9999 -9999 -9999 -9999 -9999 -9999 -9999 -9999 -9999 -9999 -9999 35.5146617492137 46.7256924038498 41.2850864115462 32.8076115882846 19.956500846754 14.5364450946598 18.9157026186003 26.3635289541726 31.9937472992863 32.2802355408033 28.5269791937707 23.2950135544711 17.91376156979 15.9994779853635 14.0658526056521 12.1231138153215 10.4923407572939 8.84416208645724 8.45712188012578 8.70452327099867 8.76453825125959 8.65523741225064 8.49872176209371 8.41618430609443 8.37638774442559 8.30359863336778 8.28972021091052 8.35806878760726 8.37058453819099 8.34743513991992 8.57261917070667 8.90093896843953 9.79365929613642 13.5686609753206 19.2024579197691 33.9009538029389 -9999 -9999 -9999 -9999 -9999 -9999 -9999 -9999 -9999 -9999 -9999 -9999
-9999 -9999 -9999 -9999 48.0356199961506 46.4233808779611 42.4648224235724 39.1170961578667 41.6774638050197 44.0497546923608 43.4772455637176 54.172049911337 43.1340739110965 17.6536454688927 17.3796422660996 15.7854964393225 14.3366377396405 20.0175239772007 30.2111241232195 51.3316034543113 55.6619089440685 37.5928531949601 25.4591982081117 12.8559188234935 12.5811077652534 12.015762511771 10.6627047856972 8.58625056298598 8.05578463533279 8.14719982180854 8.8466457412194 8.71501871531619 8.5988337461318 8.50578682518328 8.4380057502467 8.36758078475686 8.35120201630919 8.4157056016685 8.63720420925979 8.70455665345515 8.8992631691242 9.4344640644046 10.9118847938514 13.8210189933317 18.5441558779706 21.4424875145338 21.0499098263213 -9999 -9999 -9999 -9999 -9999 -9999 -9999 -9999 -9999 -9999 -9999 -9999
-9999 -9999 44.8892567079362 44.5749274977144 60.6105910576733 60.0601143503073 56.3345654421536 42.1058942514924 41.6020862182864 42.2759444848049 58.7524567650472 55.4690251105233 49.9143178819687 46.4189076287926 47.4364049023229 34.6073933469825 18.6856307285356 18.5979683978174 22.4303411667092 22.6903905026935 19.2047279268097 15.1827428051079 11.1909621300297 11.0166790012355 10.9630467466536 10.5237670018248 8.67139452118727 7.99360026275503 7.97810773176201 8.40404711256719 8.9246271595582 8.62080674663649 8.56281274029091 8.47726485436621 8.39778790197707 8.38086299654138 8.39012863116215 8.58192820252087 9.30318421604879 11.0907747016399 13.6874691379352 16.9523468231472 18.2003833411329 19.6768226263591 19.0098411458757 20.7818487007817 -9999 -9999 -9999 -9999 -9999 -9999 -9999 -9999 -9999 -9999 -9999 -9999 -9999
-9999 45.6938406740329 45.6728097264501 55.7866925663932 56.409876263974 36.6449917256485 31.4693756728883 30.4802534873666 39.7732617224504 56.9928007190391 55.7655280889844 41.2141820739813 53.5367149995972 22.7082167344542 14.9701633222391 15.1482253451069 13.0233585487091 10.6166703782104 10.5507266736785 11.0229014911235 10.957778995021 10.5145534438361 10.2513394509774 10.2657272897206 10.0004903199992 8.80911050715255 8.06530798251759 8.00532705236229 8.12565945793983 8.89349468064434 8.81647467705218 8.64000833560416 8.58130194763729 8.47302728534055 8.43611964145554 8.53832203491845 8.5981934706165 9.00841712532464 14.3276378293734 19.3223677034476 22.710286446756 36.5570623352785 25.0993353272503 19.2335036042961 19.7449228375797 23.0334286254887 -9999 -9999 -9999 -9999 -9999 -9999 -9999 -9999 -9999 -9999 -9999 -9999 -9999
44.4304482260661 46.3153552487897 43.3393760184525 40.2354752148815 37.4383591863677 32.8360534412062 30.9612946852527 30.2135276600861 31.5586403615175 54.3457722148623 60.4462158419625 59.7485892664299 47.5439631771036 13.6544004765455 9.44365759291938 9.27690554630722 9.42059031549124 9.43427712264831 9.3651153493117 9.46902158335337 9.49889888190356 9.47688649010021 9.59166205197199 9.7452146752917 9.48395689438282 8.13126370473381 8.06110579889581 8.09662540024035 8.69163764279714 8.98958274337825 8.93485554422387 8.82452652555532 8.7410436783885 8.66114610704771 8.60514369805577 8.74895532057442 9.16777161958068 11.9580242150421 19.5503031162975 21.0723428370763 26.445649797115 24.8043679417872 23.2086197570991 21.8597682205419 19.4761940629104 20.3886033634396 -9999 -9999 -9999 -9999 -9999 -9999 -9999 -9999 -9999 -9999 -9999 -9999 -9999
46.8072123625756 46.7481254146048 58.7423084982771 40.4621420943851 37.5228835661767 35.9417568974271 33.1997219221064 31.1595864767478 20.2548064778651 17.354672188652 23.7718485628407 18.0953621330447 13.4072634747279 9.38854983376111 8.65326117082698 8.70380220993869 8.90234770810301 8.90447083233518 8.78769232307457 8.70622577627918 8.7220690901249 8.75150574024954 8.86722268739407 9.15138750993997 8.47069518693081 8.05071517549164 8.03650559906609 8.11470200042463 9.01569450083742 9.11765787591192 9.09542515989581 8.99954406839208 8.98524970052706 8.86926569373069 8.79925600599946 9.88312427950456 14.3967929262187 17.5311986185217 20.2230263792955 24.547656851451 -9999 -9999 -9999 -9999 22.1883183572245 -9999 -9999 -9999 -9999 -9999 -9999 -9999 -9999 -9999 -9999 -9999 -9999 -9999 -9999
47.2618146549291 45.417634229112 47.2115406754692 57.5216455946056 40.8639333405863 56.4289042641679 53.8876981470348 54.7289360503472 14.8682800650601 12.5648838914038 11.9590256887365 10.5259502144786 9.40025372300323 8.57545467656014 8.36444216619855 8.33474312996597 8.39288134852355 8.4658160070916 8.43753772820684 8.40300290932848 8.2801401135497 8.29899185437345 8.38858636167275 8.33228017232683 8.10131897362153 8.05973645053097 8.07887995402437 8.79348751751961 9.23479023921123 9.42199905515473 9.31805943865657 9.37047657182249 9.34988627266522 9.10377745050727 9.4800177645181 18.2651453067053 19.5758740779616 19.2887181873151 24.2863389821205 -9999 -9999 -9999 -9999 -9999 -9999 -9999 -9999 -9999 -9999 -9999 -9999 -9999 -9999 -9999 -9999 -9999 -9999 -9999 -9999
46.3671648212476 46.5472965564172 61.1792278213647 58.5986304055844 56.9700338837193 54.3973147276684 34.1532584090197 21.9656573724985 16.9770498409429 14.5506393151554 12.2227738008988 9.75258552168262 9.07842681305586 8.50232039090232 8.16306383277728 8.1033880182742 8.1343816261691 8.22810086979114 8.25123891802701 8.21435063596676 8.15255236488065 8.1622032330492 8.20961032714651 8.138347461999 8.08560585135609 8.12824659831709 8.60585808262446 9.06416582764732 9.51964941685193 9.60733845353531 9.61731980802302 9.6315073520273 9.6322017071221 10.9782290878611 15.8722908261722 20.16180295411 19.3600898792707 19.7499302060518 -9999 -9999 -9999 -9999 -9999 -9999 -9999 -9999 -9999 -9999 -9999 -9999 -9999 -9999 -9999 -9999 -9999 -9999 -9999 -9999 -9999
-9999 44.5954910909065 45.1075112084067 61.4784013963443 49.3615044026491 20.0895633182859 19.9028218567331 19.3843255426757 17.4615628143031 15.4927990609001 11.8097193138811 8.85495129639178 8.48113187812493 8.1972594858978 8.07665868537014 8.05303659151531 8.09890341907059 8.15693748436395 8.16701097443155 8.14340423650669 8.13479223038381 8.14482232325799 8.14266915481499 8.12121692063139 8.14047659507334 8.32525249758852 8.89092423149533 9.45136894036641 9.78369797112259 9.84259130084576 9.79474088772639 10.0046163916202 11.3570999394426 19.3075458927702 19.8859970986669 18.7424476694657 18.4924798353386 -9999 -9999 -9999 -9999 -9999 -9999 -9999 -9999 -9999 -9999 -9999 -9999 -9999 -9999 -9999 -9999 -9999 -9999 -9999 -9999 -9999 -9999
-9999 44.1103104684167 55.6485559614762 53.580312487761 24.6203638416659 21.4699278937609 20.4972298768276 19.9235857446641 17.5941579314442 14.5420600238399 9.7753990924415 8.40149936348859 8.17099083089317 8.05455883153082 7.98881982822208 7.99274480392525 8.10030882048843 8.14011139099944 8.12542911899012 8.11036628697692 8.11275513556267 8.20075663203871 8.18231082188576 8.15969687821664 8.37336396151757 8.81592052827461 9.6632540681404 10.1477403355354 10.4307568015784 10.4919735502726 10.8314664561895 11.4995495577368 18.1641967583078 22.8894167082311 18.781571908461 20.563928024876 22.2890666108831 -9999 -9999 -9999 -9999 -9999 -9999 -9999 -9999 -9999 -9999 -9999 -9999 -9999 -9999 -9999 -9999 -9999 -9999 -9999 -9999 -9999 -9999
40.4711553576349 55.7776793031434 52.1427971467911 29.0960165469398 22.806895275811 22.6764366358846 22.1204184407428 20.2002595439757 16.3078651183317 12.9995902396949 9.09989840906421 8.26816449111183 8.1460648182882 8.05397530619154 7.97528965155082 7.98660169751877 8.03365006373873 8.11625361700185 8.08736310386523 8.06491273423286 8.13018411609122 8.63488746678003 8.42959070061706 8.5220721227528 8.94358171834791 9.64321791776071 10.7499865564115 11.5543902572432 12.0662034035133 12.6111653290686 13.1089378141429 14.3292668932496 24.2576300695471 23.1089397420479 22.0658715068535 22.4469656300366 25.9080587179506 -9999 -9999 -9999 -9999 -9999 -9999 -9999 -9999 -9999 -9999 -9999 -9999 -9999 -9999 -9999 -9999 -9999 -9999 -9999 -9999 -9999 -9999
33.6488494915971 30.8387143050558 27.8266820217195 45.0478901411323 48.6576019252981 29.3827718481086 23.2050812167122 17.5500930888898 15.0395988317188 13.0000709470682 8.96711635016677 8.24474269199587 8.13295419232999 8.11098319477268 8.10930338956257 8.00236135492855 7.95423106329405 7.99034640795694 8.01579779366201 8.0234991263721 8.25057393949391 8.71936511114997 8.5748631394313 9.08563074716438 9.90084368740449 11.1730624568647 12.5040410262222 13.5611899815602 14.9964019330329 15.8009191342166 16.8706265696826 20.1499187996029 25.4261495761959 26.055675940508 27.2035650890517 27.0735070386031 23.8139772229193 -9999 -9999 -9999 -9999 -9999 -9999 -9999 -9999 -9999 -9999 -9999 -9999 -9999 -9999 -9999 -9999 -9999 -9999 -9999 -9999 -9999 -9999
42.1591726520356 21.0921720162258 47.489683302866 54.0479339381419 40.3047104296224 23.2069506342751 20.8323897398934 15.5612330966855 13.2150739962775 11.252632880132 8.46821019687039 8.19091948976299 8.10197059917203 8.09064326403902 8.09591702451383 7.98021349711681 7.9451643881139 7.94378889737707 7.95852484837641 8.01469750789641 8.60402872400932 9.03294655434662 9.08453580259182 10.2463521119792 11.7839347044955 13.3798965369051 15.065236558296 16.621459914511 18.3154192861652 20.3606956298218 22.303020477692 23.652272603727 27.3240089920339 28.9437925453881 31.2180725405019 25.2476201989373 -9999 -9999 -9999 -9999 -9999 -9999 -9999 -9999 -9999 -9999 -9999 -9999 -9999 -9999 -9999 -9999 -9999 -9999 -9999 -9999 -9999 -9999 -9999
47.1764890961646 40.8472421123459 47.8979507456244 21.7985447953564 12.0140466535079 22.2792521686778 20.9386127164148 14.0146505939021 10.5633719481934 8.83839359797738 8.3045413539388 8.1679703862308 8.12442630999744 8.08182762493161 8.06498550798799 7.98873476972297 7.9993003171991 7.9570206348874 7.94293530796486 8.03020699717732 9.20783056735746 9.65510207226782 10.0585557648017 12.244151926029 14.9817804170943 16.7155316768735 18.1068456980741 19.1564568947387 21.3781261384391 24.2028160760059 25.8757445000773 25.3371519472184 27.0802502948122 -9999 -9999 -9999 -9999 -9999 -9999 -9999 -9999 -9999 -9999 -9999 -9999 -9999 -9999 -9999 -9999 -9999 -9999 -9999 -9999 -9999 -9999 -9999 -9999 -9999 -9999
16.2579917283496 14.0040416492325 12.6139761319043 11.3830447846193 11.8882949399453 15.7788199480264 12.925100626304 10.4154075480886 8.83219781405457 8.38388477650201 8.22100910073639 8.14178251677086 8.10962252584653 8.08711473838902 8.0114620802143 8.0099064577423 8.00418136645587 7.99539817509616 7.99335970877363 8.50715684119724 10.8127055156474 11.2342591760851 12.6512109238628 16.0458795998716 18.3200928300725 19.3315812614362 20.8745183999719 22.2168937399719 25.0853814604414 27.7634556491452 29.6109743206104 29.3161404649733 -9999 -9999 -9999 -9999 -9999 -9999 -9999 -9999 -9999 -9999 -9999 -9999 -9999 -9999 -9999 -9999 -9999 -9999 -9999 -9999 -9999 -9999 -9999 -9999 -9999 -9999 -9999
10.3493904021524 10.5912730053199 11.5911844007762 12.5132412312283 13.2647671209946 11.6369183661547 9.85119062163517 9.11582851729678 8.44440717010143 8.23819038343785 8.15955466895203 8.12982892675427 8.12480086115915 7.96746413610263 7.98159633199406 7.98848193099759 7.99490651827711 8.00698348985286 8.11953511247389 11.0073519428948 13.4682398697355 13.9239971950832 15.7770840602894 19.4839387928139 21.3860043981685 22.4143175875985 24.0449170568524 25.2281248443526 27.7806142317762 31.2270190388387 31.5760660038004 34.6959903864822 -9999 -9999 -9999 -9999 -9999 -9999 -9999 -9999 -9999 -9999 -9999 -9999 -9999 -9999 -9999 -9999 -9999 -9999 -9999 -9999 -9999 -9999 -9999 -9999 -9999 -9999 -9999
10.1396283986106 11.4151320017885 12.5748318634351 12.2210512661444 10.7399250840283 9.272639268369 8.82359181677386 8.45934848997304 8.20343323739933 8.12419930929337 8.0951926252082 8.09792598074484 8.07825770503557 8.00331475788563 7.99448690079915 7.99054576798705 7.99619167608671 8.05357271376639 8.8399158379929 12.6841594084092 18.9980237562815 20.1832344911706 22.7574892402196 24.873803451267 27.1549602324159 28.0562197924805 27.2171183663828 28.1902169727938 30.1399527260028 32.2241530139158 32.2379733508988 31.0305298999936 -9999 -9999 -9999 -9999 -9999 -9999 -9999 -9999 -9999 -9999 -9999 -9999 -9999 -9999 -9999 -9999 -9999 -9999 -9999 -9999 -9999 -9999 -9999 -9999 -9999 -9999 -9999
