raw_data/Biomass/Mycteroperca jordaniGrid_biomas_Teorica.asc
NCOLS 96 
NROWS 96 
XLLCORNER 0 
YLLCORNER 0 
CELLSIZE 0.0104166666666667 
NODATA_value -9999 
[rows 26 to 51 of 96, columns 0 to 58 of 96]
7.93623772563273 7.93965979462902 7.9405117950363 7.9377853162857 7.93696028222676 7.93680168217602 7.93706633161451 7.9367488444239 7.93674095281119 7.93699642875064 7.93660321011926 7.93594762540942 7.93565382640993 7.93592348989338 7.93552049687875 7.93551795313557 7.93636889865722 7.9363979881298 7.93584509453259 7.93605329423716 7.94054948382967 7.95200345197309 7.97816681870998 8.03501073266488 8.12010261423407 8.30258714493642 8.73542874920846 9.77720842158275 13.5871748856847 13.4011878676484 14.1436737881998 16.5096286853008 15.9546119638535 16.4365211056082 15.8529290014134 -9999 -9999 -9999 -9999 -9999 -9999 -9999 -9999 -9999 -9999 -9999 -9999 -9999 -9999 -9999 -9999 -9999 -9999 -9999 -9999 -9999 -9999 -9999 -9999
7.93562812859494 7.93843971258009 7.93752094725984 7.93677798063192 7.93741696090791 7.93774087755963 7.93758264471591 7.93751270846959 7.93686013485732 7.9364496107605 7.93624343403279 7.93595321363263 7.93567318823469 7.93581740712318 7.93560136254133 7.93572740802051 7.93559783735392 7.93888902709133 7.94198110382882 7.94692170738796 7.9577912355128 7.97279725058507 7.99825497895686 8.09564061777417 8.28720117074449 8.6578879792952 9.56090345657072 13.3306240311396 14.7455661550372 14.935712627151 15.7431007195921 17.3586113185167 18.4972869090718 33.1314881810599 -9999 -9999 -9999 -9999 -9999 -9999 -9999 -9999 -9999 -9999 -9999 -9999 -9999 -9999 -9999 -9999 -9999 -9999 -9999 -9999 -9999 -9999 -9999 -9999 -9999
7.9353847638107 7.93660203505679 7.93693151990226 7.93683280130195 7.93695483420986 7.93763038162868 7.93767182261015 7.93752204220442 7.9373957163126 7.93719000693928 7.93671496123058 7.93649997153435 7.93597989289185 7.93606769542889 7.93604207773179 7.93610431598365 7.94113056557313 7.95685752820503 7.96033217457028 7.97664344369094 8.09093435905953 8.09038488382586 8.05070115485992 8.32460888382758 8.89858884350329 9.62355565089361 13.4703629939676 14.564720035299 15.0536862283537 15.4349138813627 15.9918667852859 16.6584476762915 15.3117993818621 -9999 -9999 -9999 -9999 -9999 -9999 -9999 -9999 -9999 -9999 -9999 -9999 -9999 -9999 -9999 -9999 -9999 -9999 -9999 -9999 -9999 -9999 -9999 -9999 -9999 -9999
7.93580961565784 7.9359795523908 7.93645173388473 7.93660294305961 7.93669800294268 7.93729157640137 7.93732571330136 7.93709289069688 7.93711922277856 7.93709435284848 7.93688955147797 7.93700002737945 7.93669128639244 7.93690787844658 7.93920195423838 7.94536942316161 7.96616802884731 7.99311528242727 8.17753045411773 8.50732308583052 8.59355264151656 8.26848896858882 8.25165018989085 8.68244411428237 10.2762160575468 14.0924851294324 15.2694036621316 15.2968440413587 15.0422694282373 15.6060323532825 16.4849256675051 17.6267392089693 21.5437698874961 -9999 -9999 -9999 -9999 -9999 -9999 -9999 -9999 -9999 -9999 -9999 -9999 -9999 -9999 -9999 -9999 -9999 -9999 -9999 -9999 -9999 -9999 -9999 -9999 38.8701327448229 37.1331767692216
7.93616823003483 7.93599501514464 7.93643460868456 7.93648327362962 7.93676185022895 7.93720508913312 7.93728337099356 7.93716408212357 7.93690330505004 7.93676719809848 7.93699567430712 7.93731846263182 7.93824921893043 7.94221164307328 7.96912511360728 8.0019340594856 8.0437409126837 8.54503658221497 8.91379121418458 8.989148771444 8.98161101277067 9.14166653861281 9.7243306105174 9.87276904150427 13.0912651416821 15.2473044759414 16.0454122454809 15.5048835101461 15.337770933004 15.7483083828031 17.0187779115437 18.4101586976573 20.3815262826657 -9999 -9999 -9999 -9999 -9999 -9999 -9999 -9999 -9999 -9999 -9999 -9999 -9999 -9999 -9999 -9999 -9999 -9999 -9999 -9999 -9999 -9999 -9999 -9999 39.3092455773693 39.0150793708618
7.93657071563612 7.93656899310137 7.93651966050718 7.936863446397 7.93723276318954 7.93731214667105 7.93715141681959 7.93691241846066 7.93687332092763 7.93695192325966 7.93745104439597 7.94128988668493 7.94614182643966 7.9689655454653 8.00784609252832 8.05735027254174 8.32633408917849 9.07429406494355 9.23768115994246 9.60365303033984 10.1986218757032 11.1539209563187 11.9851107402305 12.2642481648304 15.6132429638823 15.6071005918899 16.0114956696965 15.5470789351377 15.9639590516681 16.0683793755395 18.2382390467819 19.4342656975707 22.301351354868 -9999 -9999 -9999 -9999 -9999 -9999 -9999 -9999 -9999 -9999 -9999 -9999 -9999 -9999 -9999 -9999 -9999 -9999 -9999 -9999 -9999 -9999 -9999 40.2230569410707 55.0062774987885 52.9771582640685
7.93688777553128 7.93682316044852 7.93658071702008 7.93696161084853 7.93727328281521 7.93715818010527 7.93684403116031 7.93685337824813 7.93689797053349 7.93732037210833 7.94235585528527 7.95839973092952 7.97906226972262 8.01522895660358 8.0652291999203 8.1872514254449 8.47692702390662 9.27555021857411 9.79239076279015 10.2758688799994 11.5588568299203 12.8375851783943 13.5824078708993 14.849452359605 15.717396228102 15.788033506015 16.0540249192529 15.9119491844712 16.6626538658081 16.6573126727712 19.0792098904425 20.5102490348551 23.6030668628745 -9999 -9999 -9999 -9999 -9999 -9999 -9999 -9999 -9999 -9999 -9999 -9999 -9999 -9999 -9999 -9999 -9999 -9999 -9999 -9999 -9999 -9999 41.7990427115223 41.1669792805176 38.6579538514318 30.2315541865857
7.93695679042181 7.93692869574644 7.93678428991619 7.93694844480769 7.93712056475331 7.93705132953857 7.93680930005259 7.93686040859346 7.93745076398334 7.94347136345103 7.96437933006417 7.99852330714205 8.0361383920448 8.0965272558183 8.27104139121133 8.46317278418747 8.59585536336459 10.2380332038243 11.2727090894595 11.8930486017481 14.7119166389047 15.4745722396617 14.9423891184472 15.3021852343956 15.6485616028389 15.9078097598676 16.1393504780174 16.1545061132596 16.8534012221386 18.0147768831004 20.0545785038942 21.0571204369211 29.2726097417225 38.2283216365258 33.531610304437 -9999 -9999 -9999 -9999 -9999 -9999 -9999 -9999 -9999 -9999 -9999 -9999 -9999 -9999 -9999 -9999 -9999 -9999 -9999 40.935104737803 38.4878368532064 55.1653115214623 38.7367364487262 13.2321858434695
7.9370259922541 7.93709398564146 7.93712926422147 7.93718988008594 7.93699341765306 7.93725534975959 7.93732887128175 7.93771164120424 7.95081537034695 7.99986888719788 8.07555506135889 8.17718127362294 8.20378175024499 8.33853337407479 8.67905913319523 9.20788397928783 11.0667526859564 14.4305359132293 15.0775213022808 16.0390695787495 15.7260756667869 15.8728917103888 15.6487618975778 15.6802749364955 15.6463583607111 15.8150065308514 16.2701429425086 16.8726962819844 17.3779731432755 18.7897839927552 20.4613103536544 22.1050625107617 32.1750808028892 34.6795662178937 34.2408539748249 -9999 -9999 -9999 -9999 -9999 -9999 -9999 -9999 -9999 -9999 -9999 -9999 -9999 -9999 -9999 -9999 -9999 41.7432940091996 41.7093774334153 56.865279735283 38.711098722149 28.53666010615 15.9962732695413 14.706241621303
7.93725103006972 7.93724124900998 7.93720283247906 7.93732525929996 7.93804635374239 7.9391827660024 7.94198430854464 7.95154564496492 8.09467720008014 8.25939759039088 8.49764484404765 8.60615184824149 8.57520564343479 8.62333046034643 9.73437872991808 12.7187770157796 18.426115511855 17.1471000742553 17.627273328273 15.7679372672137 15.5971526198587 15.7595248881806 15.5383327315398 15.5428059807082 15.6804084663214 16.0226454101611 16.5964898370635 18.1513111301063 19.1374956594577 20.6181411342005 21.6682196852559 23.0181394604205 -9999 -9999 -9999 -9999 -9999 -9999 -9999 -9999 -9999 -9999 -9999 -9999 -9999 -9999 -9999 -9999 -9999 -9999 -9999 42.515563757423 43.2948438215073 39.6582257774181 34.3508157864722 27.2177860155125 14.6056736329094 20.6719536540474 52.9899771273571
7.93766272255252 7.93710136316434 7.93782806585947 7.93876067822266 7.93850550940181 7.94558667618838 7.95876086234373 8.06946076010379 8.43872614365755 8.62403816842382 8.70574506890586 8.7006709355208 8.93450169018518 9.05231505559669 15.8977282580105 18.7272920342235 16.5201107766357 17.1596518778921 16.5368020048761 15.8929879491902 15.7262091966129 15.9750420272196 16.0303233751516 16.1156489339161 16.6212596197721 16.821621123569 18.5892221942195 19.8787197231541 20.5304788034824 22.5588636241597 21.8347313781814 -9999 -9999 -9999 -9999 -9999 -9999 -9999 -9999 -9999 -9999 -9999 -9999 -9999 -9999 -9999 -9999 -9999 -9999 -9999 -9999 44.3861830887728 43.3324992324175 37.79328146367 30.8879200459083 19.9457516957673 50.1339076806985 54.7698629419925 34.1106623945504
7.93887796414526 7.93813222677344 7.94036192783617 7.94257464390505 7.95784464744316 8.00105256233977 8.05342583095787 8.21674282279816 8.50918248865649 8.79588437789492 8.88320620755701 9.02966172062892 9.23931690031001 12.0094932864439 21.4240603985564 20.4191149286629 16.9638303881766 16.2549873072664 16.0942841617685 16.0992247653277 16.4354528670008 17.2456450857862 17.9144959838326 17.4156953190987 18.1571864424469 19.0811460729184 19.5205927300297 20.831321501286 21.3237127343756 22.8680519360835 -9999 -9999 -9999 -9999 -9999 -9999 -9999 -9999 -9999 -9999 -9999 -9999 -9999 -9999 -9999 -9999 -9999 -9999 -9999 45.0193147583848 58.2481813774505 57.0615018144763 57.945469262084 54.6841367937502 20.6869757594636 52.4652716763942 53.8152582164718 32.7648152790764 32.0156461907376
7.94080491971016 7.94231946840771 7.95042586384473 7.96518197784779 7.99813279916614 8.1771826089212 8.35960771885102 8.55304903941945 8.77493354820766 9.26717122199747 10.4704552188252 13.5252571054044 14.4607136538878 18.6690730301212 18.5740665589773 17.9225077733879 18.7917201752311 16.5660450367531 16.3576717434009 16.9080816858539 17.5729934540355 18.6498447351884 19.1392315471947 19.1464421577945 19.4243844904524 19.7100047881009 19.4677149189643 20.7182885036425 21.4636519919425 -9999 -9999 -9999 -9999 -9999 -9999 -9999 -9999 -9999 -9999 -9999 -9999 -9999 -9999 -9999 41.5100841682258 39.297695247427 58.5098998362588 58.1505710747011 40.4615412101685 55.2857554244445 53.9696186952383 37.7554257580209 36.9778815816736 27.0551466875387 43.0258479871862 57.2055137317338 31.304199278222 31.7238167561838 32.1815569994465
7.94291641349449 7.94741730333687 7.98008437377514 8.02476365382358 8.25781860019935 8.57857393329369 8.78608996516349 9.17785312143783 11.1517978320866 14.0368699569356 15.8158077098069 16.4104160246403 15.5371309631065 15.5934137847328 16.4560164601929 16.8096702041489 16.4474705513338 16.8218214183079 16.9014051945577 17.7148688940783 18.7317652833919 19.2212856252241 19.4568990030646 19.8335866419923 19.9368051974304 19.7934609293025 19.6194715661254 34.6200119155322 -9999 -9999 -9999 -9999 -9999 -9999 -9999 -9999 -9999 -9999 -9999 -9999 -9999 -9999 -9999 37.2466771212558 38.2008812572987 54.0915981912186 33.8460730444848 34.7958039313593 35.8595025246588 34.5378910725898 34.3863347201676 35.2852575082786 34.8502841003357 28.0890013647445 36.8798039245334 33.0987066087959 31.2729532989561 32.408357408776 33.0468970363379
7.94464188590507 7.99296853314859 8.24917321161999 10.2966861798608 8.88957558025352 9.14209383405576 9.88407901775991 12.5589484906416 14.8176722610354 16.003750939793 17.2533898156897 17.3985367364676 16.5155039976414 15.6110397217546 16.0191736346871 16.3202833921425 16.4901333307161 17.1246670635003 17.6553813566297 18.2483205486391 19.0340100443677 19.3170932753236 19.528738049411 19.815092761102 20.0158548543766 20.2493985199153 20.634565302789 -9999 -9999 -9999 -9999 -9999 -9999 -9999 -9999 -9999 -9999 -9999 -9999 -9999 -9999 -9999 39.804975056107 36.4141186566283 35.5743495814011 24.9742178803608 21.3382007204882 23.9580559050898 27.4994004183832 28.9385848821771 30.0047537772561 32.2959252953492 34.2094077008202 31.9351277057063 31.5988328391202 38.0770991086685 54.7735350122054 35.9636557888784 51.9965819874059
7.96910014352983 8.11550918822233 10.2766433529898 10.6418207209229 9.98442000544945 10.8307854540773 12.1766859814816 14.3222165184409 16.6619862166785 17.1952375765004 17.3370462516302 17.4040114593304 16.7823633547477 16.4703709164796 16.8969319453893 17.1245335336744 17.3818455082273 17.6838232095512 18.2222822325842 18.436530838277 18.4906771826886 18.4333928873678 17.9806600125772 18.3603520725881 18.6939763426558 20.1622035435878 34.8115604508182 -9999 -9999 -9999 -9999 -9999 -9999 -9999 -9999 -9999 -9999 -9999 -9999 -9999 -9999 37.1913957733238 39.4300233049163 52.6849950049499 25.5354437387135 19.3801193531591 18.1011039155594 19.4096962096009 21.7703700020867 23.4707388053852 25.2509584445854 25.34823492277 25.8118504783733 25.0046626806712 27.2321404717991 41.6453498818854 60.6965175006545 42.1617097187281 59.8110144600487
8.05054893085837 9.12612366687542 10.4746347023765 10.9842112240624 11.4010379286624 13.049577130029 14.6446843715527 16.497277176403 17.6036385490847 17.349531290354 17.1644589516253 17.5912870401869 17.4912732005708 17.7399725013517 18.2658129558349 18.5281990637729 18.648642966755 18.2718217980014 18.2983274684471 17.9870026793085 17.001018444696 15.6893549646582 16.4521440952411 17.2764237106614 18.7562680064487 21.0951096723961 -9999 -9999 -9999 -9999 -9999 -9999 -9999 -9999 -9999 -9999 -9999 -9999 -9999 -9999 32.6129918670024 33.9539651438302 35.1294282014269 48.5436342188732 18.6792212968913 16.8243584850004 15.7445695476772 17.1931010992857 19.2953279136982 21.0344871314272 22.2826571792388 22.270305670341 24.230323220146 25.5644197109387 29.5589644534135 37.16695981518 41.4088017952635 58.3881206350174 63.4583148902118
8.78368642829689 11.0898466693498 11.5734916988414 11.9105076264875 12.4227347152179 14.4178105208189 16.0708496773191 17.4467410036257 18.144834933549 18.0798059083247 17.8155503828239 17.9900071003918 18.3628223743677 18.5654538852053 19.0564430551227 19.4634419645348 19.1824952107936 18.607248720719 18.012106286582 17.9835309038345 16.6811477466984 17.2923137599462 16.6577800271619 17.520315937709 20.2483302813079 21.3227780255941 -9999 -9999 -9999 -9999 -9999 -9999 -9999 -9999 -9999 -9999 -9999 -9999 32.0568401420348 34.0430963026336 27.7295390733608 29.2947089279127 46.8917367423846 21.2432610142572 14.3469462422018 13.8545883915686 13.4023161946775 14.8375682050979 17.0681171822221 19.1198697224359 21.0079146960686 22.1980660345168 25.2269898408323 28.591874689169 33.2536679717791 38.2128321767188 41.5948756076866 62.1292925328041 -9999
12.5193368677816 13.3926820177372 12.3867217211666 12.6212601839084 13.7738161998681 16.319482213187 17.882715885263 18.8493382951167 19.2793043345875 33.6071881859092 20.147982617127 21.5965141687355 21.517998631093 20.7337111985366 20.5806192531163 20.2643538604186 20.3592935666496 19.9538970151485 19.1210714908692 18.8329141265282 18.210398078077 18.4956845511607 18.7075963848999 19.8591576036564 22.7328529873369 -9999 -9999 -9999 -9999 -9999 -9999 -9999 -9999 -9999 -9999 -9999 -9999 31.4692421430623 30.9631641028157 46.9229159567375 24.787609948634 41.2114447125498 20.9593766043458 14.5438626764898 12.2216254443959 11.8838483967421 11.8653478393605 13.1646464575178 15.1374094292071 17.8272342425921 20.4061625355484 22.3283911446173 42.1846768487868 31.0838083005367 37.1421232675584 40.1238442804102 61.0670627675897 60.4821353651357 49.8297267372468
15.0671727407718 12.874192380171 13.7357001110584 14.2841338120878 15.7827590778911 18.3765759464377 19.5236639160259 31.587148979352 19.7783052940603 22.239126455988 22.6126093790936 23.5828370942472 23.0905126260706 25.9039860582599 23.8818771394009 22.9219312208433 25.4124627690388 21.6851779731481 21.4318051284599 21.9589141162894 22.4798807321265 20.990021699395 24.7826025801619 23.4377569383823 -9999 -9999 -9999 -9999 -9999 -9999 -9999 -9999 -9999 -9999 -9999 -9999 27.8583285904632 27.4883842077446 29.6252620119841 39.3533104199238 15.4421912568755 13.9135551626961 13.7793443346612 11.8492040834064 11.0134609324307 11.2108513976008 11.6147257090863 12.4678544433972 14.1889003402398 17.340851851669 20.5593212458816 23.3325354355553 29.2394943448937 34.2729678979593 39.4794961054207 41.0193620579602 44.3699592149232 42.8821031295805 46.9350671708965
17.0496900662448 16.0617696491564 16.8625480152143 16.8793727732805 18.2985945280989 19.687304717694 31.6384911974192 31.2414402600384 35.6340374135885 27.2481640509098 23.1106088648719 27.1748561764783 23.7723826821444 26.5919984863261 22.9894305478472 25.6198345886966 25.5095389524845 27.991524591821 29.1074333470562 28.8668793656567 27.6034869176899 28.6085659174094 25.3925000600634 -9999 -9999 -9999 -9999 -9999 -9999 -9999 -9999 -9999 -9999 -9999 -9999 -9999 26.1155640674343 20.7840519429094 40.3315499246328 29.6902910372084 11.4850949540807 10.1942821563607 10.3650334212593 9.82556624804062 9.76979751624405 10.3512731726979 11.0360007670465 12.3059962649051 14.47983512496 17.4819261127563 21.6399113621603 26.252432139005 31.2415737898643 40.7219243707176 41.3875705529418 41.916882782899 41.9499981797278 40.3454370265288 43.2484422069992
18.7860451576294 18.8531438951555 19.1941790705619 19.8818576740633 20.8436062452709 20.7218938089424 38.1040053685919 26.6488154272562 28.831694256526 24.1622230089254 -9999 -9999 -9999 25.834750843519 26.7807428952677 27.9616139108143 28.6129724016648 29.998144050873 28.942123422564 28.4695613686239 -9999 -9999 -9999 -9999 -9999 -9999 -9999 -9999 -9999 -9999 -9999 -9999 -9999 -9999 39.6269130332392 36.1515322539515 29.6659886088905 37.9049123981413 39.8717399690683 27.0067421256418 9.51248554169118 9.96099219749133 10.1973600188482 9.50966138587292 8.96399842873148 9.36151672050308 10.6952259748007 13.0009589204106 15.650030430924 19.6240115802067 24.7596354501032 30.0445456653811 35.0330864320238 38.8691980360414 40.0980062590942 40.6373999909086 40.1019453889589 40.7550397675464 59.237770917363
20.058250574107 20.6234823272374 20.7788442796984 21.8928168524578 21.6187468847516 40.7779401326921 43.1517666130313 27.7646574175785 26.9176777317514 -9999 -9999 -9999 -9999 -9999 -9999 -9999 -9999 -9999 -9999 -9999 -9999 -9999 -9999 -9999 -9999 -9999 -9999 -9999 -9999 -9999 -9999 -9999 -9999 52.0677533846226 42.4583462270152 35.640046255755 46.3801839792751 44.8398506723449 18.1296125333939 11.053733527929 9.96859004458633 13.4786485196661 10.5489774329589 9.23836216205466 8.76820364498116 8.9979483869723 10.8289694484448 14.5457855059831 17.6709375813497 22.2898677898386 28.2505056891979 35.2030031355103 38.336814620088 38.9042496153461 39.0657539397995 37.3341391572351 53.1018083565673 55.766195738114 -9999
22.1765009676303 22.2489408981933 22.3890136855862 23.9123887046242 26.7072347260974 50.0770239748554 33.692046390283 33.2505967857829 -9999 -9999 -9999 -9999 -9999 -9999 -9999 -9999 -9999 -9999 -9999 -9999 -9999 -9999 -9999 -9999 -9999 -9999 -9999 -9999 -9999 -9999 53.8800869469572 53.6465432814186 59.6283456581866 64.5115313921763 61.0902301923873 39.0955310909802 28.6601751951285 19.6320233697621 12.1444585579952 8.98900856512678 14.2957308774692 36.1895882543395 9.86034409120217 8.97401316567568 8.79717294071507 9.0340214694453 11.6801085883493 15.8915191211051 19.5617866813268 23.3353395618997 28.8440457654239 34.9763362560067 36.9966425222157 37.9497784196513 39.889566200829 35.5664713216716 53.3324811308486 -9999 -9999
22.7344553452479 23.2472098767908 26.1916760682102 27.5331166994287 31.2684800497877 35.4736680926554 39.265047204989 -9999 -9999 -9999 -9999 -9999 -9999 -9999 -9999 -9999 -9999 -9999 -9999 -9999 -9999 -9999 -9999 -9999 -9999 -9999 -9999 -9999 -9999 54.9695567966598 52.1026046691884 63.9493040601292 54.0403895029773 63.4932329396905 61.3765181391654 27.9903895883007 16.6291378795015 11.8261167765044 9.22261899557839 8.64673823883066 9.18758744574759 10.0226629475937 8.96156150940839 8.72393183119652 8.75710731644699 9.31198383157709 13.0388613614987 16.8790389487157 19.9952244962716 25.0989347377725 34.9277981642838 36.0853682252069 35.3028166803874 40.0811815010279 42.7542483212597 55.0802530223496 -9999 -9999 -9999
23.7449423029173 25.8820204018956 27.6335978934354 45.3119453718942 51.4029751462669 37.3622471855918 -9999 -9999 -9999 -9999 -9999 -9999 -9999 -9999 -9999 -9999 -9999 -9999 -9999 -9999 -9999 -9999 -9999 -9999 -9999 -9999 -9999 -9999 -9999 54.4252224612863 56.1918888231553 54.1553586830967 50.5654093131674 61.7114777074922 49.2222995591248 16.0319924979756 10.9947801097842 9.08700610437139 8.72809128527401 8.64199793001041 8.64463514407238 8.62543355510471 8.59815875286176 8.59929509168036 8.7857361111248 9.98839919426195 13.4465345965317 17.1668624884919 20.6883778226358 26.355917754095 35.9071059076002 34.8683773917482 36.1021929832731 38.6779165604073 -9999 -9999 -9999 -9999 -9999
