raw_data/Biomass/Paralabrax maculatofasciatusGrid_biomas_Teorica.asc
NCOLS 96 
NROWS 96 
XLLCORNER 0 
YLLCORNER 0 
CELLSIZE 0.0104166666666667 
NODATA_value -9999 
[rows 25 to 49 of 96, columns 0 to 56 of 96]
-0.435187628864355 -0.435015184518566 -0.434911486812764 -0.433899858991769 -0.432620525230739 -0.43242898970886 -0.432211235774824 -0.432038423307803 -0.431736993372725 -0.431154063177018 -0.430902472766452 -0.431310780565749 -0.431254222828762 -0.431373627040442 -0.431436770057238 -0.43139197174848 -0.431266851432121 -0.432735287024666 -0.432244151948276 -0.431722391230541 -0.433147296487459 -0.432759940921589 -0.431897156785207 -0.424143726053329 -0.422127239751763 -0.419424207353407 -0.359954426912647 -0.365488618349108 -0.34146594708299 -0.297633956557331 -0.182926358255758 -0.15265247719889 -0.092161978387834 -0.065065188070805 -0.0370818391211912 -9999 -9999 -9999 -9999 -9999 -9999 -9999 0.276935796957772 0.256156375997269 -9999 -9999 -9999 -9999 -9999 -9999 -9999 -9999 -9999 -9999 -9999 -9999 -9999
-0.43514009009754 -0.434978433748952 -0.435006635925523 -0.433959433277737 -0.432469431916378 -0.432242055702374 -0.432009086090769 -0.431820331929306 -0.431631720926099 -0.431293202776944 -0.43102718405922 -0.431086911729034 -0.431038125440268 -0.431239416174783 -0.431200497580139 -0.431180588356867 -0.431166661103608 -0.430904661042661 -0.43024073395043 -0.431404600351839 -0.432500906281674 -0.427018752871524 -0.425539110032596 -0.418143554491297 -0.413733155369958 -0.407793928322923 -0.320219216670249 -0.314411081683996 -0.248313892005048 -0.178692964093243 -0.148393519061963 -0.0838393708784828 -0.0829722408664506 -0.0248540788807659 -0.0399143274859661 -9999 -9999 -9999 -9999 -9999 -9999 -9999 -9999 -9999 -9999 -9999 -9999 -9999 -9999 -9999 -9999 -9999 -9999 -9999 -9999 -9999 -9999
-0.435185154271632 -0.435093042159033 -0.435076916403975 -0.435025911162229 -0.432309473015692 -0.431950554814957 -0.431824708481725 -0.4316924609293 -0.431493624336329 -0.431302978440759 -0.431152171442912 -0.431149246924239 -0.431110911188212 -0.431188421158627 -0.431126658596449 -0.431274786489778 -0.431067687620277 -0.430311566610729 -0.429048910786604 -0.427171758371171 -0.426511359107408 -0.421206936672955 -0.419078173395775 -0.415591758565559 -0.408843073832764 -0.276391316380495 -0.241168249877594 -0.216640127709415 -0.136604436622436 -0.112786992942892 -0.0843557631615915 -0.0477317908609496 -0.0161500568731976 0.173300467253233 -9999 -9999 -9999 -9999 -9999 -9999 -9999 -9999 -9999 -9999 -9999 -9999 -9999 -9999 -9999 -9999 -9999 -9999 -9999 -9999 -9999 -9999 -9999
-0.435324897181354 -0.435155131940083 -0.435100455711613 -0.434995111685858 -0.433688905074927 -0.43196778493371 -0.431687429939136 -0.431411737813494 -0.431213402274422 -0.431079252762301 -0.431089069328475 -0.431285472231082 -0.43118566024939 -0.431111667881854 -0.431250572293216 -0.431344453432844 -0.430644757227616 -0.429866139920586 -0.428853939466564 -0.421697969493448 -0.417184496427282 -0.417210367169386 -0.416696429027821 -0.409562137305006 -0.277000761530461 -0.238293836594785 -0.17317012306142 -0.132890502419958 -0.111698990191946 -0.0953717910149201 -0.053242361185055 -0.0245810556340529 0.00964194818987735 -9999 -9999 -9999 -9999 -9999 -9999 -9999 -9999 -9999 -9999 -9999 -9999 -9999 -9999 -9999 -9999 -9999 -9999 -9999 -9999 -9999 -9999 -9999 -9999
-0.435294005674676 -0.435246139688988 -0.43513051894552 -0.435017127380621 -0.433731903679887 -0.43199125266222 -0.431715846853092 -0.43128774231201 -0.430939990455298 -0.430799490851933 -0.430965032924631 -0.431107311780615 -0.431046684258901 -0.431117997521919 -0.430867715986842 -0.430462598571551 -0.429672375220138 -0.428787125463043 -0.427988793218946 -0.357980785832195 -0.335787881598542 -0.41373264409047 -0.411389961475416 -0.280397702450238 -0.251237388118727 -0.173172168179373 -0.127535361060274 -0.10728971588548 -0.0897681678239575 -0.0753255448405348 -0.0377689987533676 -3.65725222506441e-05 0.0641535446656122 -9999 -9999 -9999 -9999 -9999 -9999 -9999 -9999 -9999 -9999 -9999 -9999 -9999 -9999 -9999 -9999 -9999 -9999 -9999 -9999 -9999 -9999 -9999 -9999
-0.435283606249885 -0.43528554911194 -0.435196177457398 -0.435072018346477 -0.432538669384674 -0.432068005938992 -0.431703187572963 -0.431178461434196 -0.430831364015229 -0.43070320669871 -0.430924375979727 -0.430987825764216 -0.430910305568211 -0.430571971479672 -0.429820462211108 -0.429623997954962 -0.428990522669049 -0.427590291760233 -0.379918663857121 -0.348058180292387 -0.330179963659878 -0.293671540523575 -0.263876217067687 -0.239915615131439 -0.191049566764701 -0.160403474240404 -0.106037081139325 -0.0869776043772171 -0.067493765639881 -0.0524416975064923 -0.00831623255459091 0.0114580129320579 0.0343664016815353 -9999 -9999 -9999 -9999 -9999 -9999 -9999 -9999 -9999 -9999 -9999 -9999 -9999 -9999 -9999 -9999 -9999 -9999 -9999 -9999 -9999 -9999 -9999 -9999
-0.435252776096745 -0.435254269032851 -0.434325632098385 -0.432889192376212 -0.432513473531494 -0.432187716918366 -0.431747975656132 -0.431156087843791 -0.430930020505277 -0.430741194764685 -0.43079268060915 -0.430567942597305 -0.430293058293255 -0.429686762624936 -0.428858264891035 -0.428649785566915 -0.427999366478763 -0.36135349210423 -0.350592899483219 -0.336959222906069 -0.319072928057645 -0.281806788719791 -0.257980142009458 -0.243067141896867 -0.190787791666729 -0.151612534719837 -0.101724949935623 -0.0779156867278903 -0.0432458246312502 -0.0273818446705577 0.00700476858960497 0.0225681162112202 0.0524186578518372 -9999 -9999 -9999 -9999 -9999 -9999 -9999 -9999 -9999 -9999 -9999 -9999 -9999 -9999 -9999 -9999 -9999 -9999 -9999 -9999 -9999 -9999 -9999 0.176546069444495
-0.435288013479074 -0.435268329218777 -0.433246883506176 -0.432956282470657 -0.432548700688233 -0.43219362730925 -0.431746431592077 -0.431282322749435 -0.431098221231314 -0.430962374271292 -0.430481863582667 -0.429725783475478 -0.42940823801093 -0.428848182459527 -0.428022016160091 -0.427819999408703 -0.426935312059045 -0.373348313409819 -0.340406575983385 -0.33088552935363 -0.311589841467962 -0.28699627552529 -0.267329398731168 -0.261437413908846 -0.234097254555421 -0.142452451408771 -0.0987544161090267 -0.0705645102461694 -0.0308084398006518 -0.00374641648882229 0.0241571728606282 0.0341925666555383 0.0811034822592977 -9999 -9999 -9999 -9999 -9999 -9999 -9999 -9999 -9999 -9999 -9999 -9999 -9999 -9999 -9999 -9999 -9999 -9999 -9999 -9999 -9999 -9999 0.114834635215554 0.115733464555856
-0.435293484169598 -0.435278002626694 -0.433204375729525 -0.43301175629513 -0.432607508054969 -0.432209006596255 -0.431755194922506 -0.431347613140081 -0.431053341117837 -0.43057725810958 -0.429836710673243 -0.429115162382689 -0.428919465045775 -0.428192763057979 -0.427224839407638 -0.42695985347448 -0.378274798046575 -0.365961347363922 -0.359866077817081 -0.324990476854379 -0.311372036405977 -0.285267128296108 -0.275301268511596 -0.269119899498938 -0.227678651860226 -0.13750837875762 -0.101435565745287 -0.0705399688307346 -0.0271599493726675 0.014047132260437 0.0459939198027827 0.0738791030906571 0.148059621478466 0.170838145237934 0.14955767037897 -9999 -9999 -9999 -9999 -9999 -9999 -9999 -9999 -9999 -9999 -9999 -9999 -9999 -9999 -9999 -9999 -9999 -9999 -9999 0.113540075551365 0.113680166131139 0.222701313964655
-0.435322862288991 -0.434411056675278 -0.433116456108729 -0.43284586655238 -0.432465627996986 -0.43208114582184 -0.431667121917864 -0.431248343114647 -0.430432279697899 -0.429663949334172 -0.428809008225139 -0.428215801311719 -0.427672464599581 -0.427034500279761 -0.426173198853895 -0.376455052092079 -0.369116964365257 -0.362622692305803 -0.358427337337212 -0.350689224538801 -0.331565531072972 -0.3172118707205 -0.316025702307815 -0.259145859242615 -0.215452936737753 -0.132246290264793 -0.101482603458203 -0.0632164014413779 -0.0162768541862778 0.0214668201935803 0.0518255736454944 0.0943517563582233 0.17910757968051 0.159095077952347 0.160284314041962 -9999 -9999 -9999 -9999 -9999 -9999 -9999 -9999 -9999 -9999 -9999 -9999 -9999 -9999 -9999 -9999 -9999 0.108579641956591 0.110443766970665 0.216979073932424 0.114873492456659 -0.0323085338191084
-0.435340859326977 -0.433310220809177 -0.433058425886815 -0.432702370851214 -0.432112528156827 -0.431640596738014 -0.430883289560053 -0.430242308691253 -0.429131983477851 -0.428450458145635 -0.427663568336485 -0.427415362596131 -0.427132154662012 -0.426389061053824 -0.374695943884887 -0.366317095631831 -0.359684369086966 -0.360183071099782 -0.35814429301253 -0.348489495668655 -0.332374375223346 -0.321588423139719 -0.317416382515791 -0.283329379035729 -0.194583530587323 -0.126257162339708 -0.0966428318226513 -0.0447346705009658 0.00940880474324607 0.0408627188589414 0.0561878102390431 0.10151682710623 -9999 -9999 -9999 -9999 -9999 -9999 -9999 -9999 -9999 -9999 -9999 -9999 -9999 -9999 -9999 -9999 -9999 -9999 -9999 0.135228551441933 0.108894590121338 0.106940479917337 0.0139878238398027 -0.0476090837837752 -0.0797225484392828
-0.434448870906227 -0.433200530907773 -0.432775003215312 -0.432365887594423 -0.431272782274184 -0.430471515285825 -0.429217673920078 -0.428403849907489 -0.427888940334896 -0.427317115129673 -0.426928767681596 -0.426804526765957 -0.426717711508856 -0.425968584802707 -0.366037118984078 -0.355017512174332 -0.359245691286067 -0.35687233190172 -0.351142422677165 -0.339881696460771 -0.330067482172468 -0.322723463603582 -0.305502547881137 -0.252618865295915 -0.144549719869476 -0.11274711314281 -0.0728489069995655 -0.0165989602638605 0.0322180052720075 0.077736195549838 0.096208723459462 -9999 -9999 -9999 -9999 -9999 -9999 -9999 -9999 -9999 -9999 -9999 -9999 -9999 -9999 -9999 -9999 -9999 -9999 -9999 -9999 0.103021011360592 0.11542669686292 0.0806463983968232 -0.047701114091656 -0.0721157322134487 0.07761451103164
-0.433058119119122 -0.432785310609795 -0.432179822763067 -0.431396573263874 -0.429794407408388 -0.428600334614814 -0.426555431399293 -0.426053354941855 -0.426356543678373 -0.426208681650378 -0.42592328544005 -0.42616256424054 -0.376037745773788 -0.369531203006618 -0.356142633816123 -0.356528956597427 -0.353996589292241 -0.350489109747109 -0.340317613352433 -0.328723839677409 -0.32045236011688 -0.303001368624733 -0.261972212253531 -0.204362262079143 -0.107311189623986 -0.0830785870000017 -0.0506747155951814 0.00867153972122336 0.0555047408427725 0.10477163232828 -9999 -9999 -9999 -9999 -9999 -9999 -9999 -9999 -9999 -9999 -9999 -9999 -9999 -9999 -9999 -9999 -9999 -9999 -9999 0.113730271520985 0.194473573419669 0.206236069325809 0.223164533180989 0.18387883986464 -0.0773420311421001 0.113085036806843 0.111490867362553
-0.432681541324864 -0.432181745173943 -0.430925960946141 -0.428961543347656 -0.427375820240512 -0.424942651381631 -0.421881314317926 -0.420622850985605 -0.361146730679191 -0.366720597403939 -0.368187662767456 -0.366378858194008 -0.361983388433725 -0.333152542604427 -0.352862878155047 -0.348680714197252 -0.344854400763262 -0.339811753426782 -0.331233199405625 -0.31745421719792 -0.295121529152186 -0.270668053789288 -0.230014176562444 -0.169713873721009 -0.0914267584837643 -0.0679488043844026 -0.0278235901483855 0.0286646128288331 0.0775102100160418 -9999 -9999 -9999 -9999 -9999 -9999 -9999 -9999 -9999 -9999 -9999 -9999 -9999 -9999 -9999 0.072041564609971 0.084297956501737 0.211201615715465 0.222114365112171 0.0985616316642804 0.178412239576522 0.159736222430583 0.0189952951474933 -0.0198578557218163 -0.0609064407135705 0.0316382143323586 0.175031659600368 -0.0739624737249229
-0.432203045077423 -0.431554650656044 -0.429477066455635 -0.4278235988163 -0.425460372991409 -0.420273647095147 -0.34210780735251 -0.316642305370616 -0.329576653863771 -0.34427737073285 -0.347007398688184 -0.351867110223777 -0.327010030832873 -0.321871671976197 -0.306707122355398 -0.307279755382212 -0.303546392559182 -0.332203607874278 -0.31694396026867 -0.299725089664177 -0.26845319104629 -0.246903783176519 -0.206628252770963 -0.0766661196586647 -0.0784985453444685 -0.0570104910132845 -0.0105883586002695 0.170921995074003 -9999 -9999 -9999 -9999 -9999 -9999 -9999 -9999 -9999 -9999 -9999 -9999 -9999 -9999 -9999 0.0535352922541239 0.0629755567247384 0.173307625166068 -0.0234327219034961 -0.0231770821593829 -0.0188905149300918 -0.0413367070222123 -0.051499920689179 -0.0480211750512858 -0.052034719033864 -0.0784760490469866 -0.0616498410894519 -0.0794873598746986 -0.0816971098228136
-0.431696765902591 -0.43016819361664 -0.428665778389307 -0.381686259303817 -0.370392197664791 -0.347513974405119 -0.330334370065322 -0.295745290127822 -0.285122947480428 -0.309941476397919 -0.288352188728066 -0.305085343818744 -0.309202166257944 -0.296621623170642 -0.292478214198054 -0.296796480755616 -0.293497705497578 -0.284231276052961 -0.300392820675801 -0.227390290228866 -0.250179039578098 -0.157313301013563 -0.0792848931973609 -0.0857975713183903 -0.0688507014016342 -0.0357934148108604 0.0211498269108798 -9999 -9999 -9999 -9999 -9999 -9999 -9999 -9999 -9999 -9999 -9999 -9999 -9999 -9999 -9999 0.0474418633134402 0.0259640345720207 0.0128200614886934 -0.0921374369723992 -0.107548423306523 -0.0935639067445511 -0.0728294783790129 -0.0732947427132991 -0.0735258410419774 -0.0556607131643665 -0.0526104197376071 -0.0607591922209613 -0.0675898861836676 -0.0595638207774877 0.0793201394043637
-0.430651127770039 -0.429012333852017 -0.380590280592855 -0.374895956420681 -0.356413407433088 -0.33021677578303 -0.303376647769091 -0.271970793925289 -0.232369129885216 -0.188588267308379 -0.233863088549813 -0.265799650502395 -0.272469802705798 -0.274658078915407 -0.276899528191792 -0.274036363057724 -0.264559286463957 -0.259651003376983 -0.233184109389449 -0.204538142223093 -0.173899207611631 -0.111196913734507 -0.0718375961718535 -0.0807757841850295 -0.0562568650476386 -0.015934296929166 0.148210960206981 -9999 -9999 -9999 -9999 -9999 -9999 -9999 -9999 -9999 -9999 -9999 -9999 -9999 -9999 0.0528982380117937 0.0516435581476858 0.11991266309262 -0.102647298132383 -0.118880421883575 -0.123789727529526 -0.125852228985032 -0.115708443938618 -0.106322375093756 -0.10194480011556 -0.0969250581001523 -0.0813371690631022 -0.0740391656481569 -0.0664722292224044 -0.0117591886283083 0.209735266143231
-0.429341403556229 -0.384008286227547 -0.373845583840068 -0.363277641330222 -0.336760846464637 -0.304992290951887 -0.262672665152401 -0.163591813128984 -0.0824364199627892 -0.082636841522174 -0.1095730900799 -0.184538933761625 -0.208517941759449 -0.235880597410355 -0.227687854891014 -0.21372992486243 -0.216844639504706 -0.212106101207822 -0.191537327396469 -0.165696239502525 -0.126429974806728 -0.0825581044809871 -0.0680602633128359 -0.0713447227452031 -0.0429411020562671 0.013090017058477 -9999 -9999 -9999 -9999 -9999 -9999 -9999 -9999 -9999 -9999 -9999 -9999 -9999 -9999 0.102276588425734 0.0447320820258397 0.0392051507581111 0.120256242908708 -0.126386004770741 -0.147476283660085 -0.159651893392711 -0.155639371969109 -0.137227175039096 -0.130956843395486 -0.124288736310036 -0.116779063186964 -0.0993607935820634 -0.0835448738932643 -0.0642716823050775 -0.0439585482378379 0.0118966907329563
-0.427311838725355 -0.37340342933865 -0.361917433379744 -0.336542836890857 -0.288562835877216 -0.234351871740558 -0.0882425098310896 -0.0703323893585146 -0.0341225534433362 -0.0208313318673996 -0.0424226646552054 -0.0605107103896832 -0.0696534101981498 -0.0811162963241883 -0.108023913230574 -0.121584067817317 -0.10671606029969 -0.0902436577480081 -0.0876075007067122 -0.0723856877832323 -0.0640139974430113 -0.0490611175303385 -0.0452664011687213 -0.0295149026954388 0.0345310336767442 0.0576602951651354 -9999 -9999 -9999 -9999 -9999 -9999 -9999 -9999 -9999 -9999 -9999 -9999 0.0675903653854709 0.0323550281748522 0.0279437087504337 0.032609645359989 0.125494812545077 -0.124686511751876 -0.162931240030196 -0.175491331937968 -0.181578625524793 -0.173725372585634 -0.156419584468143 -0.141450343611847 -0.133963166786258 -0.129307455766467 -0.114130635437951 -0.0880512913024928 -0.0619044582745887 -0.0354140454305963 0.00431032568665124
-0.366166677206394 -0.356583561246769 -0.33620702852299 -0.301227228800587 -0.227023191556319 -0.0976357365887872 -0.0707669769235071 -0.00918029488969369 0.0272514363233751 0.189184898393454 0.0500667722059952 0.0532581787715051 0.0229178313811671 -0.00141907225841514 -0.0182422125390205 -0.0327216476455955 -0.0284862083651271 -0.0328658284612753 -0.0335550332114047 -0.0181829041183862 -0.00554407516942668 0.0105939505969551 0.03632255700349 0.0612873118546144 0.105397438421869 -9999 -9999 -9999 -9999 -9999 -9999 -9999 -9999 -9999 -9999 -9999 -9999 0.023648961049331 0.0356762997303716 0.133354200838095 0.0184410681822557 0.0696170772768008 -0.127557857357756 -0.162068200254069 -0.18650940490925 -0.19065792667672 -0.192686683686003 -0.179829027116082 -0.169087045068443 -0.155010498198591 -0.141701893120054 -0.136132014375315 -0.0146509854137175 -0.0880369754768225 -0.0560973458473119 -0.0245074313877482 0.232357338379301
-0.333639280677218 -0.328131778030042 -0.298666741123548 -0.265273032629521 -0.106915459300098 -0.0773072641369008 -0.00813421705678224 0.16584907999182 0.0902911746627283 0.130842795991926 0.132812244580575 0.0823039664976536 0.0669706946457404 0.0814716034908209 0.0445081416099965 0.0474940138212394 0.0509236766282629 0.0220200245998413 0.0325595399701428 0.049876576236375 0.0627628644576361 0.0780041060016686 0.100152733431641 0.073935343834362 -9999 -9999 -9999 -9999 -9999 -9999 -9999 -9999 -9999 -9999 -9999 -9999 0.0314909658397493 0.151015839479392 0.0977415393651651 0.157536698072233 -0.0530583005692935 -0.11829960838495 -0.161162213000932 -0.184205579535301 -0.202190346813157 -0.202860122942734 -0.198537766149267 -0.188368417128441 -0.178189865076828 -0.166589956047945 -0.151595151217237 -0.136014420093022 -0.108946261427334 -0.0793002315820077 -0.0315855846227562 0.0114815317885164 0.0939631839471711
-0.303003413742686 -0.292754305121697 -0.211869890084262 -0.113312588256789 -0.0947286014187311 -0.0254573886768731 0.137496587251706 0.225189199954366 0.279863383307357 0.19489998051285 0.169448487588934 0.144534860686632 0.0711069457054929 0.0730733266172121 0.0679308775246297 0.085069988528959 0.0888636823315999 0.137587595000611 0.123381183140748 0.113516556694906 0.138762515264555 0.136055801653884 0.117690642436787 -9999 -9999 -9999 -9999 -9999 -9999 -9999 -9999 -9999 -9999 -9999 -9999 -9999 0.0352314865756146 0.333180630898594 0.220015051533513 0.0497150119180954 0.0454376477195923 -0.140161919301516 -0.209353372443211 -0.216822143207224 -0.387897691550384 -0.386015671754222 -0.204829571531382 -0.195909789579783 -0.183316975784763 -0.169054323181197 -0.152770071481182 -0.12926041805355 -0.0970855998594554 0.0211856164750557 0.041089726951714 0.0712930514392073 0.102123204579266
-0.303166000619942 -0.224071063791299 -0.126047537749535 -0.0937663734218889 -0.0506542644156524 -0.00236902954753998 0.214425744168221 0.17781302001632 0.115350004939686 0.147556522462051 -9999 -9999 -9999 0.115625073304352 0.0752871668012329 0.0896040150305519 0.0998817553028813 0.121356516367371 0.12575351996612 0.104531330968813 -9999 -9999 -9999 -9999 -9999 -9999 -9999 -9999 -9999 -9999 -9999 -9999 -9999 -9999 0.0916522006603872 0.0593945551891998 0.019818455123538 0.105793168745756 0.0824348540466396 -0.0740463235609921 -0.193303286748804 -0.216559345550275 -0.221153703031479 -0.224515876946056 -0.390017456308571 -0.388059460380458 -0.384495024300338 -0.191547552986234 -0.179672575592685 -0.164158310801939 -0.143808364611548 -0.115565285681915 -0.0516829587459642 0.0535240441053829 0.0689319627625772 0.0967312510964295 0.0971821996050453
-0.22965219068478 -0.161221521421566 -0.0988863262169892 -0.0665141541404389 -0.0335151534113231 0.143510256592227 0.293010424067613 0.18815415894519 0.134235646675798 -9999 -9999 -9999 -9999 -9999 -9999 -9999 -9999 -9999 -9999 -9999 -9999 -9999 -9999 -9999 -9999 -9999 -9999 -9999 -9999 -9999 -9999 -9999 -9999 0.145287464093302 0.112317095015527 0.0324961413136027 0.135487258862976 0.0788221531828311 -0.158825665739737 -0.195696074753704 -0.215259673091203 -0.209471989284479 -0.219522721464036 -0.3893517704149 -0.389683795314554 -0.387297347175308 -0.197457943870133 -0.181373091170526 -0.173094453697162 -0.159614058710582 -0.140170099773328 -0.0605055975948009 0.0585253800592147 0.0833694729511177 0.0706529295199477 0.0667886791479317 0.166133351387274
-0.158269393656546 -0.0974363375883788 -0.0634699960675383 -0.0276385069736474 0.0231734711252803 0.280386933503301 0.241987798819536 0.243821247064316 -9999 -9999 -9999 -9999 -9999 -9999 -9999 -9999 -9999 -9999 -9999 -9999 -9999 -9999 -9999 -9999 -9999 -9999 -9999 -9999 -9999 -9999 0.192511282743856 0.214466646527279 0.285933293391582 0.258926488264481 0.242990929175437 0.00930859396355366 -0.0929595743894674 -0.153532900477616 -0.191432003821895 -0.390203664298183 -0.203896997744857 -0.106373503042578 -0.388545175894274 -0.389250230308538 -0.388756947858297 -0.386607528889793 -0.188943095273208 -0.175742881446176 -0.166233082965163 -0.149065340309493 -0.134232099797065 -0.00873650429391309 0.061947884953403 0.0810400836027577 0.0745130896560579 0.00977999365169852 0.160949999935633
