raw_data/Biomass/Paralabrax auroguttatusGrid_biomas_Teorica.asc
NCOLS 96 
NROWS 96 
XLLCORNER 0 
YLLCORNER 0 
CELLSIZE 0.0104166666666667 
NODATA_value -9999 
[rows 26 to 51 of 96, columns 0 to 58 of 96]
14.7470028736644 14.7277710325893 14.7234819976656 14.7331296717663 14.7349769878966 14.7358763049022 14.7297020899778 14.7298319089619 14.7250203926947 14.7220113168596 14.7209144666467 14.7232684374232 14.7246882323928 14.7238556279207 14.7214089006787 14.7126605435836 14.6954677420458 14.6781194782678 14.6592881127317 14.6166173338747 14.4564721943457 14.2372804525348 13.9867718841892 13.5610497582759 13.0137365273939 12.1902534416334 11.1624597161282 10.227562692671 7.91496170045444 8.25663805443941 7.56629355241843 6.76093503994728 8.23810679513503 9.2064602543093 8.68123428113875 -9999 -9999 -9999 -9999 -9999 -9999 -9999 -9999 -9999 -9999 -9999 -9999 -9999 -9999 -9999 -9999 -9999 -9999 -9999 -9999 -9999 -9999 -9999 -9999
14.7510835571322 14.7278329370123 14.7346153779177 14.7352891144046 14.7174782703268 14.7104656411302 14.713352110147 14.7181928757532 14.7186081762996 14.7248038273833 14.7274522949293 14.729340279661 14.7253892148394 14.7168998946986 14.7083033937608 14.7002874721685 14.6890585307197 14.5954510296662 14.4954940179922 14.3426521980085 14.2014059379009 14.0485180401913 13.7839096877394 13.151460846544 12.2933072771595 11.3751985729424 10.0605209196117 8.20957867270322 7.39059718041912 7.77047797926186 7.52143788800492 7.23665750853285 8.54806965346721 5.0198581184714 -9999 -9999 -9999 -9999 -9999 -9999 -9999 -9999 -9999 -9999 -9999 -9999 -9999 -9999 -9999 -9999 -9999 -9999 -9999 -9999 -9999 -9999 -9999 -9999 -9999
14.7552515879411 14.7395681324315 14.7330064639342 14.730072314488 14.7169293443755 14.7040179649199 14.7043160677723 14.7076707265512 14.7085982912061 14.711917289832 14.7192855188694 14.7262993500937 14.7239381671514 14.7125281202063 14.7009195383642 14.6893674518208 14.5767350587826 14.3714367530015 14.2615173363255 14.0574010243811 13.5331026158655 13.3894282599442 13.4998344978105 12.6633514832256 11.4726629799865 10.4056030185499 8.00669644245955 8.24696173201345 7.90248064689053 7.77117916204635 7.2058054660153 8.16656611732323 10.5468212313462 -9999 -9999 -9999 -9999 -9999 -9999 -9999 -9999 -9999 -9999 -9999 -9999 -9999 -9999 -9999 -9999 -9999 -9999 -9999 -9999 -9999 -9999 -9999 -9999 -9999 -9999
14.7477407182916 14.7451066750772 14.7366590252276 14.7323782041593 14.7243698954087 14.7083781198118 14.7071845063746 14.708445834035 14.7059684550884 14.7056879819746 14.7113779801018 14.7136061386529 14.7092501908578 14.7022069099565 14.6537447619755 14.5495692343321 14.3466108756718 14.0658092076569 13.5238490064896 12.7489158167272 12.3364600690964 12.9310129858592 13.0047493674761 12.2910634922492 10.5659134368781 8.53755191169986 8.4937981059477 8.7810827096501 8.25900204211283 7.77294213590449 7.7625445969002 7.65945069378636 7.91075460374751 -9999 -9999 -9999 -9999 -9999 -9999 -9999 -9999 -9999 -9999 -9999 -9999 -9999 -9999 -9999 -9999 -9999 -9999 -9999 -9999 -9999 -9999 -9999 -9999 7.7709187227264 6.86669343764218
14.7420743600412 14.7464591564995 14.7387830080508 14.7373159333277 14.7300466712319 14.7120429017194 14.7064085975391 14.7056601350012 14.7065640597793 14.7080992494015 14.7104151559697 14.7047844578723 14.692896805282 14.6470889346472 14.4673825984723 14.2702921380285 14.0028590206448 13.017386684632 12.3979838499869 12.0407412381863 11.8610581412123 11.9682790058578 11.8974595446243 11.747085888042 10.0241796175813 9.34825944712698 9.10865527276989 8.95347350566538 7.77602734015625 7.59231745061992 7.61834134882141 7.4364745683186 7.96959385626312 -9999 -9999 -9999 -9999 -9999 -9999 -9999 -9999 -9999 -9999 -9999 -9999 -9999 -9999 -9999 -9999 -9999 -9999 -9999 -9999 -9999 -9999 -9999 -9999 7.48561746461441 7.8049962060526
14.7361894330999 14.738330043972 14.739273635662 14.7305423072916 14.7237222028537 14.7183491393452 14.7116261988075 14.7088016342136 14.7068525464107 14.7044110279551 14.6971864412196 14.6633912340486 14.6206445271129 14.4945965040281 14.2891038704467 14.072003656713 13.484680936148 12.248070970663 11.941393654521 11.5425809204971 11.1062649243998 10.8626339574804 10.7265043283201 10.4452298627705 9.26654160204316 9.30434537102408 9.42168330155998 8.90992003785164 7.19208231723314 7.3866304892383 7.23194956697984 7.5232609632446 8.11876548521487 -9999 -9999 -9999 -9999 -9999 -9999 -9999 -9999 -9999 -9999 -9999 -9999 -9999 -9999 -9999 -9999 -9999 -9999 -9999 -9999 -9999 -9999 -9999 6.49304314868449 2.14456795859866 1.89819236192278
14.7318509147054 14.7345568792397 14.7407455184956 14.7319611005715 14.722530592796 14.7189647778299 14.7167816953149 14.7111369735618 14.7079019165321 14.7006378632228 14.6432057843867 14.5326967731579 14.4341305074524 14.295919367112 14.0690747160532 13.8177347452631 13.1913341064289 12.1058711019685 11.7286147301191 11.3008731977865 10.6390367844035 10.234694723279 10.1020309404535 9.45501953451401 9.23520874847338 9.34240957932495 9.44542334726343 8.66328400185581 7.40353901124142 7.93653809642289 7.31256555340233 8.02614925628069 9.12418146299788 -9999 -9999 -9999 -9999 -9999 -9999 -9999 -9999 -9999 -9999 -9999 -9999 -9999 -9999 -9999 -9999 -9999 -9999 -9999 -9999 -9999 -9999 6.47298932104808 6.29188382471128 6.03641288563088 5.68580145959213
14.7291633812614 14.7318643373472 14.7360960756206 14.7334856722829 14.7251540180997 14.7207225429017 14.7197264626718 14.7130033217962 14.7037328840335 14.6465370036268 14.5176714277759 14.357425117588 14.2679561976665 14.0799630830066 13.7678566087333 13.4795242376129 12.995405606028 11.8362362706414 11.2645118619623 10.7005405315002 9.48933742336633 9.4852304956286 9.73671470973433 9.42707239210364 9.61252522170427 9.63544388186016 9.31295990237638 8.63910321268783 7.84037588597857 8.17548115558317 7.90462426283168 9.03927824469309 10.1410768046527 9.72475453481032 10.4635207165488 -9999 -9999 -9999 -9999 -9999 -9999 -9999 -9999 -9999 -9999 -9999 -9999 -9999 -9999 -9999 -9999 -9999 -9999 -9999 6.90327514519871 6.6414935610579 1.57733111974025 5.76603680393161 8.92310227420005
14.7279417205129 14.7269506487315 14.7278792150761 14.7255124226715 14.7262811193413 14.7216044305066 14.7174005392067 14.7089476805707 14.6173121058451 14.4541723148125 14.2401272546398 13.9894904700136 13.8925168909187 13.6580053069564 13.2051494106627 12.7538841976001 11.5615128556783 10.5093580368606 10.213819510095 9.62739029673545 9.52918463931919 9.46147041613132 9.49594857533438 9.51912767481022 9.91980355166154 9.85054672634779 9.63095631203943 8.71629342036324 8.18185190202511 8.44950338776179 8.56361587748904 8.77727628882001 8.29053523362103 10.0246203610458 10.6611741265995 -9999 -9999 -9999 -9999 -9999 -9999 -9999 -9999 -9999 -9999 -9999 -9999 -9999 -9999 -9999 -9999 -9999 6.91980302511883 6.94470503086514 2.52014149176524 6.50009504411707 6.11969336663443 8.23732547717517 8.22780942509995
14.7250211940465 14.7236490795062 14.723893892467 14.7231300039078 14.7147178138733 14.7000162145998 14.6698693616255 14.6129012654548 14.3257216388322 14.0883291953153 13.7868426351579 13.5820752249137 13.4456490956045 13.274570513086 12.4645160793381 11.2117829165686 10.021294751268 10.0628849072851 10.0002192001456 9.96852573828666 9.8262657682106 9.65645933160101 9.72188970229083 9.91784023986497 10.1582056983881 9.93126288173949 9.57600361552927 8.66330403564965 8.05435683801102 8.33983840026758 8.04147510857025 9.67322761704724 -9999 -9999 -9999 -9999 -9999 -9999 -9999 -9999 -9999 -9999 -9999 -9999 -9999 -9999 -9999 -9999 -9999 -9999 -9999 6.74765263462966 6.6495872137703 6.67036225798504 5.46348644932118 6.20381526697936 8.5049969967057 6.79242816386779 -0.144853934142089
14.721030662651 14.7234517466369 14.7119457378193 14.7063697319791 14.6816037556929 14.6197570300457 14.5186070059484 14.2651394462522 13.9618358209933 13.7360088866618 13.5945402514425 13.4406466572821 13.2348875742426 13.068516933277 10.8349873219776 9.91635773912062 10.0994465810478 10.2140599156212 10.0590985202489 10.1209829094286 10.0783509961316 10.0061091355353 10.1076203689356 10.1299580490701 10.3468439012097 10.3531545462701 9.80911684068137 8.61035471852375 8.33591177667444 8.08987675449389 8.53566873507866 -9999 -9999 -9999 -9999 -9999 -9999 -9999 -9999 -9999 -9999 -9999 -9999 -9999 -9999 -9999 -9999 -9999 -9999 -9999 -9999 5.99564411516126 5.81267547599711 5.63191055415563 5.6452129932671 6.99036204703234 0.0540816387145888 -0.885282920769486 4.27658433311836
14.7091119576802 14.7098910719228 14.6862780404723 14.6582423486931 14.5426695957327 14.3841041208482 14.2078147485511 14.0030092740986 13.7551251327464 13.5027974959199 13.3706465782167 13.1821305815376 12.9410198658835 11.8304064366332 9.9119703382691 9.91285182519817 10.0326338785829 9.95460225156608 9.95466235294761 10.0423903361842 10.1256107158062 9.85419287682714 9.65399517495838 10.0604007168487 10.3631113418098 10.2255993808745 9.94286244837434 8.01877682014662 8.3404594478767 8.41330232228827 -9999 -9999 -9999 -9999 -9999 -9999 -9999 -9999 -9999 -9999 -9999 -9999 -9999 -9999 -9999 -9999 -9999 -9999 -9999 7.0137815520343 2.03700651945792 0.310834740600914 0.154571148628898 -0.231900768388039 6.22338828356355 -0.767183706067559 -0.963695189869288 3.97583701995376 4.60543905904408
14.6971926516957 14.6799291308656 14.6017452470156 14.497990228705 14.3774068235666 14.0437079262897 13.8274631555531 13.7468251319574 13.4663420012645 13.0923531411909 12.3859034722999 11.3667443119409 10.7508453878389 9.8567171348513 9.8109198821272 9.7901648717063 9.65557784467194 9.73419045171017 9.77367705937387 9.68300410844241 9.68773208378926 9.33387518314802 9.44492250241736 9.85683733761436 10.2906290756874 10.417683396237 9.93947673721494 8.34785191780461 8.61636485667652 -9999 -9999 -9999 -9999 -9999 -9999 -9999 -9999 -9999 -9999 -9999 -9999 -9999 -9999 -9999 7.23547551469614 6.95009412140878 2.11990635837846 1.51256186424723 4.92099134585834 0.517843932376147 0.0337473379643853 4.24074387593401 3.55825262109932 4.61533575320231 -0.109814828711443 -0.888107685701286 3.77101151170737 3.95307863014861 4.38578854335419
14.6891532905646 14.6600946732718 14.4691916500563 14.3165481646317 13.978517961126 13.7549868995688 13.6058072570996 13.4217527863091 12.5515228459964 11.3312043616642 10.6152767049062 10.3292942978036 10.207208358127 9.94532660501697 9.66894038516493 9.45876585396257 9.3007793557201 9.32720392979844 9.49324401316563 9.1208959208077 8.93556329397012 9.05973274820635 9.56692830691859 9.9569662392395 10.4313063760499 10.5785948283805 9.69606614202777 4.25416651780853 -9999 -9999 -9999 -9999 -9999 -9999 -9999 -9999 -9999 -9999 -9999 -9999 -9999 -9999 -9999 7.04293072207524 7.07458411634649 0.237671325487863 5.20845625370532 4.28838423769163 4.06596905845147 4.58137847263916 4.43863769151088 3.96409721676202 3.67663230891504 4.1658575545505 2.67676569202642 2.88327403895559 3.47072497580115 3.66857872379033 3.9921845957293
14.6817289669045 14.537921586592 14.2095156176484 13.2292280274821 13.543418016315 13.454097346468 13.0782934246722 12.3688947813275 11.9045515076445 11.068320918862 10.2373792516539 9.95850884136538 9.98186824498581 9.7720943896603 9.35545157911646 9.20071055547648 8.98156088463265 8.86033639809129 8.80540373537497 8.64108655827825 8.60913265709935 9.11734993929756 9.97689986411286 10.2967594166033 10.4475137152686 10.0472184805003 8.55528181925054 -9999 -9999 -9999 -9999 -9999 -9999 -9999 -9999 -9999 -9999 -9999 -9999 -9999 -9999 -9999 6.87076029779222 7.12875549489679 4.48838160162197 5.9822014394929 6.11065812561143 5.33553060804871 5.35600514535582 6.15509308035424 6.6299140282169 7.1160540696006 6.67270621186462 6.67931736383266 5.5764970803871 3.24883067520089 -0.964516575416832 3.24079712387002 -0.49368235252885
14.5909145773885 14.3482195893174 13.2972808217859 12.9614302950503 13.0428856974348 12.9034464855318 12.5403239552384 12.0567883070542 11.6420286731316 11.0006667970557 10.1537982637427 10.025361611418 10.0256020169441 9.63332029971285 9.17128091232175 9.01113076434428 8.6746231291707 8.40631052823722 8.22925185825662 8.18782197259019 8.62986763372641 9.38147547731795 10.3031301630452 10.5840239865118 10.6079443363598 8.87544187864858 3.6000831826426 -9999 -9999 -9999 -9999 -9999 -9999 -9999 -9999 -9999 -9999 -9999 -9999 -9999 -9999 6.70353822058833 6.45642137354027 2.15326262512633 5.81540007195969 6.17550751627982 7.31531018315876 8.22983283827805 8.0523734924206 7.96989436317076 8.23720527441212 8.54710803136277 8.08504861017783 8.19236964379246 7.42337246714556 4.76374609798804 0.263394716781718 3.07942491446815 -0.121133922232493
14.3820987380845 13.5561735328546 13.0841032248865 12.811880027395 12.640012113399 12.3854026274538 12.1375645638274 11.6114971713155 11.1361353110191 10.891442553026 10.1311200091129 9.87272413613151 9.83289695397249 9.44590415831565 8.95756039960926 8.939269545831 8.47268248723764 8.07455090220432 7.84101696738153 8.09823084652624 9.07854448062452 10.2116358265662 10.1318612594851 10.0464371625404 8.8918295220118 7.77352311592593 -9999 -9999 -9999 -9999 -9999 -9999 -9999 -9999 -9999 -9999 -9999 -9999 -9999 -9999 7.11651484685898 6.72741850284866 6.46134968682555 0.429815442231913 6.66972117658207 7.68627594374155 8.47504647491106 8.78028135789639 8.84022246907335 8.65563109260795 8.75814401570036 9.06406004767634 8.44016763983115 8.21795279852941 7.54461698748077 5.37686032474593 4.02301660445301 -0.67546899785629 0.142170230240351
13.67312280779 12.7915276962303 12.7492163236348 12.6440589397552 12.6773951727092 12.4072394627422 11.696821099291 10.8069800781857 9.64229543935432 8.88796299980019 9.83838621348536 9.38195628837018 8.5468876596305 8.58589345624198 8.21340512732715 8.66987512003001 8.28570708930497 8.30772422873795 8.21318475559488 7.88324820480166 8.32006504574497 8.25050771352358 8.89463425314976 8.72428690410642 8.09059797107222 8.36668368401662 -9999 -9999 -9999 -9999 -9999 -9999 -9999 -9999 -9999 -9999 -9999 -9999 6.43396349064276 5.87293712787554 7.70823298179301 6.54286719397095 3.26008966734041 7.33604515978582 8.61444161246763 8.83345104675456 8.99173805190468 9.01097049399354 9.09525266468922 9.16549114590125 8.83829922486446 8.83709719723391 8.47164072995782 7.5877898132115 6.78643805950886 5.09911180691259 3.28332886819779 0.0455873101253399 -9999
12.2882587611112 12.0810091638099 12.4689635815712 12.6364260643012 12.5216925269648 11.8982007949965 11.2052318659821 10.1366693700073 8.84140446291006 3.99380733303055 9.15140738882993 7.65314004872595 6.17232214305885 5.83603487961754 6.04508751836471 6.63115612343513 6.32253552929041 6.66785803375472 6.94777020132305 7.54742171861873 8.1607162495212 8.23686469991679 8.75229414789833 9.47343059105533 8.73488478104914 -9999 -9999 -9999 -9999 -9999 -9999 -9999 -9999 -9999 -9999 -9999 -9999 6.84906369906072 6.44237768405664 0.296410409034266 6.72924157808834 0.832995543313551 6.66659590474264 8.64164750450584 9.27052832701782 9.36979577550774 9.57864807631649 9.60559352903474 9.51043300828255 9.48773471985892 8.66470640121863 8.5331444770545 3.39816257450338 6.99633211759743 5.81419804432914 4.33412138903421 -0.824480356457297 2.43547867898656 8.4175494865829
11.7682215405459 12.3794926582703 12.2982756580325 12.3016613691919 11.9980692573016 11.0204000839906 10.0696963971916 4.61773980846342 9.36362536700423 9.39277453704516 9.91671834740979 8.7149110885881 6.02591517765738 4.57294424543144 4.94170628869155 5.68237568084506 5.00934037670405 6.77551964186467 7.3604663544799 7.46354022379991 7.31136352577178 8.66192170387451 7.54071039768147 8.52292724219479 -9999 -9999 -9999 -9999 -9999 -9999 -9999 -9999 -9999 -9999 -9999 -9999 7.46506279213194 6.76740595535843 6.48615152360264 0.495746657767798 6.73124495747259 7.09563963367503 8.24738244168414 9.65495679706282 9.88366258756955 9.99372825094061 10.1952081156153 10.4041405515994 10.1042947591577 9.43284212473029 8.35586543534163 8.07777634301298 7.16068936228184 6.18648603530554 5.05814269850455 4.13522588376522 4.48181051724161 6.27301199091158 7.70378547955996
11.4425521878411 11.6997059656043 11.5225471266545 11.8253579205849 11.2802383901287 9.97968456145697 3.99414790752587 6.51263619906252 7.65181781833234 12.0194252815378 9.98845936316002 9.21757900989192 5.48814804954138 7.2323502428567 8.11568028096311 5.65334671356718 5.78599046259881 5.29524264863131 5.80830810893943 5.47955355198292 6.7386374274005 7.75485162006466 9.82542434886922 -9999 -9999 -9999 -9999 -9999 -9999 -9999 -9999 -9999 -9999 -9999 -9999 -9999 7.55561554030034 6.73214647819551 -0.24596449166552 1.34091231860413 8.29674570971222 10.1476278552392 10.5567579930921 11.1259381099532 11.2974474190394 10.8858130569562 10.9365586567594 10.6038173748283 10.0337758048319 9.25956984178594 8.1774244335859 7.5749882189461 6.73571249349949 5.04313738691646 5.35123710242129 5.30153325989788 6.10941603039319 6.92657444743761 8.32950096264482
10.7671729298206 10.8571246641737 10.9055864114788 11.206894670871 10.7020430660384 8.55746550277938 3.4193983959765 10.4887031954089 13.0984093570695 11.8776861901017 -9999 -9999 -9999 7.54623972478202 7.76755304536084 7.86413596547585 7.92834427474128 7.84269980606431 7.8518752836442 8.23580290884314 -9999 -9999 -9999 -9999 -9999 -9999 -9999 -9999 -9999 -9999 -9999 -9999 -9999 -9999 7.68715743067063 7.45486559106608 7.47387766142267 2.8196467097116 2.00641491626032 1.87693650665582 10.6474910454051 10.8187599489652 10.9728198236145 11.6021013220033 12.1111600235429 11.9353634825744 11.1985405788387 10.3698426965409 9.69818972417508 8.76002719232156 7.68397205744966 7.29044824500014 6.61949645541876 5.69467643026439 6.01984493812308 6.39800283069535 7.18689356462791 7.77009733717885 3.29200350093162
10.4214297156856 10.2351154329497 10.3123857758005 10.4383983390702 10.2171851874606 1.65107551487473 2.90659337498834 10.1343254161277 11.1718154978527 -9999 -9999 -9999 -9999 -9999 -9999 -9999 -9999 -9999 -9999 -9999 -9999 -9999 -9999 -9999 -9999 -9999 -9999 -9999 -9999 -9999 -9999 -9999 -9999 7.12406758713763 7.5010034182855 6.12644475515937 2.35570411190546 0.939234752060679 7.26087836528851 10.0158856269305 11.0311381974902 9.35775546540836 11.0409547564731 11.9293333106278 12.4052761509456 12.2883188624927 11.0673192291699 9.82664641029361 9.15679647937358 8.64142713277357 8.28698925211089 7.41085134599396 6.08818020892007 6.80442840637949 7.16639899352697 7.31482937210654 2.84212462640296 5.3741156949895 -9999
10.1298178125132 9.91251125070285 9.70165557050984 9.05560578667478 5.57515481619964 3.18131678995144 6.65489616913858 6.48080250064668 -9999 -9999 -9999 -9999 -9999 -9999 -9999 -9999 -9999 -9999 -9999 -9999 -9999 -9999 -9999 -9999 -9999 -9999 -9999 -9999 -9999 -9999 7.50084314793476 7.14013468979936 -0.292162420266479 1.76334489556847 -0.0265543815017395 4.77576637429358 5.63733971228697 7.34718394916228 10.0392049629632 11.8058650391761 8.78709284780287 2.16091553437419 11.261486759092 12.0538032717717 12.32912770055 12.0960345091918 10.6582692264924 9.48557107012393 9.28270887367411 9.1995886630213 9.02741823873829 7.64282264489703 5.84755431107701 7.5169102505965 7.73567927935732 8.56195307260011 6.97277237603857 -9999 -9999
9.90005023093277 9.76704587361198 9.07035065894291 6.47260867896507 6.36883362686058 6.92020370099568 9.10749331272702 -9999 -9999 -9999 -9999 -9999 -9999 -9999 -9999 -9999 -9999 -9999 -9999 -9999 -9999 -9999 -9999 -9999 -9999 -9999 -9999 -9999 -9999 6.72299103440946 7.55709804104469 1.22321377977905 6.27487513373894 0.307128488740039 -0.771591140712923 6.28016405531338 8.67885025967148 10.5024463779849 12.042303874106 12.3851021205462 11.5077421530048 10.770678843743 11.7392927422372 12.3159254304078 12.4144916961132 11.9962862496497 10.4515405078309 9.79136689933685 9.71547888826121 9.21499465048623 7.95370705774597 7.17276973996891 6.57173589089809 6.94692878198166 7.75497182282771 4.09425677535717 -9999 -9999 -9999
9.46439535003234 9.30863260290639 8.94964705104145 1.88701350495863 7.26682840205975 7.38278400082052 -9999 -9999 -9999 -9999 -9999 -9999 -9999 -9999 -9999 -9999 -9999 -9999 -9999 -9999 -9999 -9999 -9999 -9999 -9999 -9999 -9999 -9999 -9999 6.15607473625253 6.51638251851108 3.96049113387036 5.35378139423929 -0.493021237332044 1.26336150263955 9.24250104943208 11.1358147703176 12.1761696845621 12.4087019296927 12.4648967214211 12.314122388962 12.2314228879799 12.1623864343984 12.4922829176039 12.3933360098155 11.5673226558926 10.2556300378445 9.87548879968179 9.60537315730247 9.07521887084665 8.07403002356442 7.58554602830113 6.77471829011096 7.93882194892094 -9999 -9999 -9999 -9999 -9999
