raw_data/Biomass/Paralabrax auroguttatusGrid_biomas_Teorica.asc
NCOLS 96 
NROWS 96 
XLLCORNER 0 
YLLCORNER 0 
CELLSIZE 0.0104166666666667 
NODATA_value -9999 
[rows 52 to 77 of 96, columns 0 to 58 of 96]
9.31959108813827 9.2583277465677 8.99642595966384 7.68561482854475 7.82272611360327 7.13753029659983 -9999 -9999 -9999 -9999 -9999 -9999 -9999 -9999 -9999 -9999 -9999 -9999 -9999 -9999 -9999 -9999 -9999 -9999 -9999 -9999 -9999 -9999 -9999 6.04584880253073 5.2261460936683 4.94374973566349 0.655696467806845 0.107211259985075 8.9054324680309 11.0644543966504 12.2123507162417 12.739399764652 12.7726157948429 12.7893460160809 12.9627204713738 12.998502830556 12.9551577141982 12.8170687800002 12.1986275674596 11.1366361558652 10.0237989754983 9.4775575525869 9.77622135119187 9.17234270339541 9.00107379983531 8.19140802168801 7.43813737320753 8.93656498366225 -9999 -9999 -9999 -9999 -9999
9.2425611508136 9.08417397669428 9.13199464259648 8.74091495299575 9.76386050039101 -9999 -9999 -9999 -9999 -9999 -9999 -9999 -9999 -9999 -9999 -9999 -9999 -9999 -9999 -9999 -9999 -9999 -9999 -9999 -9999 -9999 -9999 -9999 7.55166888291335 6.15863906186438 4.28567967552289 -0.255240138214628 1.46916866678423 8.25144930183418 10.8030334207987 12.4633541192952 13.0280646967501 13.1230709572897 13.2534909552048 13.417116966414 13.4813633398877 13.5695080260362 13.4144083974864 13.3773398687395 11.8597158770249 10.8001886220731 9.95063556038525 9.69546512821249 10.0674125446936 9.31269946305643 8.96665574201378 6.23993619727751 1.16297216169445 -9999 -9999 -9999 -9999 -9999 -9999
8.86105761466962 8.92278173349856 8.9147481821677 7.19751147536447 -9999 -9999 -9999 -9999 -9999 -9999 -9999 -9999 -9999 -9999 -9999 -9999 -9999 -9999 -9999 -9999 -9999 -9999 -9999 -9999 -9999 -9999 8.39134528423682 8.08967641655546 3.28915870220598 0.566786490733536 0.723290488231662 7.38340504842964 8.60783046049959 9.78770071506366 11.6290267409277 13.2423161049994 13.2822514696452 13.4668248156961 13.39975568067 13.5981683715074 13.7027187314336 13.7063448481191 13.6839711071557 12.813532815387 11.0963682302416 10.1193401383335 9.84193219499549 9.75817090293972 9.93064183413037 9.26790390002445 8.39993978179528 1.07570495571624 -9999 -9999 -9999 -9999 -9999 -9999 -9999
8.96797797240739 8.80113653728651 7.60836451948782 -9999 -9999 -9999 -9999 -9999 -9999 -9999 -9999 -9999 -9999 -9999 -9999 -9999 -9999 -9999 -9999 -9999 8.68838634554054 8.74960961952343 2.77098462446801 10.8622733491912 9.68434637262986 8.83998206354724 2.96599357373155 2.09658702234571 2.34095923963733 8.78488913048018 9.80472943982984 9.60473207589951 10.6590505444522 11.1769441490764 12.5291651320681 13.3954424048557 13.5753478769413 13.5669997950471 13.511588324658 13.591951885278 13.7060102837619 13.7231552045324 13.5921021387319 11.8887047767151 10.699799281128 10.1497514373865 9.46331352516484 4.43683465006505 9.87600967832169 8.68007232109588 2.44966260502709 4.15419788653413 -9999 -9999 -9999 -9999 -9999 -9999 -9999
8.94892583446311 9.00471995031466 8.37247345043712 -9999 -9999 -9999 -9999 -9999 -9999 -9999 -9999 -9999 -9999 -9999 -9999 -9999 -9999 -9999 -9999 8.17291682997132 3.51337692289197 4.00101949881387 3.04691006706167 9.72102824915561 7.04613612909005 6.77720248054744 8.5400160683425 8.66522727985854 9.52381558256938 9.71934541047283 10.7364611238599 11.3263561835543 12.0470318494529 12.4044747991919 13.299027768609 13.3960193781184 13.3776063181977 13.5192853082523 13.5471042343821 13.5509126585915 13.5660722303922 13.552583476998 13.2863143230365 11.8217518376932 10.689361674536 9.91233094655827 10.3437386631641 9.6813012359658 4.24917810314173 3.84403469026352 -9999 -9999 -9999 -9999 -9999 -9999 -9999 -9999 -9999
9.0345302355524 9.07696181091095 -9999 -9999 -9999 -9999 -9999 -9999 -9999 -9999 -9999 -9999 -9999 -9999 -9999 -9999 -9999 8.28127962086576 3.01774086322689 3.10971601075811 1.37657247164389 2.1699107078095 4.39508422369714 5.34087963100468 3.64838465959703 7.15067246536055 8.20260691244601 9.10743321134549 9.86789599181546 9.86889768150758 11.4429328299241 12.2055993277168 12.7820517117428 13.1161953592429 13.4613976609442 13.361096468692 13.3676234787259 13.5382412839861 13.5081144648057 13.4521099941188 13.4076690292378 13.2855049577652 12.9502314042923 11.830566706984 10.2261002257205 9.33972505095005 9.26850491383972 3.328985884365 2.03778783741778 -9999 -9999 -9999 -9999 -9999 -9999 -9999 -9999 -9999 -9999
8.54556542923689 7.88645361181647 -9999 -9999 -9999 -9999 -9999 -9999 -9999 -9999 -9999 -9999 -9999 -9999 -9999 -9999 9.2045770776881 8.64032527411223 2.23762493099738 2.22023559794203 8.31892311949594 8.05724170432435 7.59532251969631 3.38009209245738 2.68137346461021 7.53886728864795 8.90727557706442 9.26399731022515 9.97449580885175 10.8344864771316 12.1036673846458 12.7674871436192 13.1831543084029 13.2783729271573 13.4371647839122 13.4693490737203 13.4848011389111 13.5260427069154 13.466203768087 13.4210716373185 13.3620380570026 13.2667332929347 13.1541934560241 11.9226420234844 10.6333471869522 9.87258389957461 9.27126957739 2.44988297675936 -9999 -9999 -9999 -9999 -9999 -9999 -9999 -9999 -9999 -9999 -9999
7.77624771188852 -9999 -9999 -9999 -9999 -9999 -9999 -9999 -9999 -9999 -9999 -9999 -9999 -9999 -9999 10.2511024004361 5.28049777636318 4.63667174364464 2.07220589523931 1.95538884334331 3.05917074889332 7.27666499483645 8.43307567681088 3.14860160460653 2.65352649116904 8.05067061994399 8.94980732139219 9.65491672947514 11.2213791038192 12.719546274954 13.1168224169902 13.2384535895466 13.3572479768948 13.4130881704722 13.3555531179358 13.3589047716456 13.3784156834689 13.4196592548526 13.3357236687904 13.3160685136514 13.2402726580275 13.2778320147235 13.3225193952688 12.1295510462904 10.7907326713794 10.1222450384407 9.12538349062844 5.26447074128913 -9999 -9999 -9999 -9999 -9999 -9999 -9999 -9999 -9999 -9999 -9999
-9999 -9999 -9999 -9999 -9999 -9999 -9999 -9999 -9999 -9999 -9999 -9999 -9999 8.34222242173485 4.86545766932675 6.2256721360616 4.48285227452142 9.09859830826092 8.477089921883 8.07084465034345 9.26872528557199 9.40699853067338 9.2774800534812 9.64890659132237 10.2655267320027 10.3286131488129 10.5990893994814 10.8321224894582 12.3292078357254 13.3511256494966 13.3783976530544 13.2561814937179 13.266036116909 13.2805025194427 13.2733724922142 13.307213576773 13.3492164289434 13.3919725517622 13.3485633272641 13.3856378661491 13.3811963740542 13.3537821305601 13.1575491164928 12.2673835479273 11.1943935835133 10.5048704670398 2.2067127870983 -9999 -9999 -9999 -9999 -9999 -9999 -9999 -9999 -9999 -9999 -9999 -9999
-9999 -9999 -9999 -9999 -9999 -9999 -9999 -9999 -9999 -9999 -9999 6.5206296828057 1.6768990751378 2.17119287061543 3.68721015206392 8.71547203481569 10.3426969058843 9.3301488974933 8.38685771441608 8.86863038874211 8.80111650349266 8.80816839892525 9.1464991093385 10.3728477656173 10.6897623504129 11.3811686435075 12.0668052039755 12.4659785462886 13.2552078513371 13.5779983478667 13.398994396504 13.3057971875484 13.3249875586702 13.3428356656045 13.2909080719646 13.3656421365149 13.4494715434697 13.483288587476 13.2515717177547 13.2097631933846 13.2556165407315 12.9835456000732 12.5663879210276 11.7164942848444 9.70235675329433 7.12811441349383 2.2988682387741 -9999 -9999 -9999 -9999 -9999 -9999 -9999 -9999 -9999 -9999 -9999 -9999
-9999 -9999 -9999 -9999 4.30282860305212 4.39484381817103 5.61728588465056 6.66623529645347 5.80093567280536 5.74337858309567 5.32633509667497 1.15760310494465 1.52352034947911 7.90398318142872 8.01629262971014 9.05492463768413 9.80847575927841 8.45689585768969 7.42898192942148 4.08135501212256 2.91172202621203 7.18939778885824 8.9225613617663 11.2441975950059 11.3675857312823 11.7771766463935 12.3983845258638 13.5572553577221 14.1664730115776 13.9716263360442 13.2423701962428 13.3416216176976 13.3680862593637 13.3050659540731 13.3047954978562 13.437877986973 13.4191724336622 13.2200785938342 12.9021523024496 12.7859202373338 12.2298402182663 11.2973873176579 9.96343715465065 8.08871479445102 7.32200147030218 6.83582136133079 7.70436645958139 -9999 -9999 -9999 -9999 -9999 -9999 -9999 -9999 -9999 -9999 -9999 -9999
-9999 -9999 5.19511374700617 5.58194627231227 -0.157615460819803 -0.400144569077909 0.0540616049207472 3.61725214396568 4.96951319454503 5.93920891790675 0.703236660595252 -0.540100652862073 2.7835458132073 0.37896967345948 0.584015553438141 3.5341920346944 8.64809838612315 8.62992773510794 8.30998804744216 8.78454855598486 9.45686264354753 10.4336102623418 11.568164075234 11.6417081324301 11.6174071404991 12.0341100524244 13.3296494224973 14.3388257433846 14.3924862601919 13.6675794570337 13.2518001030045 13.4513026322269 13.3431241522358 13.3812124010893 13.4417344922877 13.482318951854 13.4445312099081 13.1253087320619 12.4711472651 10.690122958702 8.11347656364043 7.32672944564902 7.44232443612063 7.50661288056142 7.95144323904176 7.75026388127471 -9999 -9999 -9999 -9999 -9999 -9999 -9999 -9999 -9999 -9999 -9999 -9999 -9999
-9999 4.26905162663356 4.75609318874018 1.8624320399138 -0.485288192908813 3.46024730162149 5.02502683728278 5.14366696441846 3.83051187941979 -0.14000575603219 -0.084512147088283 7.21083394826978 1.88965796574585 6.95021432417184 9.58205382126972 9.21251046004975 10.0111576515836 10.9908903056605 11.3301225367967 11.3651215746396 11.6227761972489 11.8101723048522 11.8537057388721 11.7510125116351 11.8794090963721 12.863000259143 14.0968095002489 14.296143745603 14.0208273303422 13.3213914926754 13.3636387571306 13.454910718498 13.3666478329658 13.4441385475488 13.4618123604767 13.2999933974722 13.2803642862652 12.9194494800532 10.2843384644209 6.43175977332008 7.3726068335485 2.89990208784492 6.03483021591732 8.45613457352368 8.34759147848466 7.05192589551055 -9999 -9999 -9999 -9999 -9999 -9999 -9999 -9999 -9999 -9999 -9999 -9999 -9999
4.44078130745203 4.60840406053278 2.06365146526853 3.725374529334 4.53628240269954 4.82080234285167 5.18233218653461 5.27643091621314 5.17175434338574 0.192174579671395 -0.277597852142932 0.110536869762941 1.76356526730074 9.85703767555278 11.883756429636 11.7135893847372 11.6962801868572 11.7212222601912 11.9818819518769 12.0958742388411 12.263857600211 12.370878126918 12.2337868756533 12.063679932136 12.1964438839307 13.7752370583849 14.086664387047 14.046196123485 13.3729164070591 13.1543477162367 13.1067934997926 13.1685396557948 13.1640821366648 13.2073531279854 13.277563561886 13.0704001098982 12.7089884655989 11.4167286275781 7.71316129507828 7.54211276325045 7.92832424094744 8.99826906869735 9.13806488213078 9.72297152715833 10.65424243393 10.0963814105899 -9999 -9999 -9999 -9999 -9999 -9999 -9999 -9999 -9999 -9999 -9999 -9999 -9999
4.08241680319621 4.84760755901302 -1.94533105436118 3.9392352786034 4.00945372602159 4.62837775299382 5.18535728940484 5.64689583194987 7.3794784248365 8.22376259874376 7.40287789604462 8.95231154562251 10.1893382140194 12.0934301159923 12.5212918510879 12.3732821821791 12.2026142924342 12.2617540518575 12.5002964351409 12.7828771040491 12.8248759494606 12.7879837180996 12.7020167053417 12.5255590491764 13.1985382586946 14.0609850700996 14.1606632113633 13.9529167759746 13.0290944337536 12.9188985507226 12.835169312737 12.8991432266144 12.8907230230624 13.0067567536192 13.0854054214863 12.3256618542153 10.9633238053331 9.56005671563059 7.68465320644031 7.51490687121225 -9999 -9999 -9999 -9999 10.1949677100892 -9999 -9999 -9999 -9999 -9999 -9999 -9999 -9999 -9999 -9999 -9999 -9999 -9999 -9999
3.46719902808486 1.4967351671116 -0.283367584769593 -1.52838773690969 1.79954596104199 -0.657578819954882 1.10028642076107 0.344251108730314 8.87618312902076 9.68440647401139 10.3080584763305 11.4243615030321 12.0304839357389 12.9025790222584 13.0117371547684 13.0695106094516 12.9737450681254 12.8785024088184 13.0094212482002 13.1876999762258 13.3634484360891 13.3466681303666 13.188519358394 13.3146000365628 13.8701651871285 14.0434815444193 14.0526329814466 13.1861553707206 12.867327558613 12.5489985879722 12.6258482211523 12.5163435040088 12.640773397565 12.9116282869371 12.7825265126568 10.2934538406192 10.3502696799568 8.78719301677208 6.9541008801773 -9999 -9999 -9999 -9999 -9999 -9999 -9999 -9999 -9999 -9999 -9999 -9999 -9999 -9999 -9999 -9999 -9999 -9999 -9999 -9999
3.83958718803047 3.27850072388173 -0.723570136872292 0.0676845847336907 0.320290691294606 2.65006064483428 6.03725430497227 7.71003602323884 8.58048433190448 9.22919861032061 10.1842295965896 11.6624230752633 12.2157764949888 12.8354958635766 13.3780851258705 13.60915690743 13.5180592400691 13.329032381647 13.3070613199398 13.4156725298779 13.5841587394733 13.6017984949517 13.4941188564273 13.6688516029427 13.9060196679686 13.8306645558091 13.247871476032 12.9211803998412 12.5177859371655 12.3866647564659 12.2836710223213 12.2349288019023 12.4734912189796 11.9890740838663 11.0657565932502 10.3565402574295 9.8478221303852 8.40897502281828 -9999 -9999 -9999 -9999 -9999 -9999 -9999 -9999 -9999 -9999 -9999 -9999 -9999 -9999 -9999 -9999 -9999 -9999 -9999 -9999 -9999
-9999 5.3060608973063 5.96198734150575 0.917257680215384 1.17459176212314 8.49049252996368 8.2078758002266 8.35330110972979 8.86145829054647 9.42591043206077 10.3582030623184 12.355852781536 12.9425764916651 13.3425612026289 13.7027908530914 13.8515778332014 13.6978445093917 13.5148177722254 13.5453653010765 13.6012295352065 13.6599205376477 13.6560079377103 13.6865634800789 13.7353497748444 13.7854603033828 13.5229254485935 13.0361323055305 12.5312486466277 12.1564363976271 12.2582281041412 12.4384721473428 12.2433830629039 11.7094023218241 10.1072196930587 10.3162522980121 10.1963099742766 8.87265718130447 -9999 -9999 -9999 -9999 -9999 -9999 -9999 -9999 -9999 -9999 -9999 -9999 -9999 -9999 -9999 -9999 -9999 -9999 -9999 -9999 -9999 -9999
-9999 6.02006530985535 2.57547483035841 0.882198540990892 7.67099015903968 8.37281402493245 8.45871893292937 8.5722103750475 9.0181025246015 9.75586701664783 11.835014209217 13.2545066685526 13.7092958259521 13.8959667102184 14.1647320748927 14.1379028181787 13.7060944256961 13.5589822707513 13.6821500352954 13.7126334560063 13.6824445320649 13.5353063331882 13.600095622475 13.6680222038776 13.3367894666228 12.9205713725084 12.3482800074635 12.0173818345659 11.8335918098542 12.0134752447666 12.1943002679896 11.9183147240144 10.3684603647658 9.43658844417885 9.35150492172948 7.90857092021867 8.75806388052499 -9999 -9999 -9999 -9999 -9999 -9999 -9999 -9999 -9999 -9999 -9999 -9999 -9999 -9999 -9999 -9999 -9999 -9999 -9999 -9999 -9999 -9999
6.831213588747 1.23920074726542 1.02834506707241 6.96622132545205 7.78562352740684 7.94212752490496 8.32777805637436 8.53492748470649 9.29683269833311 10.4899452906271 12.4630736461814 13.4620227153121 13.7296641841518 13.9499337440715 14.22974774605 14.1392811431951 13.9092050411895 13.6786200808204 13.787645990291 13.8750013449621 13.672403594591 12.9381991077105 13.1963625886833 13.1669710097369 12.7751801204548 12.3229372582527 11.7112454308576 11.2512895580262 11.1241150347136 11.1512608253702 11.4894112316389 11.1790076298422 9.14669944727692 7.83242246982307 7.57266429886036 8.67879015828995 9.22256742455872 -9999 -9999 -9999 -9999 -9999 -9999 -9999 -9999 -9999 -9999 -9999 -9999 -9999 -9999 -9999 -9999 -9999 -9999 -9999 -9999 -9999 -9999
7.78201744451518 5.2369242747556 5.71182535779363 1.74737796187595 0.833977199211837 6.20215246209043 7.75154604408063 8.93604410502234 9.45556044694776 10.3035508727159 12.4158339603007 13.3306971899153 13.6487697279949 13.7297202787746 13.7273122167547 14.068317438646 14.3616502447094 14.1517401595858 14.0502409464618 14.0564674495881 13.4769979762094 12.8863796965573 13.1232532648137 12.6409737355034 12.3651885294667 11.6543494563447 11.0034915619875 10.5638699899062 10.2580741606933 10.2943353275483 10.6438649287196 10.1021711770104 7.41163266395382 6.67488989539346 7.15522013656282 7.45644826077964 9.41040427562662 -9999 -9999 -9999 -9999 -9999 -9999 -9999 -9999 -9999 -9999 -9999 -9999 -9999 -9999 -9999 -9999 -9999 -9999 -9999 -9999 -9999 -9999
2.35450208427491 7.27588367687659 2.00996089777046 0.872902860647942 2.20386798837265 7.14552378034301 7.92009035167814 9.33295362863126 10.118518752786 10.983317531588 13.0068449023121 13.4859951530241 13.7910637555205 13.8301877515157 13.8440811875455 14.2078107417924 14.4636703364733 14.4933704358449 14.3504954282979 14.0888340469201 13.0958189875257 12.6587837782295 12.782714830319 12.1441556820016 11.3978768275722 10.8041753470478 10.2955774227666 10.046617466685 9.75921266021954 9.69043664595801 10.0524473006932 9.16553121348894 6.59934245881314 6.27365307231455 5.62574014565212 9.98004516974614 -9999 -9999 -9999 -9999 -9999 -9999 -9999 -9999 -9999 -9999 -9999 -9999 -9999 -9999 -9999 -9999 -9999 -9999 -9999 -9999 -9999 -9999 -9999
1.74647644115303 2.9868687869155 2.07881704720736 7.8101248572763 10.0949590112271 7.40694475619466 7.77530612357792 9.63616509843849 11.2157696415433 12.6299150813023 13.3500318043527 13.6238156343846 13.7239645698036 13.8920921744892 14.0114254708918 14.16659521772 14.0912020413523 14.3287026673559 14.5042327588663 14.0154803107656 12.5662677182645 12.2986763339093 12.2072420988119 11.6590774316916 10.655264157416 9.91946297716622 9.71585953034422 10.1694045891461 9.62049867165361 9.51373858426657 10.0113980571098 9.07838421027378 7.7163266345054 -9999 -9999 -9999 -9999 -9999 -9999 -9999 -9999 -9999 -9999 -9999 -9999 -9999 -9999 -9999 -9999 -9999 -9999 -9999 -9999 -9999 -9999 -9999 -9999 -9999 -9999
9.25592369130659 10.0792525168545 10.290809379832 10.5973464594171 10.5059322581135 9.05909166680338 9.93799423647059 11.1284423341835 12.3932158070524 13.2058405765503 13.5225347896135 13.7300428228555 13.8137099560802 13.9176833427437 14.1884540901817 14.0900100306187 14.0890924828607 14.1050914706234 14.1515558486824 13.199848468812 11.9803994511325 11.7166144876074 11.0950860674357 10.7756271908221 10.2001564626944 9.80605167022345 9.73306855925499 9.84465679095808 9.62326333520388 9.73507193863924 9.74653126871719 7.64452551737365 -9999 -9999 -9999 -9999 -9999 -9999 -9999 -9999 -9999 -9999 -9999 -9999 -9999 -9999 -9999 -9999 -9999 -9999 -9999 -9999 -9999 -9999 -9999 -9999 -9999 -9999 -9999
11.4267254907055 11.2951234989537 10.6839325164047 10.1883365243273 9.91437439353021 10.5991695346568 11.647958676109 12.0330682951446 12.9223183193315 13.4207230493056 13.6588847905061 13.7676662876918 13.8061471989046 14.3149514712624 14.2479083801683 14.2321157404822 14.1778522064802 14.1128205082878 13.8177127080899 11.7388519987727 10.7044270875056 10.4061839985714 9.79926021411082 8.39441045469473 8.76796057468322 8.50225236694926 9.48507022527786 9.74152282025655 9.71006976392372 9.07137238242888 8.587035382491 6.37480369742566 -9999 -9999 -9999 -9999 -9999 -9999 -9999 -9999 -9999 -9999 -9999 -9999 -9999 -9999 -9999 -9999 -9999 -9999 -9999 -9999 -9999 -9999 -9999 -9999 -9999 -9999 -9999
11.5067604971066 10.8298186031663 10.4791270419521 10.5808586470847 11.1047623898616 12.0080060190476 12.4874948408755 12.852139939501 13.3719768221279 13.6341610855249 13.8004335609007 13.8662525871911 13.9636809334062 14.145583774738 14.1822957019545 14.2103470200928 14.18510844661 13.9926538060613 13.0452857459372 10.6385159057636 7.54838334072317 7.97530348750825 7.31256555340233 6.79575377364566 5.81117294145891 6.06704455641616 7.56629355241843 8.53448674124195 8.85320436748333 7.87703772871047 6.39008948212754 7.58278136475086 -9999 -9999 -9999 -9999 -9999 -9999 -9999 -9999 -9999 -9999 -9999 -9999 -9999 -9999 -9999 -9999 -9999 -9999 -9999 -9999 -9999 -9999 -9999 -9999 -9999 -9999 -9999
