raw_data/Biomass/Paralabrax maculatofasciatusGrid_biomas_Teorica.asc
NCOLS 96 
NROWS 96 
XLLCORNER 0 
YLLCORNER 0 
CELLSIZE 0.0104166666666667 
NODATA_value -9999 
[rows 50 to 74 of 96, columns 0 to 56 of 96]
-0.132883344507123 -0.0837984685194246 -0.01902651527396 0.0432463038330534 0.149443143773607 0.223950881033881 0.231963653173367 -9999 -9999 -9999 -9999 -9999 -9999 -9999 -9999 -9999 -9999 -9999 -9999 -9999 -9999 -9999 -9999 -9999 -9999 -9999 -9999 -9999 -9999 0.179694528532994 0.181653751531878 0.278762087289717 0.194621844471255 0.243433697212241 0.194363137050213 -0.100705458636099 -0.155277386091445 -0.189978947516355 -0.388682607820709 -0.392244896526978 -0.391509574367011 -0.22334709203597 -0.391099528217453 -0.390853909551309 -0.389465069949491 -0.385999515322394 -0.181966175376869 -0.167127822069559 -0.157120037367013 -0.138674095990777 -0.0687535582988711 0.013056272612254 0.0667661828504497 0.135188671641852 0.0545363774920715 0.172156223758582 -9999
-0.137440889865174 -0.0715134449763179 0.0240037890141602 0.216292936859224 0.330561857359898 0.229810143968957 -9999 -9999 -9999 -9999 -9999 -9999 -9999 -9999 -9999 -9999 -9999 -9999 -9999 -9999 -9999 -9999 -9999 -9999 -9999 -9999 -9999 -9999 -9999 0.169977150579761 0.189658343199552 0.185053760128584 0.133064816647759 0.191998980696653 0.0130071897813843 -0.143816545083359 -0.189682405413184 -0.388644057347297 -0.391443312545337 -0.392570888328672 -0.394081514704586 -0.393956353485868 -0.393166528932456 -0.391513153323429 -0.389480510590035 -0.384766002429099 -0.182124672018219 -0.167618650378256 -0.15637152419625 -0.136126901580432 -0.0294862710440981 0.0210332551875642 0.0716223154296252 0.11002145011339 -9999 -9999 -9999
-0.0947490525982602 -0.0433644414725187 0.01435185483542 0.0827498022113871 0.155303429267659 0.174331206701498 -9999 -9999 -9999 -9999 -9999 -9999 -9999 -9999 -9999 -9999 -9999 -9999 -9999 -9999 -9999 -9999 -9999 -9999 -9999 -9999 -9999 -9999 -9999 0.172008975265973 0.138261461366093 0.140185917359778 0.198440079689331 0.0236990664391772 -0.125041339716705 -0.167615582701327 -0.385337101617448 -0.391474091570528 -0.393063045964039 -0.394625720591854 -0.396619403828245 -0.396445159778657 -0.395739287317211 -0.393383311435464 -0.38911075326415 -0.200108416737099 -0.185208709891202 -0.17325090522056 -0.160426993096862 -0.142791940988953 -0.035659459584945 0.0169604027843517 0.0793518387326337 0.135196852113663 -9999 -9999 -9999
-0.0851349531016488 -0.0395779055827131 0.0240119694859718 0.0862193448184923 0.140523361822007 -9999 -9999 -9999 -9999 -9999 -9999 -9999 -9999 -9999 -9999 -9999 -9999 -9999 -9999 -9999 -9999 -9999 -9999 -9999 -9999 -9999 -9999 -9999 0.0771809460256239 0.0921931343589309 0.101861429481294 0.181502412803363 0.0302362859756415 -0.117882404322557 -0.156756006371396 -0.381835859682072 -0.389787789562459 -0.393371449751337 -0.396688119791462 -0.398623823933888 -0.39900196624338 -0.398074505251737 -0.397713746444845 -0.39664783096779 -0.387764043092161 -0.19739250009564 -0.183084854897109 -0.176775666012393 -0.164043784196577 -0.121226172175559 -0.0186420330988136 0.0347611094464462 0.207276011804861 -9999 -9999 -9999 -9999
-0.0675264875271275 -0.033571394155028 0.0761808833466528 0.099714055630743 -9999 -9999 -9999 -9999 -9999 -9999 -9999 -9999 -9999 -9999 -9999 -9999 -9999 -9999 -9999 -9999 -9999 -9999 -9999 -9999 -9999 -9999 0.0684677209872676 0.0631371210430179 0.170373903462624 0.176840566429713 0.173864919808235 -0.0858967595391062 -0.111923953166765 -0.146366807170633 -0.378116403661122 -0.389005122921882 -0.392825812281501 -0.396516023115725 -0.397772543585991 -0.399396060472905 -0.400873453682084 -0.399384301044676 -0.399370905522084 -0.395008566672638 -0.212541711331791 -0.202028782494878 -0.1890433060529 -0.179861749003329 -0.153780359749917 -0.0921640235057869 -0.00586106845212714 0.154472088819803 -9999 -9999 -9999 -9999 -9999
-0.0525848557631957 0.0129621971864203 0.114549341261124 -9999 -9999 -9999 -9999 -9999 -9999 -9999 -9999 -9999 -9999 -9999 -9999 -9999 -9999 -9999 -9999 -9999 0.107712511944559 0.117824597662703 0.229366353373176 0.0899680460261692 0.0922544878975182 0.0902717460421757 0.17494167441044 0.171576432818933 0.118045470401617 -0.0704929311178177 -0.101526573494191 -0.111734779756122 -0.140768296774553 -0.166425324052736 -0.383044422136342 -0.390712182877173 -0.395214612306393 -0.397350533496408 -0.39792889285349 -0.399768374196232 -0.40050410537979 -0.400179340648868 -0.399356998720005 -0.231721850053121 -0.213434405318235 -0.204065719975972 -0.186880593817702 0.085701929976407 -0.132830171440348 -0.0420903329878582 0.124913999046452 0.151491329403443 -9999 -9999 -9999 -9999 -9999
-0.0297848582652224 0.0737461704237182 0.106800389337562 -9999 -9999 -9999 -9999 -9999 -9999 -9999 -9999 -9999 -9999 -9999 -9999 -9999 -9999 -9999 -9999 0.0989430461624974 0.206361844079912 0.213845953228572 0.0963181372699425 -0.00553487213863862 0.0631207600993947 0.0587994258649041 -0.0971960362289123 -0.103082908256352 -0.0999886447936056 -0.108101627712784 -0.121796760084419 -0.136562511704401 -0.165332208506907 -0.379922754093026 -0.387689191775085 -0.391540966927588 -0.39397752045668 -0.396239932192083 -0.397649325229328 -0.398691517338129 -0.398935908933501 -0.399161587699604 -0.397911304839095 -0.228616338441633 -0.213308630564131 -0.198074546932934 -0.176111002677699 -0.140018761044813 0.00801607941731702 0.106746193711811 -9999 -9999 -9999 -9999 -9999 -9999 -9999
0.0132658972024269 0.0928015569499205 -9999 -9999 -9999 -9999 -9999 -9999 -9999 -9999 -9999 -9999 -9999 -9999 -9999 -9999 -9999 0.081261978900648 0.209089008870113 0.218303287806931 0.209762875235595 0.183710117633525 0.17731707891274 0.130767126627669 0.0116103742195495 -0.0798391201625985 -0.115294307553155 -0.127450488665228 -0.137274212752013 -0.133577662052135 -0.149886455167584 -0.168762893872907 -0.379844528331328 -0.384139071520635 -0.390438341583279 -0.392659339680135 -0.394372841756977 -0.396766038785468 -0.397023110112148 -0.39703302893422 -0.397463321751511 -0.396802032861439 -0.395821398803021 -0.228470112508 -0.208718363318833 -0.182033664269315 -0.137405100300999 0.0274426548519718 0.132022829050753 -9999 -9999 -9999 -9999 -9999 -9999 -9999 -9999
0.031149431141614 0.0942515455785309 -9999 -9999 -9999 -9999 -9999 -9999 -9999 -9999 -9999 -9999 -9999 -9999 -9999 -9999 0.0404956201863948 0.0680995997557445 0.219369816819371 0.192946892867825 -0.0417007380178296 -0.0680306091025188 -0.0785087709342331 0.014624878082133 0.136216343413187 -0.111098748072768 -0.126799118597228 -0.134719860428833 -0.144237839381658 -0.152252656639097 -0.226445445734623 -0.394013207764959 -0.383796718775319 -0.387322706637924 -0.390964243664869 -0.393443233391484 -0.395473421983334 -0.396415710080135 -0.396557845777862 -0.39683935626408 -0.396655602416011 -0.396839969799465 -0.39629607067989 -0.22529608944509 -0.203145416897164 -0.160322692081264 -0.120720005482214 0.11322717250457 -9999 -9999 -9999 -9999 -9999 -9999 -9999 -9999 -9999
0.0409946289669039 -9999 -9999 -9999 -9999 -9999 -9999 -9999 -9999 -9999 -9999 -9999 -9999 -9999 -9999 -0.000176663102024688 0.132526950626145 0.150467747868013 0.168022017816782 0.153494522438314 0.165690583350469 -0.0114667367610427 -0.0991583269047257 8.30668779943644e-05 0.0442545469838362 -0.113580498708619 -0.13540395238408 -0.207167141351554 -0.21771688231162 -0.393303654091198 -0.395773543042923 -0.39752764071113 -0.398940101425305 -0.400866091257454 -0.391208533004343 -0.393602650335913 -0.394993228287991 -0.395514017574699 -0.396320203071734 -0.39627480145318 -0.396038897097312 -0.397330082316879 -0.39683107353637 -0.224227515314697 -0.198303600143659 -0.164371003069042 -0.118351758892749 0.113216946914805 -9999 -9999 -9999 -9999 -9999 -9999 -9999 -9999 -9999
-9999 -9999 -9999 -9999 -9999 -9999 -9999 -9999 -9999 -9999 -9999 -9999 -9999 -0.0141161870690325 0.0857009074174307 0.086094592623365 0.100594478909469 -0.122214986705789 -0.107734529040237 -0.102243387336684 -0.109014772878756 -0.117050041315724 -0.129237921756068 -0.133210563379588 -0.142422797198454 -0.2044900819512 -0.212492628500922 -0.225646827174013 -0.244350453412316 -0.398992967724387 -0.398959018766369 -0.399828909687638 -0.400785104586519 -0.402271905338282 -0.403814844577852 -0.39383814566819 -0.394476017957701 -0.395655437481142 -0.395482625014122 -0.39554653495015 -0.396291060140905 -0.396254452529548 -0.395607274953351 -0.22373361932907 -0.194958809731681 -0.156560697606893 0.0661710535261541 -9999 -9999 -9999 -9999 -9999 -9999 -9999 -9999 -9999 -9999
-9999 -9999 -9999 -9999 -9999 -9999 -9999 -9999 -9999 -9999 -9999 0.0166301162349574 0.122686865595737 0.0876683108881263 -0.0562670906374031 -0.153569712600768 -0.171522780550354 -0.149470273664168 -0.131219641052434 -0.121868339212771 -0.117766855158218 -0.188583154513497 -0.201463307380899 -0.208463746133697 -0.216259735770174 -0.22411401126831 -0.23319535753819 -0.396304557919395 -0.400139051825196 -0.401710213692516 -0.400676202055527 -0.400399293084703 -0.40118676575247 -0.403002319215162 -0.404255158473112 -0.404604157851776 -0.394658442479101 -0.393655721146791 -0.393859108127207 -0.394087241034854 -0.39323452910439 -0.390792249245029 -0.222219209484943 -0.205071918008802 -0.155940004308186 -0.126366576150188 0.105937349561436 -9999 -9999 -9999 -9999 -9999 -9999 -9999 -9999 -9999 -9999
-9999 -9999 -9999 -9999 0.123415950145948 0.117650762636706 0.107282014615472 0.0890436527114556 0.0594027356610115 0.0564260664805566 0.043398665120545 0.13551486795534 0.0607105885918949 -0.145107014511643 -0.150800622892533 -0.158420732385061 -0.166168661749646 -0.150355809737776 -0.13171967239192 0.0957107372379294 0.0868083387889292 -0.186354998503805 -0.200446883758305 -0.223298009205101 -0.227229748469563 -0.232021459833222 -0.394392168121632 -0.400541224270635 -0.405238757952562 -0.404337372214819 -0.401460709302261 -0.401384835426209 -0.402045613036793 -0.4032786146506 -0.404283381100862 -0.404976062551512 -0.394009628808541 -0.391721653098727 -0.389733593936707 -0.389334284656403 -0.384098271417475 -0.190544422630334 -0.178308481918097 -0.151685136407165 -0.122955319404741 -0.0356379858464396 -0.0150671669171338 -9999 -9999 -9999 -9999 -9999 -9999 -9999 -9999 -9999 -9999
-9999 -9999 0.13589832757151 0.12181257767087 0.228748727751399 0.223882369582459 0.197202783327823 0.0776339396521926 0.0644020264968904 0.0500064412263845 0.177858012611284 0.124950811169604 0.10486673031309 0.0357079990586417 0.0671690710871722 -0.0566321441919968 -0.154069743940254 -0.155024814024261 -0.14939767197684 -0.143455581764671 -0.147576494439777 -0.214279039032785 -0.390810553050708 -0.392196427231495 -0.393040754178352 -0.39491162808167 -0.399667549881153 -0.406907778713929 -0.407825832162989 -0.403459198565841 -0.402089276305087 -0.402569060976839 -0.403179426429884 -0.40391045384215 -0.405188959330409 -0.405361976309225 -0.393925369948881 -0.390744086717238 -0.208998544478381 -0.184710723669669 -0.142308270593091 -0.131267701324327 -0.124414511064139 -0.0707904957799655 -0.0383078873339584 -0.00432007207461244 -9999 -9999 -9999 -9999 -9999 -9999 -9999 -9999 -9999 -9999 -9999
-9999 0.172783052411148 0.122117300245853 0.220203202385181 0.19341829255597 -0.0168566451259266 -0.0377270738353331 -0.0396965224239816 0.0122290224003035 0.130485922909144 0.0907860932073316 0.0352989754680604 0.121114169889952 -0.139819362044404 -0.158392100733721 -0.166173774544528 -0.178901566124439 -0.186038005221105 -0.181480459863054 -0.17371207931894 -0.229417002120196 -0.392828982214328 -0.393505711744945 -0.394608030321561 -0.396062109186078 -0.399273762419321 -0.405352057487153 -0.407521723123391 -0.405886242296452 -0.402981970291531 -0.403262560474669 -0.403047516321921 -0.403470037690992 -0.4048115328122 -0.404829120826595 -0.403751752689004 -0.403399787889309 -0.213320901271848 -0.168206621789717 -0.131644003027662 -0.0176573088044894 0.126174814264418 0.0255089958274991 0.00149931106038181 0.00787087604266068 0.0196937029284107 -9999 -9999 -9999 -9999 -9999 -9999 -9999 -9999 -9999 -9999 -9999
0.131244661669672 0.12724952374867 0.123273814448221 0.087782837493489 0.011020357690136 -0.0290629316278466 -0.0454381910767654 -0.0509508065188238 -0.0741271057201319 0.0410447343567501 0.164709949292051 0.146872430506804 -0.0327625500046536 -0.161890274992167 -0.379524058348107 -0.387192330368426 -0.389620703425707 -0.38998841563364 -0.386534415922976 -0.399190117095047 -0.398333110416882 -0.398098637643581 -0.398307239674778 -0.3971424427447 -0.396921160982196 -0.40340367361342 -0.406481473876646 -0.406838040191735 -0.40369939766941 -0.403196809932483 -0.403280046233167 -0.403087293866105 -0.403146909054432 -0.403567180793755 -0.40332462980454 -0.402093264285095 -0.21588343406684 -0.17769903676813 -0.09924933465363 -0.0183894610316298 0.111848763004311 0.0258311019050818 0.0153243084220269 0.0172528546516172 0.00134592721391386 0.0140389517886254 -9999 -9999 -9999 -9999 -9999 -9999 -9999 -9999 -9999 -9999 -9999
0.161532858552211 0.13173548997837 0.233880951254217 0.0820841163177162 0.0204606221607505 -0.0327870914200885 -0.0388743850069134 -0.0831430082155182 -0.0997186892238219 -0.110970928200711 -0.124513699284855 -0.139539180884856 -0.163063150138158 -0.379520274879894 -0.389118217944678 -0.393318174428664 -0.394964085357162 -0.395470661074097 -0.394868782860557 -0.404265179551081 -0.402626528791315 -0.40348486479615 -0.403162860974465 -0.401285544949595 -0.401610718704107 -0.405924792769865 -0.407235713377678 -0.406919742653954 -0.403700624740182 -0.403656654704194 -0.403326674922493 -0.402868568501042 -0.402409132752922 -0.402590636971242 -0.402670805594996 -0.260788088958798 -0.185706696112734 -0.13747974710628 -0.0317962317719055 0.00467435668226845 -9999 -9999 -9999 -9999 0.0181424809611315 -9999 -9999 -9999 -9999 -9999 -9999 -9999 -9999 -9999 -9999 -9999 -9999
0.17299574467825 0.133729479982453 0.139206305860336 0.200783784863361 0.0862888788288912 0.200782762304385 0.174614455537975 0.0478263454885866 -0.134902898485618 -0.143320603979779 -0.160450511953321 -0.375068257608213 -0.382936337652531 -0.387602478773882 -0.3943327574451 -0.395674457078104 -0.397095507287681 -0.397862733287714 -0.407894854893899 -0.406507037851057 -0.406739567762303 -0.406203031067358 -0.405965797384821 -0.406309683968602 -0.407653121951866 -0.406348234442014 -0.406591705734307 -0.403730074438704 -0.403280250744962 -0.402797091628588 -0.402768664489042 -0.401815741778886 -0.40083889118868 -0.272961653573472 -0.266045064656743 -0.179837207587894 -0.127878940876362 -0.139136292648134 0.0312547547161887 -9999 -9999 -9999 -9999 -9999 -9999 -9999 -9999 -9999 -9999 -9999 -9999 -9999 -9999 -9999 -9999 -9999 -9999
0.166297983382482 0.153169348683802 0.227610619610607 0.222441583984636 0.217093600537787 0.178778315690092 -0.0792685322537377 -0.125440137717522 -0.154751790777548 -0.168302742333504 -0.185658635840841 -0.384593496729771 -0.389876445425718 -0.394189803700192 -0.398372069913885 -0.398873021556449 -0.399236541272578 -0.399251981913123 -0.408193135347331 -0.407668767104205 -0.40863263119541 -0.408230151982278 -0.407553831475252 -0.408782129317767 -0.407502192246941 -0.405446337424782 -0.402883293350303 -0.402437662148365 -0.272160989894909 -0.272599667695807 -0.271453379083204 -0.26772103881915 -0.263461058123247 -0.257233673956648 -0.181144037959801 -0.106970677484827 -0.0547516582342997 0.0214269403934986 -9999 -9999 -9999 -9999 -9999 -9999 -9999 -9999 -9999 -9999 -9999 -9999 -9999 -9999 -9999 -9999 -9999 -9999 -9999
-9999 0.144775162046099 0.074684879564102 0.202252179553548 0.0467690195069342 -0.0907252830259175 -0.136748617438116 -0.158527078518613 -0.178249173497462 -0.193152970579265 -0.207919744758224 -0.390417276868364 -0.394981673371557 -0.398841322228179 -0.399990678517713 -0.40090228984522 -0.401293725421407 -0.400876930382604 -0.40810672911382 -0.408559109205003 -0.409049426234212 -0.409013227646446 -0.408832439219409 -0.407415479245738 -0.404405372386753 -0.404323976692228 -0.401592721666121 -0.400541735550123 -0.268171987327766 -0.269184320714454 -0.268449100810385 -0.26124312770332 -0.250315039921966 -0.172567835824289 -0.101957070823278 -0.0690633936687364 -0.00791947967172713 -9999 -9999 -9999 -9999 -9999 -9999 -9999 -9999 -9999 -9999 -9999 -9999 -9999 -9999 -9999 -9999 -9999 -9999 -9999 -9999
-9999 0.0833858338947409 0.159646237240655 0.0596542851692189 -0.092958551830491 -0.0969086971565291 -0.145211315527241 -0.162939420502007 -0.234113615499044 -0.258559932949107 -0.402715286910472 -0.405767216431593 -0.408988686231011 -0.410783277234686 -0.403271968017253 -0.404076312908131 -0.402505866832094 -0.401631578907227 -0.408246819693594 -0.4077037386212 -0.409303327628066 -0.408471578156619 -0.408000382980269 -0.405931234891416 -0.40219899688326 -0.400844208495358 -0.260117290270245 -0.259511935356185 -0.261473203473022 -0.261299368447025 -0.257388080362092 -0.245244169957736 -0.162495629906227 -0.0554868781383694 -0.0945588566286399 -0.0218313945463707 0.0253985594580422 -9999 -9999 -9999 -9999 -9999 -9999 -9999 -9999 -9999 -9999 -9999 -9999 -9999 -9999 -9999 -9999 -9999 -9999 -9999 -9999
0.0792874175171172 0.188866882551777 0.116894068994131 -0.0957746792516426 -0.133858865770659 -0.131525386186394 -0.150502035671409 -0.234696474115623 -0.249919309598079 -0.267651504808751 -0.403808197944505 -0.407102678454841 -0.409671857883179 -0.409261913989519 -0.403619024533861 -0.403119708985659 -0.404534726097275 -0.402861410588207 -0.410305946704478 -0.409783623579306 -0.408863525012293 -0.405649110869813 -0.405523131603914 -0.403534049882918 -0.400403281064711 -0.398501628136202 -0.253279438394704 -0.251326350749678 -0.249971460105878 -0.248193230045826 -0.241387077498555 -0.224357380304706 -0.0827830674558068 -0.0192790873411439 -0.00822420224671011 0.0186036550595117 0.059803578779781 -9999 -9999 -9999 -9999 -9999 -9999 -9999 -9999 -9999 -9999 -9999 -9999 -9999 -9999 -9999 -9999 -9999 -9999 -9999 -9999
0.0845413255381328 0.018010570853169 -0.0849386217781698 -0.00693168770047348 -0.0595454147159116 -0.154132120037817 -0.223604776898037 -0.252229270325886 -0.25789322449646 -0.250205626111486 -0.401157316053948 -0.407567226997844 -0.409417445209838 -0.408665046314964 -0.40078939933422 -0.403050072719362 -0.409182358901151 -0.406949294608373 -0.411600915392258 -0.411292716116755 -0.40881761211425 -0.404871454768221 -0.404953463998132 -0.401738129552573 -0.253331588902503 -0.250132001865181 -0.246901738058566 -0.246414999985775 -0.240301119865562 -0.235189347542273 -0.219647473659163 -0.138868382196303 -0.0340243877815967 0.00861018618263626 0.0298599842723068 0.0668684387480951 0.0257482746279891 -9999 -9999 -9999 -9999 -9999 -9999 -9999 -9999 -9999 -9999 -9999 -9999 -9999 -9999 -9999 -9999 -9999 -9999 -9999 -9999
0.150531146524553 -0.099531560931131 0.104530308409837 -0.0149015123629485 -0.174104741965898 -0.251506321129534 -0.242641757362663 -0.257011778658757 -0.26642647915496 -0.26437113561229 -0.407043370034207 -0.408784992482902 -0.410303390307037 -0.409860008734847 -0.408878965652838 -0.412221199667374 -0.409086749636853 -0.409168145331379 -0.403814435554261 -0.410362085192285 -0.406722388771498 -0.40467737307449 -0.402345222816893 -0.253479859954089 -0.24233703478768 -0.240208066998705 -0.187600475337125 -0.238117956450835 -0.232182001592525 -0.219513518433248 -0.201534886509251 -0.101234121626925 0.00187356764576363 0.0422165869437652 0.0579721756529536 0.0380159146684962 -9999 -9999 -9999 -9999 -9999 -9999 -9999 -9999 -9999 -9999 -9999 -9999 -9999 -9999 -9999 -9999 -9999 -9999 -9999 -9999 -9999
0.0197346052874688 -0.103437736221182 -0.119020512463349 -0.265124761577936 -0.27627474465718 -0.265522537019776 -0.260835126671715 -0.270102578675309 -0.274692845920607 -0.405675799659098 -0.406576060581968 -0.408888373195421 -0.409016704346966 -0.410537556312644 -0.410831644274272 -0.411822810690148 -0.412356586475857 -0.405939619875023 -0.404423062657046 -0.397366178648748 -0.401674935407828 -0.258257255492077 -0.251204666231481 -0.183048042773956 -0.174270396520083 -0.173128198143385 -0.171952255320464 -0.169914295280394 -0.162874999286491 -0.202150467013075 -0.1808444281797 -0.0401341776659035 0.0433168604024288 -9999 -9999 -9999 -9999 -9999 -9999 -9999 -9999 -9999 -9999 -9999 -9999 -9999 -9999 -9999 -9999 -9999 -9999 -9999 -9999 -9999 -9999 -9999 -9999
