raw_data/Biomass/Scarus perricoGrid_biomas_Teorica.asc
NCOLS 96 
NROWS 96 
XLLCORNER 0 
YLLCORNER 0 
CELLSIZE 0.0104166666666667 
NODATA_value -9999 
[rows 52 to 77 of 96, columns 0 to 56 of 96]
0.565211214001562 0.650497031878828 0.789282729547134 0.813011623327155 1.26800936106646 0.649927648987892 -9999 -9999 -9999 -9999 -9999 -9999 -9999 -9999 -9999 -9999 -9999 -9999 -9999 -9999 -9999 -9999 -9999 -9999 -9999 -9999 -9999 -9999 -9999 0.993904014978552 1.05686781233544 1.0619646184077 1.78714559387453 1.41160993735617 0.239441280547769 0.0690023165348153 -0.135354454611833 -0.274865424467428 -0.277674195796404 -0.27828116901412 -0.278781728439113 -0.278263755848038 -0.277232785856198 -0.270231863892842 -0.0965888773207966 0.0743395901386848 0.199858113649262 -0.159679542030567 -0.131738044056006 -0.0889500254000228 0.659093055135189 -0.0296778192525237 -0.12453756168136 -0.176646046582609 -9999 -9999 -9999
0.548049571429617 0.676083330040931 0.870823334719457 1.07014604247163 1.17920774203739 -9999 -9999 -9999 -9999 -9999 -9999 -9999 -9999 -9999 -9999 -9999 -9999 -9999 -9999 -9999 -9999 -9999 -9999 -9999 -9999 -9999 -9999 -9999 0.94267061077279 0.974091701569677 1.02522283797464 1.77237757064021 1.41091893870212 0.268582075786296 0.08092895330369 -0.106953027933137 -0.284091362096821 -0.293274457809662 -0.298686359268168 -0.302442351552114 -0.297284461198835 -0.288156092579395 -0.287774384922898 -0.281567558612774 0.0114835885718293 0.159429164398201 0.263833533035676 0.316233342969472 0.365747542523961 0.545183309012625 0.708579614743517 -0.0217838506286752 0.389186216869282 -9999 -9999 -9999 -9999
0.543477924334433 0.727040334785073 1.10697074274318 1.30402973890469 -9999 -9999 -9999 -9999 -9999 -9999 -9999 -9999 -9999 -9999 -9999 -9999 -9999 -9999 -9999 -9999 -9999 -9999 -9999 -9999 -9999 -9999 0.741744786143223 0.944757426708016 1.77778118011487 1.81913883155697 1.66177632607323 0.478844674229365 0.329041694020912 0.167179405302007 -0.0288983727707571 -0.296344703029329 -0.30124526548384 -0.300550397237329 -0.302669551909565 -0.30519998898069 -0.305844828924648 -0.297351073469085 -0.294565796094347 -0.153408591045347 0.115788453403122 0.184070176401565 0.299218192112185 0.337657065239587 0.416295476064907 0.633672596650058 0.749293255440047 0.609595439548397 -9999 -9999 -9999 -9999 -9999
0.591894818026294 0.844211594554746 1.25306997016593 -9999 -9999 -9999 -9999 -9999 -9999 -9999 -9999 -9999 -9999 -9999 -9999 -9999 -9999 -9999 -9999 -9999 0.948751398928416 1.04472834798112 1.79865210346174 0.760280134039416 0.747123519666335 0.723109934440846 1.62695828589304 1.8002496923499 1.5297983471446 0.555542760834118 0.469814703818261 0.413954372624991 0.21283506837229 0.0898815318655406 -0.14517354548586 -0.300028555053792 -0.304860017642898 -0.300439837452682 -0.299040979777426 -0.30121956033391 -0.30282571760538 -0.302752748147512 -0.297424319326414 -0.0158827221231022 0.147441719747769 0.225215000258221 0.319403644794246 1.67434144559844 0.533615991543855 0.755222023891782 0.731349402391719 0.722626235383012 -9999 -9999 -9999 -9999 -9999
0.680892680673107 0.985111748104441 1.24310576957455 -9999 -9999 -9999 -9999 -9999 -9999 -9999 -9999 -9999 -9999 -9999 -9999 -9999 -9999 -9999 -9999 0.964669243923074 1.77542349270725 1.87736237814708 1.38517232885228 0.585186603092793 0.688681617501541 0.689297988300952 0.418473503822468 0.581278314705495 0.640187331960426 0.465071689056873 0.409957636409976 0.280428556711302 0.0768188933094103 -0.0361870265736593 -0.28387964010922 -0.289145049853069 -0.283882127704375 -0.289586459793275 -0.293555279662667 -0.29406109067743 -0.293192367169561 -0.290542801930478 -0.194050091482394 0.0488997836912402 0.186228856196812 0.279212399080176 0.379122512471721 0.504102057032141 1.54220315498208 1.70865091076925 -9999 -9999 -9999 -9999 -9999 -9999 -9999
0.875301005997691 1.03573430950002 -9999 -9999 -9999 -9999 -9999 -9999 -9999 -9999 -9999 -9999 -9999 -9999 -9999 -9999 -9999 0.936034259699309 1.78833411155949 1.8319803505438 1.66364202243916 1.63542716539705 1.68245653379159 1.57965251803689 1.31522115310566 0.479560548834959 0.37741712779353 0.509232031039796 0.517656686629954 0.416350755957231 0.233780619573805 0.121860949574899 -0.0266401891693271 -0.128384489388178 -0.281793653372379 -0.286178454431508 -0.286402614394881 -0.28858893413629 -0.290175467045986 -0.288022315239971 -0.285373026400349 -0.200720716089116 -0.144567954265452 0.0212128496208303 0.159700035870587 0.343024742784235 0.499900785215527 1.50449674042797 1.69588401963705 -9999 -9999 -9999 -9999 -9999 -9999 -9999 -9999
0.83400692643176 0.953461245754409 -9999 -9999 -9999 -9999 -9999 -9999 -9999 -9999 -9999 -9999 -9999 -9999 -9999 -9999 0.919682467549909 0.943414125324546 1.79549838560467 1.75609764235083 0.527739738989828 0.658697803905074 0.471285148954076 1.36390615427529 1.58861338858259 0.461307128389618 0.393655596163667 0.494909010938682 0.484502571208713 0.399219517326064 0.080171618778853 -0.00886770378720314 -0.131826768283185 -0.16531615625137 -0.276622219445481 -0.283445140155554 -0.287201408838961 -0.287736241797195 -0.286466186271054 -0.282348387091849 -0.331437097315122 -0.195754923361662 -0.176051511340666 0.0121607672527967 0.163141209167748 0.327590596847411 0.585739402016031 1.70530647728366 -9999 -9999 -9999 -9999 -9999 -9999 -9999 -9999 -9999
0.779174801235714 -9999 -9999 -9999 -9999 -9999 -9999 -9999 -9999 -9999 -9999 -9999 -9999 -9999 -9999 0.600485313293423 1.72465443959701 1.64623162035175 1.73761204635773 1.5526013027282 1.63749739736458 0.782812218150625 0.57231468016518 1.57400291304139 1.47660527075596 0.548939577696032 0.445513663152688 0.402428515075465 0.364395949156643 0.11064189542777 -0.0860074767316232 -0.125451338301474 -0.14224288199431 -0.163554938881932 -0.268916202455534 -0.27693095764411 -0.280855829999104 -0.281102654718331 -0.280341450601031 -0.274643199300286 -0.310355115339352 -0.315020738251487 -0.311492222724454 -0.0298547149079601 0.154539657922154 0.30206787056148 0.560705902777167 1.62440435486767 -9999 -9999 -9999 -9999 -9999 -9999 -9999 -9999 -9999
-9999 -9999 -9999 -9999 -9999 -9999 -9999 -9999 -9999 -9999 -9999 -9999 -9999 0.670196021508439 1.40710739012639 1.44042458122999 1.70608592376542 0.524387013520385 0.593760514392225 0.618376650444044 0.589409986866336 0.490478327568924 0.445513663152688 0.414504407553614 0.297606783250944 0.381035196746127 0.357140463289135 0.241138373242112 0.0190873377609775 -0.140091941383989 -0.122165777901204 -0.137314126794714 -0.152743573940691 -0.166386098567299 -0.180956496186563 -0.188713370677448 -0.190355459878928 -0.196194398505637 -0.1914942256608 -0.177127810844211 -0.310033662765489 -0.201708844164405 -0.162749234451311 -0.257643250413389 -0.204127892252497 0.35724549508455 1.45211351446187 -9999 -9999 -9999 -9999 -9999 -9999 -9999 -9999 -9999 -9999
-9999 -9999 -9999 -9999 -9999 -9999 -9999 -9999 -9999 -9999 -9999 0.740246701061246 1.57251311994326 1.52969607934381 1.24647507901169 0.430383556623645 0.341352526041438 0.443741942603708 0.538560777912225 0.472891029826085 0.615156596716178 0.516523448837315 0.444233933645391 0.197168746887706 0.152063118746045 0.0993095175013765 0.0786127258153199 -0.000133480800031782 -0.131695202139455 -0.264492705471778 -0.123200893884969 -0.114684750073015 -0.133428779562731 -0.154763224806744 -0.167208110566155 -0.169860992598777 -0.170101460130386 -0.160507082018655 -0.159950689902415 -0.160071752866605 -0.295603123273805 -0.280350571783264 -0.266721314330814 -0.225994130060665 -0.153053141337705 0.464209322736621 0.709909096153906 -9999 -9999 -9999 -9999 -9999 -9999 -9999 -9999 -9999 -9999
-9999 -9999 -9999 -9999 0.91543420782482 0.899883974114115 0.889922537517354 0.844648305704105 0.804639483634705 0.809136502875251 0.749776954497881 1.44187015041426 1.20281225605969 0.323950415937884 0.305287924289346 0.282399284872648 0.268883351199461 0.412069328296748 0.526741936933382 1.59839792952391 1.56549810160736 0.49505550265334 0.338298311990544 0.018180747526866 0.0143774909349839 0.0250161062127125 0.0191315616748367 -0.159014248526449 -0.313641228538545 -0.295415448039365 -0.0989899594438839 -0.107741595597137 -0.112853603639787 -0.137432702163749 -0.149384491283631 -0.15110480153275 -0.151432058495307 -0.136635013317516 -0.094822684761049 -0.0613918934787275 -0.257909975893851 -0.238411099474453 -0.206234332549498 -0.15461065230393 -0.0937726432063571 -0.0442468348744794 -0.0859135009146726 -9999 -9999 -9999 -9999 -9999 -9999 -9999 -9999 -9999 -9999
-9999 -9999 0.923510600093337 0.913977582662086 1.74739105930982 1.75258736918826 1.710690738796 0.802887111048038 0.79356968519685 0.83254753727441 1.66024507305586 1.38814638705931 1.42100475505661 1.3559873096999 1.52294087650183 1.13163663069809 0.36466682062903 0.349205034746043 0.419429845959671 0.281755274127074 0.197177038871555 0.0983255354180116 -0.0415934000429337 -0.0411981488128181 -0.040941097313512 -0.0346806495078339 -0.164660813127871 -0.325522038276683 -0.327539892546235 -0.253894720914907 -0.0509467578241324 -0.0949108561893056 -0.113516133149289 -0.118689225472956 -0.136682277625452 -0.131364351983896 -0.126342726565196 -0.0931761731681826 0.0289796744923339 0.199451806440682 -0.166427558486542 -0.142658310385124 -0.137213517390685 -0.120318323899741 -0.0636390211016928 -0.0405292621156992 -9999 -9999 -9999 -9999 -9999 -9999 -9999 -9999 -9999 -9999 -9999
-9999 0.927880475581539 0.895845777979856 1.75473775699966 1.64677612729114 0.584351876718702 0.55823489159029 0.535473395925937 0.668305449190962 1.53245730996538 1.47850413505729 0.637832408547429 1.51327795132362 0.436024869635296 0.236997909307054 0.260314967889262 0.189697669440135 0.0546046685790635 0.0248640865088219 0.0399554971132381 -0.0237683987631021 -0.0531109656086118 -0.0674782096235855 -0.0681609162937853 -0.077967292792578 -0.169775585165137 -0.311371712559188 -0.319283647148042 -0.290375580256198 -0.0350040368779285 -0.0411428689204942 -0.0822777423965317 -0.0889196214592446 -0.105335261884279 -0.104960740613785 -0.074244468444027 -0.0707563072383909 0.0389687510352571 0.439366539126274 -0.129008046573591 -0.234032102804018 0.095702504527244 -0.0899721506090911 -0.040540318094164 -0.00222858871910647 -0.0226213409973818 -9999 -9999 -9999 -9999 -9999 -9999 -9999 -9999 -9999 -9999 -9999
0.898452224902927 0.884253584559541 0.866508739123579 0.794650407091782 0.643283005930563 0.576571231874118 0.533712731355422 0.511495742630459 0.517441095049891 1.41063424725666 1.70276083824214 1.69782434385762 1.39503149764824 0.199877461611575 -0.0509329378510514 -0.066057516390862 -0.0476852441770241 -0.0558141523432491 -0.068127748358391 -0.0614527013602837 -0.111344738978807 -0.108980694383577 -0.0417233077898948 -0.0852750181583319 -0.0998340833996694 -0.308686215390095 -0.310082585470196 -0.299359391957212 -0.10072353686716 -0.0278065948973608 -0.0295755514517246 -0.0386608017551525 -0.0328840530073081 -0.0444347865083806 -0.0443712146322082 -0.0494099768175288 0.0267104349124391 0.397682736319461 0.624880329775947 -0.00130265052268164 -0.299201291465165 -0.245848456187706 -0.129253765694971 -0.0928342670341594 0.0107373100254571 -0.0169192201041747 -9999 -9999 -9999 -9999 -9999 -9999 -9999 -9999 -9999 -9999 -9999
0.903479931109783 0.783284861229994 1.70803730396446 0.781217393257081 0.622995285447703 0.591706866392393 0.569462237721268 0.526120038144738 0.31823171107698 0.188188528379693 0.35115365095046 0.264789875172879 0.16511470132371 -0.0341582545253733 -0.163820005965625 -0.152418251774365 -0.110056993887123 -0.124719156127644 -0.140562096868203 -0.149755419361124 -0.188308169066714 -0.185445223443261 -0.16769540281699 -0.116982182397995 -0.275925969201662 -0.315402722307445 -0.31362851416331 -0.297139904280408 -0.0398023315316404 -0.0170767677972977 -0.0109324077654996 -0.0131961193561621 -0.00458627612671947 -0.00980469796209271 -0.0228424605666773 0.113041042754626 0.436547264617757 0.739986885567324 0.112797811228401 0.0966063307667394 -9999 -9999 -9999 -9999 -0.0815110102899997 -9999 -9999 -9999 -9999 -9999 -9999 -9999 -9999 -9999 -9999 -9999 -9999
0.885765489614599 0.749713382621708 0.80188378100236 1.63885728271575 0.707675788504022 1.70634573925935 1.65452636819495 1.47397394788135 0.134539392879378 0.050384048800136 0.0439218293874757 -0.00362993398951655 -0.0531386055547738 -0.140115711737688 -0.270113012124345 -0.276385068707412 -0.26906075937396 -0.183439392550289 -0.267870859691689 -0.275220321376148 -0.298594318247449 -0.293217519520568 -0.284263558961409 -0.269759497212934 -0.308053537022448 -0.312799592177914 -0.305476388442309 -0.0860107935251626 -0.019967906165836 -0.00289471142160908 0.000692953590210044 0.0148142020843424 0.0299194326618397 0.0197755724204097 0.146471557637486 0.555260833383266 0.735227286838238 0.973035855626291 0.284392124990923 -9999 -9999 -9999 -9999 -9999 -9999 -9999 -9999 -9999 -9999 -9999 -9999 -9999 -9999 -9999 -9999 -9999 -9999
0.847401244341834 0.912263906000046 1.72865117581203 1.71604736036219 1.7206079514789 1.72308449065501 0.528698845121647 0.337170602187137 0.207298787156055 0.137966746203458 0.0635765951032274 -0.0527240063623448 -0.110400834817377 -0.26027540248639 -0.311011564060698 -0.305102143571277 -0.299327606019125 -0.287729608210116 -0.3002927929391 -0.292648689428555 -0.298786968672198 -0.306002100218309 -0.299992070324858 -0.306782928697384 -0.309238737913872 -0.301557320476009 -0.14795218927352 -0.0596312289082122 -0.0097245421182231 0.00687877354125099 0.0131475133307778 0.0256490609798208 0.0621724858382012 0.200220196943984 0.551302793092877 0.780918881838532 0.941012214003074 0.268015456889977 -9999 -9999 -9999 -9999 -9999 -9999 -9999 -9999 -9999 -9999 -9999 -9999 -9999 -9999 -9999 -9999 -9999 -9999 -9999
-9999 0.900561152795083 0.873147854191676 1.76443385011327 1.45813349473594 0.298693033135108 0.28522961535963 0.282313601039546 0.253139637865624 0.214261289594246 0.0844281704877909 -0.134271245121747 -0.25888787718906 -0.288463725180177 -0.319810188122427 -0.31891797066032 -0.311632080852034 -0.306878010112181 -0.306581986288787 -0.309439680322469 -0.309249241093413 -0.306703049252976 -0.30439428455007 -0.307877746964858 -0.301169532031357 -0.199361383536872 -0.0883560429570028 -0.0326933373787908 -0.00341157841483719 0.022310155483459 0.0398062414039637 0.0558899260755934 0.205449674757822 0.538090898827472 0.756487933425999 0.863462817056534 0.246981457860745 -9999 -9999 -9999 -9999 -9999 -9999 -9999 -9999 -9999 -9999 -9999 -9999 -9999 -9999 -9999 -9999 -9999 -9999 -9999 -9999
-9999 0.920564181832475 1.71484778669876 1.50516009913586 0.386521726059271 0.342137500512437 0.314677214000555 0.318292518958536 0.28914343173616 0.237608752117233 0.00156084789969479 -0.25283362338175 -0.276047032165851 -0.317432047154654 -0.330453253431488 -0.328719040289449 -0.309743996129712 -0.308090021751382 -0.309478652646557 -0.311719146682444 -0.300953940451294 -0.298523007186351 -0.299103722455214 -0.301208504355445 -0.275774778696156 -0.118428304381188 -0.0253853356135753 0.0190044179224917 0.0483027608541424 0.0694058597487794 0.123519346344615 0.210532660857001 0.559824188494601 0.834114722221792 0.138668800835971 0.132253569331786 0.151186932452712 -9999 -9999 -9999 -9999 -9999 -9999 -9999 -9999 -9999 -9999 -9999 -9999 -9999 -9999 -9999 -9999 -9999 -9999 -9999 -9999
0.934983941745156 1.73784145791087 1.6397362330037 0.54365481998987 0.34975230568005 0.366336273377211 0.388086147012037 0.366079221877905 0.302441009834666 0.234665097850986 -0.0346613015455205 -0.263155484876463 -0.281501222741986 -0.30748885292236 -0.333481347733258 -0.330909837702137 -0.321131930347891 -0.308828008313905 -0.314275012504038 -0.316301849756093 -0.307325500840543 -0.173325936249637 -0.201237583082344 -0.183128166756506 -0.116245854232241 -0.0420743351061514 0.046497872369768 0.0915316366514081 0.130249673235046 0.176574223002449 -0.171175272038777 -0.128846905687467 0.0947406344008087 0.924845609492958 0.109038778550378 0.112283708229789 -0.134558147762908 -9999 -9999 -9999 -9999 -9999 -9999 -9999 -9999 -9999 -9999 -9999 -9999 -9999 -9999 -9999 -9999 -9999 -9999 -9999 -9999
0.756175602034369 0.694007835126945 0.506595180175948 1.38036297822011 1.4217012816999 0.524033222209512 0.473360908910838 0.372024574297337 0.302396785920807 0.246917885984572 -0.0725280277873709 -0.273018799664349 -0.288608005699142 -0.297849698097847 -0.308035294657981 -0.327569660768252 -0.339726400088924 -0.328913901909891 -0.325123801932382 -0.322329016416164 -0.290459882091992 -0.145691518076935 -0.170189078759719 -0.0963224282397956 -0.0109489917331968 0.0577113985276649 0.136087229864447 0.180883290609094 -0.177015316263332 0.295578011202658 0.442575536875675 0.687410179978092 0.116263860477107 0.176928014313321 0.0766641096109035 0.0367520273530699 0.228161418519083 -9999 -9999 -9999 -9999 -9999 -9999 -9999 -9999 -9999 -9999 -9999 -9999 -9999 -9999 -9999 -9999 -9999 -9999 -9999 -9999
1.43173458215668 0.410629287101711 1.53699578912517 1.71616344813607 1.36219247761325 0.440201265500365 0.420178888500659 0.328096407862174 0.255580245111722 0.162696206034541 -0.140831862742744 -0.278486533814103 -0.294132125339066 -0.296194341722208 -0.309218837152635 -0.331962753811229 -0.343032883928438 -0.343630653044082 -0.338762982125504 -0.325467311183282 -0.173203767687602 -0.110901947041293 -0.0867103605625212 0.00658302611731826 0.0873828807325017 0.155031648963837 0.222254762024278 0.285179863456538 0.348458756199671 0.431688162082489 0.622682954056073 0.810333312544063 0.115791217397738 0.138939672308358 0.206077101535698 0.187378677957149 -9999 -9999 -9999 -9999 -9999 -9999 -9999 -9999 -9999 -9999 -9999 -9999 -9999 -9999 -9999 -9999 -9999 -9999 -9999 -9999 -9999
1.64136698982725 1.4831835779425 1.59268751664685 0.446774044697673 0.121739333811786 0.438974051890775 0.419919073006737 0.237912791525014 0.0972503415123124 -0.0770698237407 -0.257641315617157 -0.278236115901876 -0.291405997449115 -0.29470454862408 -0.297808514578065 -0.324610113532962 -0.327641662828003 -0.339242839230821 -0.34441844678959 -0.322689994113039 -0.0952862066581847 -0.0443131707452681 0.000148446650819922 0.142151434052375 0.243098045424993 0.277642450138179 0.317841987836096 0.39196126746394 0.451094168282783 0.574523111863518 0.770946389263306 0.120434728352943 0.202334652825372 -9999 -9999 -9999 -9999 -9999 -9999 -9999 -9999 -9999 -9999 -9999 -9999 -9999 -9999 -9999 -9999 -9999 -9999 -9999 -9999 -9999 -9999 -9999 -9999
0.31729471690209 0.25757861321923 0.179437721424825 0.0906692703311557 0.114201920493427 0.270574915904572 0.167436456801313 0.047738905952439 -0.106043397304948 -0.250253987206457 -0.269671325784678 -0.281138310248879 -0.287084215467235 -0.291682120511273 -0.319112003082377 -0.317993414461203 -0.3197952625515 -0.32884060077267 -0.329885888256622 -0.187704512642537 0.0529103398793369 0.0857548879035638 0.161703931967328 0.31990116382516 0.393321152815107 0.406850906461374 0.429023671272478 0.504779235713109 -0.021438351301651 0.044554784154584 0.132101549627896 0.18285401877044 -9999 -9999 -9999 -9999 -9999 -9999 -9999 -9999 -9999 -9999 -9999 -9999 -9999 -9999 -9999 -9999 -9999 -9999 -9999 -9999 -9999 -9999 -9999 -9999 -9999
0.0402429525533222 0.0599612901452464 0.11490397512594 0.142637897104825 0.168033479638411 0.0988617503735532 -0.0697972011065718 -0.0941795032138608 -0.256582705679155 -0.272867609158844 -0.282883772849006 -0.284591645122352 -0.296781137779226 -0.333010888209636 -0.328328847169481 -0.326588083360203 -0.319683044370082 -0.318325923013531 -0.303976644963563 -0.232808205987967 -0.189333611069322 -0.168428137789742 -0.129873453287921 -0.0925573147736168 -0.0592608536296423 -0.0679729646598841 -0.0572265535921239 -0.014008733773323 0.0405635759288007 0.0825541821380117 0.140943568405099 0.21620437780943 -9999 -9999 -9999 -9999 -9999 -9999 -9999 -9999 -9999 -9999 -9999 -9999 -9999 -9999 -9999 -9999 -9999 -9999 -9999 -9999 -9999 -9999 -9999 -9999 -9999
-0.00835083679397497 0.104210079955888 0.172024687864194 0.149171980377507 0.0640741141341423 -0.063299049763901 -0.170821757127366 -0.263557646093119 -0.286200842787899 -0.29422140236517 -0.295239934381237 -0.302257993111214 -0.306366394708724 -0.322506603070255 -0.325075432026599 -0.325208767126884 -0.32391676548349 -0.310652244760593 -0.276728080439281 -0.185804266343904 -0.135597133339135 -0.110524108977259 -0.0745999181516696 -0.049412740812145 -0.0128976079376132 0.000264534424700091 -0.00171448572049449 0.0150021537182435 0.0652764517921864 0.0978197244032483 0.142159726036224 0.242194219185497 -9999 -9999 -9999 -9999 -9999 -9999 -9999 -9999 -9999 -9999 -9999 -9999 -9999 -9999 -9999 -9999 -9999 -9999 -9999 -9999 -9999 -9999 -9999 -9999 -9999
