raw_data/Biomass/Scarus perricoGrid_biomas_Teorica.asc
NCOLS 96 
NROWS 96 
XLLCORNER 0 
YLLCORNER 0 
CELLSIZE 0.0104166666666667 
NODATA_value -9999 
[rows 26 to 51 of 96, columns 0 to 56 of 96]
-0.348529485237964 -0.347662364846971 -0.347465540790352 -0.348092707752734 -0.348259000724823 -0.348276494046749 -0.348255614831418 -0.348278246419335 -0.348215288149968 -0.348046615378515 -0.348036007167178 -0.348246040354068 -0.348367758384981 -0.348374450015947 -0.348465592738416 -0.348479666999001 -0.348380644127882 -0.348887790704843 -0.34890158193238 -0.348809234661058 -0.348369369793842 -0.3476722074318 -0.34684723519471 -0.345301764189033 -0.338053354147743 -0.332803422773745 -0.326508342115526 -0.318166164124715 -0.306534998380311 -0.304728175099706 -0.295828388835024 -0.286988304854053 -0.283523914002116 -0.281416368107268 -0.273017694066503 -9999 -9999 -9999 -9999 -9999 -9999 -9999 -9999 -9999 -9999 -9999 -9999 -9999 -9999 -9999 -9999 -9999 -9999 -9999 -9999 -9999 -9999
-0.348717558487628 -0.348049089153696 -0.348171865794547 -0.348337290872327 -0.348295305794107 -0.348274882637888 -0.3482580886066 -0.348250122774116 -0.348289009414371 -0.348313456946751 -0.348328739072984 -0.348312718960189 -0.348395663674626 -0.348425586680341 -0.348492798737423 -0.348477502791217 -0.348530201112569 -0.3486310150522 -0.348346094195179 -0.347997745189706 -0.347465228458961 -0.346841900685101 -0.34610799377863 -0.339199803834647 -0.333362136645462 -0.327210369108093 -0.318158701339251 -0.305639187725203 -0.30080136794848 -0.29343974468771 -0.281419132101885 -0.270638447500884 -0.275493956843151 -0.19768833759569 -9999 -9999 -9999 -9999 -9999 -9999 -9999 -9999 -9999 -9999 -9999 -9999 -9999 -9999 -9999 -9999 -9999 -9999 -9999 -9999 -9999 -9999 -9999
-0.348721148916634 -0.348388272753022 -0.348343283212655 -0.348367078442305 -0.348362028624142 -0.348311480690601 -0.348291582693359 -0.348309877573723 -0.34833334112402 -0.348336359406141 -0.348342429138318 -0.348292558383458 -0.34837010501641 -0.348412131554549 -0.348488558769682 -0.348466659640338 -0.347393090963473 -0.344989377517511 -0.347389459074547 -0.346876259902174 -0.340171016262885 -0.340351753870838 -0.345318154677107 -0.334119415890407 -0.324018204085905 -0.31764293994387 -0.303099076672921 -0.297782809428135 -0.292754826821817 -0.288114632660152 -0.280549855795092 -0.259932943553443 -0.259775672259782 -9999 -9999 -9999 -9999 -9999 -9999 -9999 -9999 -9999 -9999 -9999 -9999 -9999 -9999 -9999 -9999 -9999 -9999 -9999 -9999 -9999 -9999 -9999 -9999
-0.348551025048008 -0.348509858112194 -0.348408997184655 -0.348381807769615 -0.348367338257799 -0.348357841172298 -0.348348927289661 -0.348384555180264 -0.348401517815223 -0.348398250773587 -0.348378502032054 -0.348333200160295 -0.348380193596759 -0.348381238386724 -0.347907998284518 -0.346848078213068 -0.344349208724454 -0.341019341490487 -0.338232018759733 -0.330746955499404 -0.329642297411097 -0.335448012822519 -0.335468134703324 -0.326148027777359 -0.312466530826663 -0.300202963114074 -0.29531898462726 -0.290324169956337 -0.28900878491849 -0.285331842880568 -0.277731686884421 -0.247951856090629 -0.228491675595858 -9999 -9999 -9999 -9999 -9999 -9999 -9999 -9999 -9999 -9999 -9999 -9999 -9999 -9999 -9999 -9999 -9999 -9999 -9999 -9999 -9999 -9999 -9999 -9999
-0.348417416312255 -0.348445423869701 -0.348385693946045 -0.34836981756097 -0.348330306257931 -0.348369648957298 -0.348389099187413 -0.348418734737687 -0.348448295660108 -0.348439768736717 -0.348394649288602 -0.34832671859292 -0.348161525690688 -0.347502260458828 -0.344626382104566 -0.342346971024484 -0.339294387730413 -0.295925681445514 -0.277867399020076 -0.323750621767111 -0.324706217625767 -0.324161959445893 -0.313383900639777 -0.312391073773641 -0.297984581035117 -0.295083768685422 -0.289967338251386 -0.287076752681771 -0.288455156796867 -0.283419711405085 -0.257761825782423 -0.242024193236741 -0.244811958206634 -9999 -9999 -9999 -9999 -9999 -9999 -9999 -9999 -9999 -9999 -9999 -9999 -9999 -9999 -9999 -9999 -9999 -9999 -9999 -9999 -9999 -9999 -9999 -9999
-0.348416108942802 -0.348388645892295 -0.348356260167378 -0.348328374225695 -0.348298384884109 -0.348348084271303 -0.348397847230373 -0.348448762775198 -0.348457328394513 -0.348444442651613 -0.348353598440562 -0.347613823573522 -0.346795714335064 -0.344485915898171 -0.341200631897363 -0.338382849945939 -0.309183181622086 -0.27046376304114 -0.263784570051109 -0.258925467515841 -0.3169038477835 -0.311027871628934 -0.300817675516715 -0.299991517525935 -0.292273062560215 -0.293863741461834 -0.287435242783491 -0.284711602488694 -0.285505698141927 -0.282516990763437 -0.248204208799088 -0.241352818944468 -0.259935431148598 -9999 -9999 -9999 -9999 -9999 -9999 -9999 -9999 -9999 -9999 -9999 -9999 -9999 -9999 -9999 -9999 -9999 -9999 -9999 -9999 -9999 -9999 -9999 -0.184046642167467
-0.348396064453845 -0.348363551585175 -0.348325684858933 -0.348297989632879 -0.348298987434935 -0.348348134023206 -0.348399602366954 -0.348444036344404 -0.348460974103412 -0.348387601102331 -0.347494656709639 -0.345215555196954 -0.343201321760349 -0.340818260882159 -0.337509013048029 -0.332857265388868 -0.295380345307739 -0.260960043952821 -0.251396898980253 -0.245000462639458 -0.310150026938831 -0.304335135065283 -0.295274760713401 -0.293803486379201 -0.293789942805582 -0.293932288528316 -0.288084781518297 -0.28256370227245 -0.279262663502331 -0.274294383179723 -0.250085107135407 -0.254401084728594 -0.253928441649225 -9999 -9999 -9999 -9999 -9999 -9999 -9999 -9999 -9999 -9999 -9999 -9999 -9999 -9999 -9999 -9999 -9999 -9999 -9999 -9999 -9999 -9999 -0.200533317254138 -0.192421822253995
-0.348389668570303 -0.348351373424896 -0.348309236326972 -0.348284493047168 -0.348299609333724 -0.348320397337232 -0.34835289638593 -0.348406949064644 -0.34830788196961 -0.34735375655609 -0.344493461603473 -0.341251738157817 -0.338945046450873 -0.336087849936221 -0.310103315429817 -0.296582406566322 -0.283514792819883 -0.238926584470373 -0.222377995904299 -0.216718993327105 -0.191302128034975 -0.298310732399828 -0.29356605924167 -0.292804578724909 -0.292755932419664 -0.29134712436379 -0.288307006685439 -0.282617600167466 -0.274568018646726 -0.255002253557616 -0.258194943738781 -0.274091229575433 -0.252895260461691 -0.244545232726171 -0.258257410017107 -9999 -9999 -9999 -9999 -9999 -9999 -9999 -9999 -9999 -9999 -9999 -9999 -9999 -9999 -9999 -9999 -9999 -9999 -9999 -0.22438714359081 -0.212637955276295 0.132372421100283
-0.348259470603908 -0.348326566573216 -0.3482951040225 -0.348299308058311 -0.348295725921288 -0.348220838251157 -0.348206305167465 -0.34812593649601 -0.346158795999676 -0.341698759007094 -0.33682155230709 -0.332161015145049 -0.312191513362351 -0.305246976889165 -0.285064288201721 -0.266328274296392 -0.223064848566423 -0.186555243681124 -0.185680992184022 -0.171689651436851 -0.195625568413625 -0.292012694267369 -0.292673565380101 -0.291057457728013 -0.290837720156025 -0.28864006803669 -0.281645779660413 -0.272061628328762 -0.245035565371084 -0.248519856984257 -0.255178320014667 -0.27733035486615 -0.257487084717574 -0.260253566928922 -0.257521358250814 -9999 -9999 -9999 -9999 -9999 -9999 -9999 -9999 -9999 -9999 -9999 -9999 -9999 -9999 -9999 -9999 -9999 -0.197983532220699 -0.0233068116621978 0.420209292441437 -0.227276899962041 -0.269299844908261
-0.348186050614918 -0.348303904581358 -0.348315341991079 -0.348242071257799 -0.348002222860984 -0.347742592554701 -0.347216679007094 -0.345687396717884 -0.336235502528618 -0.330050511775962 -0.298001441402276 -0.289752575869708 -0.29151959762784 -0.288506014297805 -0.254453877025763 -0.206381929862003 -0.16361270636941 -0.167604467394117 -0.167250676083244 -0.177303600901801 -0.190073256028615 -0.194907759011799 -0.292414302685102 -0.288831060064669 -0.289719960733237 -0.285267718205472 -0.278244131486263 -0.263889878245986 -0.233667808313603 -0.264211054420387 -0.279526348588715 -0.274294106780261 -9999 -9999 -9999 -9999 -9999 -9999 -9999 -9999 -9999 -9999 -9999 -9999 -9999 -9999 -9999 -9999 -9999 -9999 -9999 0.167406052860535 0.0488942557020078 -0.0438736956012933 -0.210242124742979 -0.196949798234243 -0.246798441137292
-0.348079470982517 -0.348341727083686 -0.348228607840023 -0.347924374952619 -0.347711561187145 -0.34609323404738 -0.343806332541888 -0.335296131318359 -0.299129980404068 -0.29254199923637 -0.285354231236959 -0.284937420848837 -0.28085500080072 -0.276859922982474 -0.180858927176611 -0.164756170942129 -0.174361881431787 -0.172451408353074 -0.173580223754327 -0.183304233213557 -0.18560387673423 -0.189428416084657 -0.174929605925953 -0.163254492667152 -0.284620667065822 -0.277851920650225 -0.267023418942364 -0.230089817282941 -0.224017044711702 -0.265056283974019 -0.267788492652127 -9999 -9999 -9999 -9999 -9999 -9999 -9999 -9999 -9999 -9999 -9999 -9999 -9999 -9999 -9999 -9999 -9999 -9999 -9999 -9999 0.35598234954495 0.187848557041902 -0.181269103977654 -0.23148756936035 -0.229805125837473 0.160847093636308
-0.347848102521185 -0.348179790167112 -0.347827836912659 -0.347184597321584 -0.344491360967565 -0.34035678434104 -0.335954431916098 -0.307021737832223 -0.28677271327399 -0.28055814777894 -0.277888128979698 -0.273219465673485 -0.269276074554562 -0.221569251079601 -0.151333660286971 -0.159513425954134 -0.177955903631223 -0.180470033134113 -0.182427770520762 -0.190016317739522 -0.190257338070054 -0.17064154467839 -0.166384440170529 -0.157611797658193 -0.277520241296282 -0.264679827907294 -0.25213212154816 -0.251570201442688 -0.258926296714226 -0.262978312821565 -9999 -9999 -9999 -9999 -9999 -9999 -9999 -9999 -9999 -9999 -9999 -9999 -9999 -9999 -9999 -9999 -9999 -9999 -9999 0.255165645919293 1.05634818134759 1.27309511116025 1.26265550349489 0.34389263709372 -0.222536372795807 0.31932072495576 0.438921535993067
-0.347519460797325 -0.347518391131408 -0.345865674370629 -0.343519125861319 -0.340193570458953 -0.313930895174322 -0.300228391864543 -0.289430570496921 -0.273546169837119 -0.260274296888543 -0.232887532633452 -0.192674174962453 -0.180545766586596 -0.162243423436548 -0.168749866763067 -0.175114793565238 -0.175788102653742 -0.182259166849175 -0.188088431494727 -0.186538936112888 -0.165010182047358 -0.164111607397633 -0.154432927450109 -0.141222967980935 -0.113097940763859 -0.256076341865468 -0.241852825570537 -0.246793189547521 -0.255977943657132 -9999 -9999 -9999 -9999 -9999 -9999 -9999 -9999 -9999 -9999 -9999 -9999 -9999 -9999 -9999 0.128494536653763 0.148232222208001 1.3795089038837 1.22413923851824 0.597804238515716 0.809622965927702 0.829556895099689 0.155175376683879 0.104182440009726 -0.0535062168387275 0.44953527531925 0.84512371277809 -0.0169026361364775
-0.347228851639384 -0.346349951103337 -0.34067163096777 -0.337994370502633 -0.303975815765178 -0.285371091604118 -0.276544551196766 -0.261837059444539 -0.220428274102037 -0.165340479403993 -0.151244106861406 -0.156354732906748 -0.165149210976552 -0.169340256013086 -0.174499528363673 -0.177980779582769 -0.182567628648342 -0.181869996407215 -0.191648180160922 -0.168689611680434 -0.16727223524125 -0.157014774821095 -0.145299583640359 -0.12618462607315 -0.105935601514916 -0.0720526207133856 -0.0360985787459411 -0.0646948670450787 -9999 -9999 -9999 -9999 -9999 -9999 -9999 -9999 -9999 -9999 -9999 -9999 -9999 -9999 -9999 0.0519622897259825 0.121324734619357 1.60070310103382 0.202721612071639 -0.0322234582940379 0.158807265609557 0.0836459600114082 0.0758349112260454 0.100705334782554 0.104671667056792 0.114530835852754 0.180383007583563 0.0457433018395473 0.0452596027817134
-0.346933311515047 -0.34090985966374 -0.326208310499938 -0.213549797100177 -0.265016206052085 -0.259981037059765 -0.239887901797885 -0.192433983830306 -0.165771386164657 -0.163190644391518 -0.144798747815905 -0.151811002157187 -0.163085059797179 -0.176809951463349 -0.176024424193427 -0.1773785051559 -0.183799541048779 -0.183037507733095 -0.167289372007871 -0.169551148802302 -0.162543316852405 -0.145639554978151 -0.130495075677103 -0.116847299460725 -0.100312807267194 -0.0747660342281027 -0.0549075621091376 -9999 -9999 -9999 -9999 -9999 -9999 -9999 -9999 -9999 -9999 -9999 -9999 -9999 -9999 -9999 -0.0202857655466983 -0.0739174878809314 0.668966043904233 0.0628634844922496 0.00853440631635088 0.0464204805205147 0.124622180196476 0.172057855799588 0.195598797945708 0.232163682723331 0.248982589962869 0.289889710282532 0.248860974199756 0.184086760369262 0.968928559626628
-0.343448478158929 -0.331557165241249 -0.207902126900909 -0.193768440431004 -0.23360755323097 -0.212972122225393 -0.187899650662441 -0.143290712353309 -0.126084845867505 -0.129771738286046 -0.144486969223198 -0.16499525647643 -0.177230078645011 -0.180837091619143 -0.169232736622516 -0.191267301702811 -0.178783720018773 -0.175095445602924 -0.175420491369789 -0.170384769578546 -0.153309640038087 -0.135486297155026 -0.116068958576805 -0.104318388264982 -0.0769048132621133 -0.0821146667141763 0.409905120512268 -9999 -9999 -9999 -9999 -9999 -9999 -9999 -9999 -9999 -9999 -9999 -9999 -9999 -9999 -0.035382704140347 0.249908528159293 0.85420067109767 0.0662438499078541 0.0581177057362454 0.0416912857322077 0.0950640217709034 0.125238550995887 0.1328533561635 -0.21462720220157 -0.216368795209233 -0.21175292420019 -0.213918237582516 -0.198295034413944 -0.158105723496106 0.40633127547353
-0.335602409561779 -0.240647723917877 -0.200711594906882 -0.212343589849671 -0.208281899761174 -0.177135273629675 -0.130364615131219 -0.113956161092187 -0.118429133579572 -0.12611635540613 -0.143308401918853 -0.146654217401755 -0.15095112343209 -0.15640973639961 -0.157661273161822 -0.159715750360039 -0.166559124630272 -0.172133825371673 -0.169955244815189 -0.158118990670264 -0.144917599584401 -0.128061654817007 -0.122244275348304 -0.113381803010942 -0.109909672974079 -0.103204498434656 -9999 -9999 -9999 -9999 -9999 -9999 -9999 -9999 -9999 -9999 -9999 -9999 -9999 -9999 -0.0607534107223868 0.356518564500491 0.360277597178514 1.17274828661935 0.0529849677339741 0.0288221267992109 0.0310996583629543 0.0568600881858773 -0.227863696019059 -0.224542480088241 -0.228185701391845 -0.229809271829397 -0.222287336880888 -0.216731431302878 -0.203488027498848 -0.186839382327669 -0.188960195396674
-0.260375182692034 -0.181520627487728 -0.183474218882453 -0.198249704902239 -0.180623987634235 -0.124730212106109 -0.0965692529590216 -0.0981433478929438 -0.108798270738908 -0.127566623381246 -0.118242287543518 -0.134690543105023 -0.147233274273848 -0.152531575553629 -0.150327842646138 -0.147270588201166 -0.149361273728855 -0.151394468168527 -0.15349095808491 -0.146384727926676 -0.13659825218912 -0.124487256979345 -0.126509119041091 -0.124330262085146 -0.131348597214584 -0.123418143861802 -9999 -9999 -9999 -9999 -9999 -9999 -9999 -9999 -9999 -9999 -9999 -9999 -0.0834587972960312 -0.0452280529632281 0.309765595567579 0.334121916125476 1.35019950497359 0.162754249921481 -0.00117550677033679 -0.0277789549511988 -0.0148296401743324 0.0141812473172341 -0.237059782506596 -0.231254288214743 -0.230674954943189 -0.231007739894979 -0.218380430490899 -0.205243164080131 -0.186706157787168 -0.186694825409242 -0.19668307275378
0.105509157425498 -0.152664247295206 -0.165134285405625 -0.174297203957768 -0.12588943144814 -0.0944152719546221 -0.0662896919386223 -0.0647833148727969 -0.0694793417257095 0.534630377567998 -0.0437824837789589 -0.0509661057864457 -0.110340579734744 -0.12453756168136 -0.13154594643018 -0.133858027926626 -0.138833218235774 -0.136761051472014 -0.134077765498613 -0.12538251483553 -0.116364153201814 -0.117145534479812 -0.105260081230719 -0.122611057433873 -0.141811698834184 -9999 -9999 -9999 -9999 -9999 -9999 -9999 -9999 -9999 -9999 -9999 -9999 -0.0956792466926074 0.208462428889472 1.18474402325363 0.298999836537505 1.00141378835075 0.155714355634036 0.047539898340073 -0.0470053015014405 -0.0697640331711775 -0.0553000493446371 -0.261817711482225 -0.248128751746066 -0.234518565856468 -0.229320597581254 -0.225235966337443 0.104080172208926 -0.194545952116539 -0.179002075593452 -0.189589556970781 0.221666031171029
0.149791115171534 -0.156409460000148 -0.134324866617301 -0.126528190603943 -0.0971795429702772 -0.0802019824397704 -0.0608114546093269 0.486929358481731 -0.0362920583690747 -0.00121973068419584 -0.0448797896415877 -0.0317038273061935 -0.0701813963582227 -0.113541009100834 -0.109369035627152 -0.125129609328149 -0.136186969790231 -0.12684522078642 -0.113512539956288 -0.122600830653793 -0.12501213955696 -0.10125090703993 -0.135319075480746 -0.0809322298173688 -9999 -9999 -9999 -9999 -9999 -9999 -9999 -9999 -9999 -9999 -9999 -9999 -0.0831550342877115 0.221740659025666 0.213644918794835 0.992809473110539 0.0650802081744367 0.0281449481182435 0.0393584742761404 -0.0218888824240905 -0.0811544549845107 -0.0794604026842458 -0.0534509369464036 -0.265210514873603 -0.252272808874125 -0.234463009564682 -0.225107164188329 -0.21702883712358 -0.195925738228943 -0.185842962268531 -0.180498778678121 -0.20641039900655 -0.199916117256342
0.207884754014688 0.206077101535698 0.222580913388989 -0.0909749278558461 -0.064813718813575 -0.0661874241378231 0.425278458567536 0.301868862949114 0.040466836117234 -0.176825706232661 -0.0817893445478504 -0.0618313686227022 -0.0639983404017979 -0.0784537558450281 -0.0797080566018566 -0.0786892481863278 -0.107636563801722 -0.155391757182466 -0.130405522251539 -0.145328329184367 -0.225333811746857 -0.0573979212583279 -0.101435818279753 -9999 -9999 -9999 -9999 -9999 -9999 -9999 -9999 -9999 -9999 -9999 -9999 -9999 0.280295884969724 0.216646616948021 1.13952230733809 0.846074526926061 0.0189684859924812 -0.0455707882956361 -0.0444873024060883 -0.0904279333213014 -0.121472291652001 -0.116324904478264 -0.0675528374782227 -0.264740082989927 -0.24805605868766 -0.227815326113275 -0.211972385372716 -0.196242215612497 -0.184523984037683 -0.161436060609158 -0.180508176259816 -0.186693443411934 -0.191135182760157
0.251403849246654 0.330412635350544 0.265030342704488 0.317220089047453 -0.038268314519653 -0.052740590330042 0.595507358989659 -0.076715479630904 -0.263077540228286 -0.225297327017923 -9999 -9999 -9999 -0.0730368791962121 -0.0694323538172343 -0.0893607549999891 -0.0996732189130069 -0.119617098465612 -0.125150062888308 -0.131161751178529 -9999 -9999 -9999 -9999 -9999 -9999 -9999 -9999 -9999 -9999 -9999 -9999 -9999 -9999 0.563563873210311 0.444385953349281 0.398398610925055 1.15024107845969 1.23703050940816 0.864905622246187 -0.0865337413065464 -0.0517759562089904 -0.0439040995420714 -0.103634575996935 -0.173573590167248 -0.140779623244498 -0.0752312145220081 -0.25525211867092 -0.237113680401612 -0.210281097067067 -0.185077612159307 -0.163294846988548 -0.159996295813583 -0.161751708794327 -0.190571604257915 -0.178571168832788 -0.22106039967076
0.346963435112311 0.360844216074834 0.31526870884842 0.304704721425329 0.319984083663646 0.592248609337167 0.296490129426002 -0.11084003356189 -0.101504918145158 -9999 -9999 -9999 -9999 -9999 -9999 -9999 -9999 -9999 -9999 -9999 -9999 -9999 -9999 -9999 -9999 -9999 -9999 -9999 -9999 -9999 -9999 -9999 -9999 1.07429756238515 0.62110194913561 0.465126968949197 1.38969698803899 1.23926658105266 0.222227122078116 -0.0158633741607888 -0.0563199633580125 0.107026590469789 -0.028096814332061 -0.112968309416359 -0.184220773828287 -0.17390333472496 -0.0562840314280019 -0.237784501894962 -0.216097370937923 -0.185983925993957 -0.148175520038508 -0.121682355242832 -0.0967364746333014 -0.199715727646668 -0.230045593369082 -0.227704213529704 -0.0440146593267192
0.35144387038516 0.363306935277862 0.471293440937925 0.463515560087956 0.493922264860701 0.764160782480552 -0.171074386235286 -0.152128308739126 -9999 -9999 -9999 -9999 -9999 -9999 -9999 -9999 -9999 -9999 -9999 -9999 -9999 -9999 -9999 -9999 -9999 -9999 -9999 -9999 -9999 -9999 -0.104198154499177 1.84067864160096 2.18968271379848 1.18873523147941 1.60284243286675 0.536070418763035 0.359011687644298 0.262711351221501 0.0801108108972968 -0.127203158089217 0.125426502629789 1.15252966600189 -0.0527931062277496 -0.160670710499934 -0.17630662804374 -0.160392099842622 0.00698656933128255 -0.215675032560569 -0.187442209553461 -0.159808620579143 -0.123443296212809 -0.0623758755620923 -0.136597422990735 -0.240584704840627 -0.310570706919415 -0.323403132363963 -0.189152569421961
0.386112654856075 0.560396335380153 0.660378312631719 0.562087900085264 0.514046909661205 0.155070344888463 0.120561872105288 -9999 -9999 -9999 -9999 -9999 -9999 -9999 -9999 -9999 -9999 -9999 -9999 -9999 -9999 -9999 -9999 -9999 -9999 -9999 -9999 -9999 -9999 0.477252613330438 0.162068779256665 1.41194161671012 1.56143779351617 1.83075313693421 1.65329915458536 0.402160407597694 0.194343944389956 0.0515532185227859 -0.106181044236834 -0.181249203216417 -0.100706952899463 -0.0320161586978234 -0.146184891115926 -0.170539553277053 -0.165127099019623 -0.0956922374673035 0.104597039202155 0.222354265830461 -0.161528930828262 -0.133567255693002 -0.0922471945776799 -0.0473259248769189 -0.148178836832048 -0.304680357992846 -0.337271807030068 -0.249181004496451 -9999
0.545647660108145 0.618420874357903 0.757828470814852 1.66863932470523 0.536161630585369 0.171554808779441 -9999 -9999 -9999 -9999 -9999 -9999 -9999 -9999 -9999 -9999 -9999 -9999 -9999 -9999 -9999 -9999 -9999 -9999 -9999 -9999 -9999 -9999 -9999 1.09806791608442 1.46014568281653 1.36417426175306 1.14142669962865 1.84158523183508 1.38211258681216 0.205905733869494 0.00888819762722365 -0.14350934432745 -0.176478548508868 -0.181796474150424 -0.170804067561822 -0.176947045596312 -0.18345652931691 -0.173405539294584 -0.145103616422071 -0.00964991426358586 0.167624408435214 -0.161172928321696 -0.139775187600973 -0.109649857480157 -0.0395065841077077 -0.0425110462555099 -0.127987303361831 -0.290173808649216 -9999 -9999 -9999
