raw_data/Abundance/Anisotremus interruptusGrid_precio_Teorico.asc
NCOLS 96 
NROWS 96 
XLLCORNER 0 
YLLCORNER 0 
CELLSIZE 0.0104166666666667 
NODATA_value -9999 
[rows 26 to 51 of 96, columns 0 to 58 of 96]
0.419146557064008 0.437469110231829 0.437462220075911 0.413281468433407 0.37515014920251 0.374903256124639 0.375219645820608 0.374514569901758 0.37397398705978 0.411008468633895 0.413310469726042 0.408446646025864 0.373508650984202 0.373247157039564 0.37311126437353 0.373081937364432 0.373210777016318 0.373000119894797 0.373125570842727 0.413187135935113 0.453625273103522 0.506869892525279 0.564346946814017 0.692438077215555 0.819047824094758 1.15295104365097 1.41127551656668 1.55566186571389 1.78259854653482 1.79218212703871 1.8618478671461 1.1137397927004 1.16965027608455 2.15836259518091 1.24878058491179 -9999 -9999 -9999 -9999 -9999 -9999 -9999 -9999 -9999 -9999 -9999 -9999 -9999 -9999 -9999 -9999 -9999 -9999 -9999 -9999 -9999 -9999 -9999 -9999
0.373817555465332 0.445742934733523 0.429586959775173 0.37485801911915 0.374399385286147 0.374450616727285 0.374660440766317 0.375297103700681 0.373752005027441 0.373382698934024 0.373396003198723 0.373572240859545 0.373386463464666 0.373231698035195 0.373116118801563 0.373134734750097 0.372996086021696 0.428519424072377 0.454849841723464 0.492971195283392 0.536021515835813 0.578665317189081 0.632753667521868 0.797090776318062 1.1386383106762 1.41254706352242 1.56474434396921 1.79344741021635 1.84732216571569 1.86754790522357 1.92060210579088 1.13284431592712 1.22487800765502 3.85193160089331 -9999 -9999 -9999 -9999 -9999 -9999 -9999 -9999 -9999 -9999 -9999 -9999 -9999 -9999 -9999 -9999 -9999 -9999 -9999 -9999 -9999 -9999 -9999 -9999 -9999
0.372959273797761 0.375191252114449 0.374775080433233 0.374351404745846 0.37348890129183 0.373914374683534 0.374085582530536 0.374227883041574 0.374253232551573 0.374243279408161 0.373766906555558 0.374006001229685 0.37336762202012 0.373260974934068 0.372975973030194 0.373082620116246 0.433698942189154 0.499316402505904 0.534904057821503 0.591425885948905 0.802136249583347 0.794879036268438 0.737192771790922 1.15496171642335 1.4701550307736 1.58307842248875 1.8463638076653 1.88875079411617 1.89126883291524 1.88751682982907 1.94944680397416 2.05293694585999 1.25675437444215 -9999 -9999 -9999 -9999 -9999 -9999 -9999 -9999 -9999 -9999 -9999 -9999 -9999 -9999 -9999 -9999 -9999 -9999 -9999 -9999 -9999 -9999 -9999 -9999 -9999 -9999
0.373542105823072 0.373901001517276 0.373742628151615 0.37356501245961 0.373501159505586 0.373585889632041 0.373616738739218 0.373268842239371 0.373347220894825 0.373440413385503 0.373651170727473 0.374460350638463 0.37381577655235 0.374871335911406 0.426313196147487 0.446902986438961 0.509746845809879 0.602529685399395 0.824014373755893 1.21926566247104 1.34849993237713 0.962175780220246 0.945754033156811 1.38680293550216 1.65256251303102 1.87436289580412 1.92193002674958 1.93025458785395 1.90291319641637 1.90850048648792 1.95978830162901 2.05791038567704 2.26071272945124 -9999 -9999 -9999 -9999 -9999 -9999 -9999 -9999 -9999 -9999 -9999 -9999 -9999 -9999 -9999 -9999 -9999 -9999 -9999 -9999 -9999 -9999 -9999 -9999 2.98333349077907 2.934444702653
0.374079776008231 0.374034589112966 0.374569522027092 0.373524567244372 0.373579776184608 0.373569678974299 0.373425799991179 0.373304765006815 0.372994563923616 0.373004698716593 0.373819635039664 0.374392639197125 0.428662238213219 0.456494083476583 0.523878555597351 0.544704365047902 0.624774240591208 1.15217433516569 1.41931194387811 1.5042049285639 1.50134238196895 1.53018708015223 1.61547468285877 1.63330139535163 1.84414643021538 1.92504312446882 1.95723894393942 1.93824090494052 1.92461718755754 1.93999476281052 2.00890884954504 2.08574035180697 2.25218772744745 -9999 -9999 -9999 -9999 -9999 -9999 -9999 -9999 -9999 -9999 -9999 -9999 -9999 -9999 -9999 -9999 -9999 -9999 -9999 -9999 -9999 -9999 -9999 -9999 3.01625590851009 2.92158516619908
0.375473554329958 0.375021178011284 0.373840286716083 0.373596882562619 0.373663666964797 0.373716583362246 0.373531275750725 0.373075911609893 0.373127781956398 0.373312250221653 0.373953842749387 0.4338010417723 0.452577969404012 0.507935987559111 0.57057815327498 0.636397307246779 0.858480186412507 1.51004903353784 1.56264597830333 1.61147839242643 1.66822822207693 1.75062822307608 1.80626310022352 1.81524535802913 1.94994164244462 1.95276660637093 1.96780593760613 1.9439346792399 1.96967254348205 1.99102576304922 2.05093253686571 2.13976543798087 2.31180636747101 -9999 -9999 -9999 -9999 -9999 -9999 -9999 -9999 -9999 -9999 -9999 -9999 -9999 -9999 -9999 -9999 -9999 -9999 -9999 -9999 -9999 -9999 -9999 3.15746025837888 4.32771565835388 4.16600369896238
0.375138429673671 0.375259019929789 0.373908787393463 0.373755099333826 0.373636507222924 0.373424177672649 0.373256389848494 0.373221901486236 0.373470147540177 0.373981835573748 0.429394724425066 0.479938152175909 0.522869460944294 0.571821513229243 0.656480232613825 0.767554557031751 1.00585247858338 1.59100836557236 1.66062399545489 1.70192108451512 1.78922562377215 1.85718135245629 1.89265312787691 1.93918047165659 1.964523717878 1.97617434515724 1.98138580854236 1.97752105745027 2.02896546704404 2.07321279559273 2.10111166328184 2.1951247088916 2.43137562775782 -9999 -9999 -9999 -9999 -9999 -9999 -9999 -9999 -9999 -9999 -9999 -9999 -9999 -9999 -9999 -9999 -9999 -9999 -9999 -9999 -9999 -9999 2.97245957198511 2.87859685704992 2.59056954835025 2.40477336213688
0.374982179728789 0.375115454135574 0.373747257083636 0.373759408813164 0.373667274900986 0.373582081254952 0.373464040356523 0.373224908099727 0.374089290687176 0.439389584599472 0.495399035677712 0.56732349417052 0.609236312618688 0.67128279303657 0.821508236135235 0.941018616907829 1.3144249794744 1.72261034360294 1.81139939827136 1.83456284971148 1.96167996261736 1.97809732503612 1.95692575503406 1.97176464536983 1.97678193163363 1.98937838940705 1.99487172280699 2.01413284048638 2.0826898918688 2.16207075182033 2.18727619492337 2.30363213704122 2.69977851964788 3.16173841882604 3.10549595520222 -9999 -9999 -9999 -9999 -9999 -9999 -9999 -9999 -9999 -9999 -9999 -9999 -9999 -9999 -9999 -9999 -9999 -9999 -9999 3.03665703380497 2.59484144501931 4.14026583472023 2.57673912628974 1.91801516543264
0.37494749718941 0.374646773202487 0.373805673078263 0.373718675464133 0.37379860127278 0.374016787455586 0.374006853103508 0.411423819760178 0.46463010485992 0.545472930621645 0.648113077818335 0.779213953600343 0.820620658777456 0.889893659997521 1.248793112468 1.49720202464014 1.77243869844507 1.95709487704295 1.99118862128 2.01502229697759 2.00532596846777 1.9991874659228 1.99033674745744 1.99208434154932 1.99455227012353 2.00978577848004 2.03785376817804 2.05266133962327 2.12756986200631 2.19673449986513 2.26586155505529 2.37466964455406 2.81224465556121 3.17159760556665 3.21619570568934 -9999 -9999 -9999 -9999 -9999 -9999 -9999 -9999 -9999 -9999 -9999 -9999 -9999 -9999 -9999 -9999 -9999 2.99594873988681 2.99393180333631 4.37786972965758 2.52736176347131 2.3045779675354 2.00360342948831 1.97847941550066
0.374811166058909 0.374708177019271 0.373733157319117 0.374007134973523 0.416333870142787 0.423277017623404 0.436843985176739 0.471091818355224 0.648755115074315 0.779051095369558 0.916418254769929 0.992283256069926 1.00260157774578 1.05745348262983 1.60517076787256 1.83495746773223 2.0244430192507 2.02666039670062 2.02231333469428 2.00572685026663 1.99990153662701 1.99948186349383 1.99214071555229 2.00857060552726 2.01831704426194 2.04251401908974 2.06986793808353 2.13352671498618 2.19246260319607 2.2644584687593 2.26933168812664 2.3720576490834 -9999 -9999 -9999 -9999 -9999 -9999 -9999 -9999 -9999 -9999 -9999 -9999 -9999 -9999 -9999 -9999 -9999 -9999 -9999 2.96695997480706 2.87837136103807 2.46295759697391 2.3359031218491 2.23212484617035 1.95349320463136 2.1320421995748 4.02609595116176
0.418411878529824 0.373718374802784 0.37411167743013 0.418746176367401 0.430983844930842 0.474190509384816 0.534526352001643 0.719146200686501 0.885333629535538 0.964762720578486 1.01978312109361 1.06346044583456 1.24121394095839 1.30972088211595 1.90403441269754 2.03801036263072 2.01391360825263 2.00579575182581 2.01387602558399 2.01343756111649 2.01415789559881 2.01695154063459 2.02810106566526 2.04192522394767 2.04744361246004 2.07384543718155 2.15049528987837 2.21894585703297 2.28350035420494 2.35802678612345 2.35739414453463 -9999 -9999 -9999 -9999 -9999 -9999 -9999 -9999 -9999 -9999 -9999 -9999 -9999 -9999 -9999 -9999 -9999 -9999 -9999 -9999 2.88197303344966 2.72015458983034 2.31989916878541 2.24445822526327 2.06302789239056 3.89268374125823 4.0868358074665 2.38199826493939
0.416775779688244 0.411965824479787 0.421931996550463 0.441943326933744 0.516835563493706 0.610291759229738 0.746878451877961 0.92340549924842 1.03353837781685 1.07553074624697 1.28392038009273 1.37154437203322 1.43714492014908 1.76130796474872 2.06597813187901 2.03976422050071 2.01480306474384 2.00702971611291 2.00811334972544 2.01297404153656 2.03487847357716 2.05635070492837 2.07727172380614 2.09062609873052 2.10471959947154 2.1396088435282 2.20628676147848 2.28079440206267 2.37996880083269 2.44504945536566 -9999 -9999 -9999 -9999 -9999 -9999 -9999 -9999 -9999 -9999 -9999 -9999 -9999 -9999 -9999 -9999 -9999 -9999 -9999 2.62319756851024 4.16271521545614 4.02223120006967 4.05730835746954 3.93220818111415 2.05261749317652 3.95646152994492 3.97763936372509 2.31309044198297 2.27310248254712
0.425926157298248 0.430483556973426 0.480002042712602 0.559709871881317 0.640486301595107 0.89402837992603 1.03224177574867 1.30236720661819 1.43485864113998 1.52073503898859 1.74668830664671 1.92169200318151 1.98759321264652 2.08082954977099 2.05958281443164 2.04213192862521 2.03219131276921 2.02775655786937 2.02744336896401 2.04271445998917 2.07734062536532 2.10270266292105 2.11719704546092 2.13233659714583 2.14449459045175 2.1852780497072 2.24938155485546 2.31416154803929 2.39334196709139 -9999 -9999 -9999 -9999 -9999 -9999 -9999 -9999 -9999 -9999 -9999 -9999 -9999 -9999 -9999 3.00032085700557 2.47369371264951 4.50957192813788 4.25936531164899 2.29584626085407 3.70089311939634 3.52468051368686 2.26799123961171 2.28606850322886 2.33393003174536 3.91969941623423 4.29181168224387 2.26137042615249 2.36156582075397 2.34761638690942
0.433626282363111 0.452689464654318 0.590804519160679 0.691748435245961 0.98563550836484 1.36395267296739 1.46120409185853 1.63780505181065 1.90040768517352 2.04243885375245 2.10311607227612 2.11935804890788 2.08455023396662 2.06860265490589 2.07082629613392 2.06137425497028 2.05351947722395 2.05514179575369 2.05454673683352 2.07704622779429 2.11074535401059 2.12981855834677 2.14419392910261 2.16148822045636 2.16894211640384 2.21551330663027 2.277831635018 3.96429125257882 -9999 -9999 -9999 -9999 -9999 -9999 -9999 -9999 -9999 -9999 -9999 -9999 -9999 -9999 -9999 2.56746247091309 2.5204841351097 3.91262761075129 2.45653096063601 2.43909260238579 2.3652865049496 2.19258787875821 2.15135342747905 2.439455901516 2.44313900304299 1.89686238676489 2.0556742168928 2.56292749556354 2.52278294167501 2.3913250305409 2.38291904032114
0.440746945315285 0.560210974129886 0.840388516105714 1.78485977043149 1.58721251603945 1.71274489308423 1.82812994959547 2.02980481331039 2.11980277715349 2.15824358339688 2.18681267534345 2.17432270179785 2.13835608790677 2.10373618630872 2.1095239172797 2.0994956085302 2.0935951295533 2.0883210283871 2.09663932571336 2.12437533517168 2.14030412289809 2.15778632759506 2.17947779118001 2.19240622919311 2.19231853629961 2.25146739296513 2.34328185245929 -9999 -9999 -9999 -9999 -9999 -9999 -9999 -9999 -9999 -9999 -9999 -9999 -9999 -9999 -9999 2.9549460483976 2.49932509266385 2.44334570772052 2.25862689134157 2.20953766231608 2.24071248595521 2.41555958803734 2.41071142378243 2.3893957868839 2.53060013675269 2.05266133962327 2.04218203885006 2.07370763406319 2.26969498725685 4.42714060824819 2.74187110852772 3.93409357832439
0.516572484813207 0.7317708454614 1.85247099131974 1.93542846857043 1.89728205989807 1.98241306815193 2.0702813474386 2.15681544198845 2.22063081334379 2.22217796653624 2.21186152399382 2.18683146667777 2.16448857016967 2.15237442331051 2.15612642639667 2.15068946699969 2.14621712943121 2.1272065628761 2.13771718253985 2.16016029949765 2.17534996140742 2.19720428322316 2.22455193843884 2.24219073758849 2.2442264654733 2.30497884933425 3.96748577941345 -9999 -9999 -9999 -9999 -9999 -9999 -9999 -9999 -9999 -9999 -9999 -9999 -9999 -9999 3.13896332162855 2.99829139289887 4.0229640621082 2.27204390404702 2.15481729677228 2.13438485258686 2.26685749577433 2.29591516241325 2.32831768656138 2.15516180456817 1.76197192522808 1.75685441851456 1.84899459447029 1.85458188454184 2.11702165967392 3.97153844384875 2.78862394831926 4.15215448556754
0.675253401978673 1.63911418143504 1.95908675848102 1.9992814225944 2.02700490449651 2.13305066785004 2.20802809179226 2.27916581975482 2.28579916077026 2.25633434855437 2.24236612337549 2.22443292665481 2.22549150515491 2.21216844912107 2.21458626747042 2.20405685647235 2.19821901527651 2.1838686996331 2.183336278494 2.19885165686533 2.2158953970948 2.24363140655313 2.27839537504764 2.29161194685366 2.30209751140498 2.39622330502066 -9999 -9999 -9999 -9999 -9999 -9999 -9999 -9999 -9999 -9999 -9999 -9999 -9999 -9999 2.83272094619338 2.56396728272932 2.72256614440158 3.71944016637152 2.20292937641307 2.11481054600211 2.17553787475063 2.23319595222667 2.22244730899485 2.0080757670568 1.89329203324383 1.61335752585856 1.62348605505778 1.59247408964943 1.61059519971332 1.80682057647505 2.18651201399431 4.39540830835752 4.67557457553275
1.42521242285502 2.01741506021451 2.06379207331962 2.07543643682076 2.09294996040826 2.18614871486409 2.27338435256194 2.33057891045805 2.32883758014427 2.31931663742145 2.3089751397666 2.29756879983353 2.28755928241836 2.27330918722466 2.27239467562102 2.26170867017027 2.26552331103751 2.24673824049426 2.23977291923914 2.25665380123783 2.26735233424479 2.28969523075288 2.3126707688498 2.34770407980292 2.45626788195551 2.5055262329899 -9999 -9999 -9999 -9999 -9999 -9999 -9999 -9999 -9999 -9999 -9999 -9999 2.85017183199982 2.76997668089437 2.29638494577129 2.2663939761944 3.78427026978021 2.03770343750347 2.12512698854454 2.11695275811475 2.09658295171039 2.17838163001127 1.93123173723866 1.84712798859437 1.75744947743474 1.8421420212211 1.53593096467646 1.48419842128976 1.53338160698686 1.84024409645464 2.06511999427833 4.51571669446096 -9999
2.12170696569805 2.17751722863248 2.13570024598935 2.14906714846995 2.17801833088105 2.26854871586325 2.33629147609174 2.38177903270565 2.37250864110711 4.03850449559197 2.45606744105608 2.42807461669536 2.38574400424745 2.3651111191626 2.3547320388391 2.34105821123126 2.34029403030219 2.33108001270662 2.31730596464907 2.35041003194519 2.36325704084289 2.36995928341751 2.43059891927253 2.54171207911472 2.61343233844124 -9999 -9999 -9999 -9999 -9999 -9999 -9999 -9999 -9999 -9999 -9999 -9999 3.22185189732006 2.81867755567722 3.87442482807597 2.29062226991274 3.67559371962168 2.03690793768387 1.8169804245648 2.09616954235532 2.00268891788467 1.94933405596823 2.08574661558508 1.79954833009269 1.68322997064348 1.66131927482478 1.67556937001847 3.38543046258749 1.48595854293786 1.62904202623879 2.37024115343233 4.11392038400168 2.76808501990602 1.55046919366309
2.22762118971133 2.15965919724909 2.20671269838977 2.23082198032407 2.27637843849715 2.3421481086219 2.3914189872125 3.96544378775052 2.46777444233829 2.61694005418123 2.63743513614772 2.50791273244871 2.47956287273589 2.52263887477855 2.47032380002788 2.46507475397412 2.4902175592961 2.43335498163967 2.46282605763366 2.47906803426542 2.47829758955825 2.5431026378545 2.61628235747998 2.78499722079524 -9999 -9999 -9999 -9999 -9999 -9999 -9999 -9999 -9999 -9999 -9999 -9999 2.84263650693695 2.75166765748726 2.48105991570349 3.84377616179784 2.00133594181354 1.86925165286871 1.80588100975898 2.08781366236043 1.95711993215538 1.86819933814672 1.90710366397003 1.85783904915754 1.74864886919423 1.64495828640898 1.65643352790122 1.76215983857129 1.71065279119645 1.91497096927258 2.09797351045017 2.33584674784614 2.24978870043243 1.62593519229766 1.19214976704532
2.29136139572938 2.27754350122507 2.31684870884725 2.32928230838988 2.3660757409911 2.38456015018521 3.93189499220879 4.09816698206228 4.4035762750092 3.39791417235498 2.79755609590001 3.08877166765621 2.50972296432167 2.85497614980798 2.61259925595299 2.57465955195817 2.5609606692379 2.60542723002034 2.61871270338554 2.62426241078845 2.64151911947356 2.75227524396365 2.71030166686784 -9999 -9999 -9999 -9999 -9999 -9999 -9999 -9999 -9999 -9999 -9999 -9999 -9999 2.80306822063428 2.0419502790601 3.81899665560607 3.59989596119715 1.7933972999915 1.70092514379609 1.69769929807093 1.89460116286822 1.70970696070227 1.69525642460915 1.79340982754771 1.87548411208529 1.83689297516733 1.73404800242654 1.73077204647652 1.74248531153683 1.79999305833829 1.92161683784423 1.8604447808501 2.07108311103631 1.93008546584505 1.51762820504746 1.18721390989691
2.34390196649189 2.36619475277513 2.40335774828467 2.42998506901804 2.44575099851366 2.43455762703623 4.14258969639797 2.97048021810326 3.51066217828312 2.98273216808078 -9999 -9999 -9999 3.03279854649099 2.95971904731523 2.98857627305473 2.98969122555779 2.99824128267401 2.76336213121325 2.79292090010075 -9999 -9999 -9999 -9999 -9999 -9999 -9999 -9999 -9999 -9999 -9999 -9999 -9999 -9999 2.7372797591752 2.7045452547874 2.69348342265023 3.84475957496066 3.83277070366363 3.47429468259319 1.58399293409239 1.66613612018915 2.04776932892161 1.74509104322939 1.22422657473188 1.25524480391834 1.71132301545391 2.03168394674253 2.01471537185034 1.88438494077551 1.84271828880695 1.86297534720538 1.8980149219366 1.81471920066813 1.74236003597469 1.72922489328406 1.62264670879142 1.42850717013936 2.3896588655644
2.38873809018266 2.42732922710062 2.46498706108062 2.50353435155183 2.48089079369459 4.0897422005082 4.36596855125406 2.99160167788046 3.15020680333083 -9999 -9999 -9999 -9999 -9999 -9999 -9999 -9999 -9999 -9999 -9999 -9999 -9999 -9999 -9999 -9999 -9999 -9999 -9999 -9999 -9999 -9999 -9999 -9999 3.22975052151314 2.71003232440924 2.62187591132964 4.21552512867726 4.19454773579652 2.34818012693906 1.9988429581269 1.86794878702243 2.26469022854926 2.00550135425477 1.32961464138416 1.10575973939193 1.13408454399233 1.73718615525821 2.08198834872081 2.12862844050642 2.07155289439434 1.93432604362357 2.04607810883269 2.03330000149417 1.8655434962293 1.53646338581557 1.52817014360174 2.46340232521952 2.42083995298164 -9999
2.4343509223587 2.46371551412487 2.50622151235979 2.5517215965299 2.57760979144662 4.36040005251683 2.92866949923824 2.93817165062674 -9999 -9999 -9999 -9999 -9999 -9999 -9999 -9999 -9999 -9999 -9999 -9999 -9999 -9999 -9999 -9999 -9999 -9999 -9999 -9999 -9999 -9999 2.97757707869862 2.91926130452134 4.87238248365844 4.02634023850794 4.25080899075467 2.57265514296389 2.52571438982914 2.32779779297849 2.0268169911533 1.25773152382686 2.2333087002326 4.05078776446003 1.71594568369696 1.15830657393256 1.09537439529033 1.15560688556839 1.94671579671946 2.09533645986708 2.18887345834069 2.1699631122353 2.16274097607779 2.29573351284815 2.20613643080391 1.79523258697688 1.49369430890016 1.29573386560276 2.65966528464989 -9999 -9999
2.43212728113067 2.48138563216506 2.58643545479956 2.65092731419046 2.79471860441749 2.95205218291211 3.44208633556638 -9999 -9999 -9999 -9999 -9999 -9999 -9999 -9999 -9999 -9999 -9999 -9999 -9999 -9999 -9999 -9999 -9999 -9999 -9999 -9999 -9999 -9999 3.41307877915231 2.5019245605783 4.41775746864372 3.06838306991753 4.30286098682483 4.24779611348514 2.37252116866332 2.1792084487214 2.04034675186468 1.25151159216649 1.05204784212338 1.28256114024348 1.74222849663444 1.20015487546622 1.09095843172481 1.08592861790479 1.27194403635192 2.09142786232823 2.22597381606916 2.25243827857174 2.25334652639727 2.49328681056858 2.5211919420358 2.22727041813733 1.82562443835262 1.39260319402936 2.53440225006372 -9999 -9999 -9999
2.4233517280026 2.52404822485265 2.6196460063235 4.30363769531011 4.9312056238624 2.99608027922705 -9999 -9999 -9999 -9999 -9999 -9999 -9999 -9999 -9999 -9999 -9999 -9999 -9999 -9999 -9999 -9999 -9999 -9999 -9999 -9999 -9999 -9999 -9999 3.39558404689913 3.23785585038375 2.92962785728863 2.72339296311172 4.23319524671745 3.97232141611214 2.10347937140633 1.81344765371238 1.16929324073244 1.05236103102874 1.02895955602054 1.07459744330901 1.07009378684999 1.04369196212849 1.04057886440925 1.11219263950794 1.70539748136458 2.13288780961926 2.11540560492229 2.14117478805498 2.31017152138506 2.61184133880203 2.64301616244117 2.18810301363351 1.61146586487021 -9999 -9999 -9999 -9999 -9999
