raw_data/Abundance/Anisotremus interruptusGrid_precio_Teorico.asc
NCOLS 96 
NROWS 96 
XLLCORNER 0 
YLLCORNER 0 
CELLSIZE 0.0104166666666667 
NODATA_value -9999 
[rows 52 to 77 of 96, columns 0 to 58 of 96]
2.4250241567572 2.50766844510253 2.61596916857462 2.72153262101391 3.42343280436338 2.98261315629675 -9999 -9999 -9999 -9999 -9999 -9999 -9999 -9999 -9999 -9999 -9999 -9999 -9999 -9999 -9999 -9999 -9999 -9999 -9999 -9999 -9999 -9999 -9999 3.28807882324664 3.1125176504603 2.72655617105582 4.19689038880859 4.04490607681744 2.09710284529328 1.85638585263669 1.19480560896274 0.968765901166746 0.94941333232699 0.96048142824227 0.962916785170318 0.964093749076646 0.957380858079246 0.974906282845156 1.21471815956527 1.93327372890158 2.15798050471638 2.15095254568019 2.16736364432084 2.40477962591499 2.58656699413981 2.53226630172919 2.12946778677277 2.47673790880957 -9999 -9999 -9999 -9999 -9999
2.40840635343901 2.48787490628403 2.62771375252547 2.75503130633078 2.84407717590159 -9999 -9999 -9999 -9999 -9999 -9999 -9999 -9999 -9999 -9999 -9999 -9999 -9999 -9999 -9999 -9999 -9999 -9999 -9999 -9999 -9999 -9999 -9999 2.72525956898764 2.72954399321291 2.71572609870861 4.23129732195099 3.99824719369751 2.15658368219849 1.83382372389484 1.17365909407311 0.916646256293028 0.835626791988682 0.813974790205802 0.791852378687078 0.822459704029706 0.871206304392741 0.872239201402605 0.895812930308749 1.68291678173812 2.05302463875349 2.15883864231705 2.26187152840106 2.29083523836838 2.44760507683336 2.4949717668794 2.4596002119085 3.60968624637857 -9999 -9999 -9999 -9999 -9999 -9999
2.42743571132844 2.53613105282128 2.72916816652648 2.86264301421109 -9999 -9999 -9999 -9999 -9999 -9999 -9999 -9999 -9999 -9999 -9999 -9999 -9999 -9999 -9999 -9999 -9999 -9999 -9999 -9999 -9999 -9999 2.71999173159955 2.72162031390741 4.28230326707726 4.31073455590548 4.27265078501419 2.43701929183233 2.21715441649433 2.0462597583978 1.52903454498052 0.809284473159191 0.790384149098769 0.800734416042973 0.78939948318033 0.772187247319777 0.765235079998685 0.783946864338083 0.800452546028153 1.10434412553972 2.01615604081498 2.14740098349345 2.23863291162365 2.28791631777046 2.2533715815097 2.37152522794429 2.46089681397667 3.88611303802386 -9999 -9999 -9999 -9999 -9999 -9999 -9999
2.46658432449793 2.62161283264914 2.86744106824114 -9999 -9999 -9999 -9999 -9999 -9999 -9999 -9999 -9999 -9999 -9999 -9999 -9999 -9999 -9999 -9999 -9999 3.16201402506275 2.92992851863777 4.31621536174921 2.72190844770033 2.72950641054427 2.72665639150553 4.28031764941731 4.28745209268132 4.18302864785753 2.46116615643528 2.32373260098697 2.27403578548509 2.06846485178753 1.87409981712362 1.10420005864326 0.792134248701898 0.767134257520764 0.796369189080122 0.802840924620397 0.795371995605468 0.777326050878858 0.758423221307193 0.79043801759049 1.70807211461632 2.11058249577981 2.22289830101856 2.31060998585256 4.24005408374474 2.23764949846083 2.38114639111683 4.19548103873448 4.23010094033253 -9999 -9999 -9999 -9999 -9999 -9999 -9999
2.55212247832876 2.68925537242792 2.81862744545236 -9999 -9999 -9999 -9999 -9999 -9999 -9999 -9999 -9999 -9999 -9999 -9999 -9999 -9999 -9999 -9999 2.96102817693961 4.40974609644471 4.32019286084723 4.13726548500692 2.582426636811 2.68605458181518 2.71340850080897 2.44537517182723 2.41318561613474 2.38410289438339 2.33957995959798 2.20928084741369 2.14783318418284 1.80288692382378 1.33423104584911 0.918326827959168 0.888923400768728 0.920549842809385 0.876494185870771 0.832733552881003 0.833125039012698 0.835644956945192 0.876006237556227 1.00325301066892 1.94884548127588 2.18607981330492 2.29323426538341 2.26944443613257 2.32351963253133 3.94176670650561 4.07782849454846 -9999 -9999 -9999 -9999 -9999 -9999 -9999 -9999 -9999
2.61355135022528 2.74517838336828 -9999 -9999 -9999 -9999 -9999 -9999 -9999 -9999 -9999 -9999 -9999 -9999 -9999 -9999 -9999 3.14993746087223 4.30760893063003 4.34142706863036 4.28680692353628 4.28035523208595 4.26848537257296 4.20607308751362 4.06490005653537 2.55016191578123 2.37987484416108 2.30881854531392 2.28085703984374 2.28938204184753 2.03989575984096 1.89575369803993 1.33252729820397 1.15075872131348 0.923143673323543 0.919207515161029 0.919367867880571 0.90345975062192 0.888900851167542 0.89763506336011 0.919064701020186 0.994711722842056 1.15434786616886 1.96319579691929 2.19023896196804 2.31722453553367 2.36083295871544 4.05520372802555 4.14750676221206 -9999 -9999 -9999 -9999 -9999 -9999 -9999 -9999 -9999 -9999
2.64949290900393 2.75275129109979 -9999 -9999 -9999 -9999 -9999 -9999 -9999 -9999 -9999 -9999 -9999 -9999 -9999 -9999 3.07421464733526 2.9757104728227 4.33630956191685 4.21553139245537 2.48548840682522 2.49601155404518 2.47631197189829 4.08734943727128 4.2672889909545 2.50835119691621 2.34928255188591 2.26945069991067 2.30231047986062 2.10531465839172 1.76502238516624 1.31465047548626 1.14948717435773 1.06937345236768 0.960444471951438 0.935589174044578 0.919303977343878 0.903719697413365 0.907641448886233 0.921140517084886 0.939450166869807 1.00245751084932 1.07098324334121 1.85349825092931 2.12730051954771 2.29686099290743 2.42831264026344 4.12422429898789 -9999 -9999 -9999 -9999 -9999 -9999 -9999 -9999 -9999 -9999 -9999
2.66712544437547 -9999 -9999 -9999 -9999 -9999 -9999 -9999 -9999 -9999 -9999 -9999 -9999 -9999 -9999 2.71507466578547 4.30453967935754 4.2910475013148 4.26171422843916 4.20997542127436 4.2648273261584 2.59824267653148 2.3747886563381 4.05997672694317 4.1200964692153 2.52514438602139 2.37485755789728 2.37749460848038 2.15112166768908 1.35892285914738 1.19543198677345 1.13280673325847 1.09373954920437 1.058399313124 1.01093240262825 0.975990542835498 0.957425330903807 0.943410753766938 0.944129209115825 0.944866455799033 0.947710211059665 0.98181648285293 1.00276443597657 1.76279874393822 2.0879702568131 2.24674450427237 2.41804630794587 4.16985592249826 -9999 -9999 -9999 -9999 -9999 -9999 -9999 -9999 -9999 -9999 -9999
-9999 -9999 -9999 -9999 -9999 -9999 -9999 -9999 -9999 -9999 -9999 -9999 -9999 2.67714122556875 4.26019213035913 4.26261621248659 4.23656515933908 2.51586146686664 2.49593012492979 2.49683210897721 2.36025669112958 2.27722404854161 2.31229494216337 2.27616547004151 2.18649322265998 2.34990266591851 2.30729644723389 2.17835657489884 1.74495324011103 1.0832915673217 1.09603835576968 1.11435990673301 1.09670231624904 1.07568734069965 1.0492479333095 1.02349127773303 1.00535764011292 0.971640348940104 0.973144282063623 0.966832272865079 0.872482235993161 0.954154385976269 1.04127414377914 1.52895311586513 1.86432205949841 2.00233814631068 3.8338919199448 -9999 -9999 -9999 -9999 -9999 -9999 -9999 -9999 -9999 -9999 -9999 -9999
-9999 -9999 -9999 -9999 -9999 -9999 -9999 -9999 -9999 -9999 -9999 2.70499624681111 4.32164605736808 4.13650756785596 3.97268471524236 2.36368297775418 1.97978854512505 2.41949324068861 2.41907356755543 2.47432009046023 2.41891070932465 2.32256753825905 2.24380679234013 2.16958728554887 2.12863470428452 2.07930745169096 1.91093083239348 1.71935317898724 1.1361766458801 0.969043386536892 1.10264664167269 1.13461070135332 1.11225527728902 1.09912013459839 1.08512059052897 1.06034734811532 1.01733398385373 0.993031151175916 1.01207867402186 0.965862013636286 0.902923571215951 1.0506510196055 1.34549331888571 1.48771866458596 1.76267973215418 2.12005332827777 3.61122087201482 -9999 -9999 -9999 -9999 -9999 -9999 -9999 -9999 -9999 -9999 -9999 -9999
-9999 -9999 -9999 -9999 3.18290372505 3.02124187588335 2.77905289537158 2.75612746749953 2.93349260838072 3.17200475114361 2.96661546701117 4.26169543710484 4.18267787628353 2.37651745909566 2.33483827957089 2.2546055457968 2.1615195393469 2.39289723884578 2.49993894291834 4.2603424610337 4.22062384405646 2.51912489526045 2.29034039989792 1.8614094026786 1.90666519950253 1.84863129534007 1.71102861788288 1.03003066207686 0.658176463725233 0.762348104669114 1.19117888143872 1.144707911662 1.13018221023159 1.12671834093835 1.10751359726193 1.07039444819914 1.04316580476749 1.04060391952168 1.06404924097662 1.12108094064195 1.34695277918467 1.49411398203333 1.5951737780136 1.68664999348997 1.88720990470182 2.04926010811111 1.8637896383593 -9999 -9999 -9999 -9999 -9999 -9999 -9999 -9999 -9999 -9999 -9999 -9999
-9999 -9999 3.23291999323534 3.12582191515982 4.52069013427801 4.36211632771818 4.31015828831962 2.73638403890589 2.77030239735594 2.81715545759719 4.3135657836099 4.21066443686614 4.24601720050272 4.14518290053431 4.21556897512402 3.94908906311284 2.31287747352733 2.29031534478549 2.34315031311904 2.30828612417481 2.2813518783142 2.05314991431563 1.66025443254657 1.71137938945687 1.71411666048969 1.6727757249827 1.04052249040628 0.582040867211008 0.557966662434106 0.99719593723934 1.25903438967314 1.14897354455295 1.14961871369798 1.12932407263092 1.09600077310104 1.09630769822829 1.04725605187144 1.08688071217707 1.52485660498307 1.80506671860506 1.76106367740255 1.88400285031098 1.86935813709653 1.79896579872872 1.82065726231368 1.81958615625736 -9999 -9999 -9999 -9999 -9999 -9999 -9999 -9999 -9999 -9999 -9999 -9999 -9999
-9999 3.26427020266148 3.17376487279171 4.44326357309591 4.25637122571379 2.57631945315656 2.5159115770915 2.50191829680019 2.65380238834162 4.22284748528449 4.16859063932062 2.6898504313481 4.2546173678438 2.39076129051125 2.15045144343162 2.19567592136502 2.11036952732416 1.84484170958527 1.70587979227882 1.75865838660941 1.77986127550201 1.67776169235597 1.54717444637874 1.60996882190261 1.5781112464498 1.09391493499137 0.693414600222454 0.624419710750346 0.78003826679924 1.31088594484388 1.29528287357904 1.18589851649442 1.18413839484632 1.13455432735036 1.06488858724298 1.11476078853186 1.14445736053772 1.43840393954861 1.99355006562639 2.01899353229751 1.73965408383241 2.75857660473941 1.63213633262371 1.72245374915026 1.50544515662911 1.43526578671695 -9999 -9999 -9999 -9999 -9999 -9999 -9999 -9999 -9999 -9999 -9999 -9999 -9999
3.1821144890085 2.99563555098145 2.69342078486915 2.68845987260832 2.60312842345503 2.5111573695082 2.48686643800879 2.47352459064062 2.47479613759637 4.13361996614857 4.30645639545832 4.28878627741813 4.03778416110965 2.06635395856544 1.30020620317124 1.30380787558283 1.55000567408316 1.50251997225309 1.25599645729119 1.27554570876351 1.27657296837308 1.26752180900829 1.23528214309095 1.33860942674599 1.28747820605757 0.729186410614402 0.710401340071152 0.767309643307763 1.20976351108254 1.59236760542161 1.36291288580161 1.30348842289937 1.24367560575449 1.1993405843123 1.13635829544521 1.35809604043724 1.5015616142027 1.88927695147717 2.18911774568687 1.84987152340528 1.41709456642819 0.75179614406986 1.14990684749091 1.67043307197064 1.14376208116783 1.31792643143628 -9999 -9999 -9999 -9999 -9999 -9999 -9999 -9999 -9999 -9999 -9999 -9999 -9999
3.21991012610686 3.10793256488589 4.28735813600971 2.68656821161997 2.60657350141395 2.56331584980618 2.56244518464929 2.50608997301954 2.22529732803359 2.11982156848781 2.29071622658434 2.14187633120297 2.01795374513172 1.26765334834854 1.03678927865444 1.08367992156434 1.16618640679131 1.14768947004099 1.0897182036596 1.03836775073744 1.02572744651727 1.0384241247404 1.09345767918955 1.24373197975745 0.980734101996019 0.682672847146556 0.68485890570594 0.795797932516752 1.5853271188292 1.66444490010023 1.65260635947777 1.58017202944705 1.52357879424922 1.39427562278396 1.38068322429151 1.72701377961224 1.981774162785 2.12659897639971 2.13282517183819 1.79844590514583 -9999 -9999 -9999 -9999 1.67613937382622 -9999 -9999 -9999 -9999 -9999 -9999 -9999 -9999 -9999 -9999 -9999 -9999 -9999 -9999
3.23826299596072 2.70538460105375 2.78842350741983 4.26842273479189 2.67917695345356 4.28596131349182 4.27667213055896 4.15808628343498 2.03410802886999 1.7925203710565 1.74823545983916 1.54242023879544 1.23923458707654 1.04211349004549 0.909652748036429 0.903590663584359 0.958181368921336 0.974626291963767 0.942584561434609 0.88566936804208 0.803008793873668 0.860120669898761 0.916891170017016 0.892161147672298 0.72855063713653 0.688495028897123 0.743072580300075 1.30033774251149 1.69357146829833 1.7389400131282 1.69694764469807 1.67617069271676 1.6444446566042 1.51815436240846 1.66763942693486 2.12949910566331 2.1575608315832 1.88227404755341 1.72220946180408 -9999 -9999 -9999 -9999 -9999 -9999 -9999 -9999 -9999 -9999 -9999 -9999 -9999 -9999 -9999 -9999 -9999 -9999 -9999 -9999
3.27868941986407 3.27319608646412 4.71684660948056 4.33772517576906 4.30612441521864 4.24024199708796 2.52405448863075 2.24009863570071 2.09705273506843 2.0159931825842 1.79658556304802 1.24578023519848 1.13680302369082 0.962793388741608 0.755058319708048 0.721411809227846 0.754711306400914 0.846534535184419 0.81497574194732 0.769815780928421 0.733307350231076 0.753342044506698 0.787223446665917 0.7708436669158 0.747799227259708 0.794377307642058 1.17468635368267 1.61861283569044 1.76080059872205 1.79928525141219 1.77547663082703 1.75080987264119 1.76150840564815 1.85388034139384 2.0789065698921 2.21600188132262 2.2535469672967 1.83776364032422 -9999 -9999 -9999 -9999 -9999 -9999 -9999 -9999 -9999 -9999 -9999 -9999 -9999 -9999 -9999 -9999 -9999 -9999 -9999 -9999 -9999
-9999 3.28311164720769 3.03048094859135 4.31530085014557 4.01712622091237 2.22103169514264 2.1935462368086 2.17404709556114 2.1240370911539 2.07709633801915 1.81109873692221 1.06426220943227 0.952059152199438 0.780304477368793 0.684261341274521 0.686178057375299 0.745454068736402 0.777492040998696 0.768941357504668 0.74250508200357 0.736704823476378 0.754750768202989 0.783207112143632 0.757020135011198 0.792709889909943 1.01547364175591 1.32667066567382 1.70183339162162 1.81689899544941 1.8618478671461 1.86697790141583 1.85834015140611 1.90386529068865 2.1873826791512 1.87089276273278 2.23782488424783 1.97387553859193 -9999 -9999 -9999 -9999 -9999 -9999 -9999 -9999 -9999 -9999 -9999 -9999 -9999 -9999 -9999 -9999 -9999 -9999 -9999 -9999 -9999 -9999
-9999 2.95838486257841 4.2323621642292 4.11355082109336 2.29344097006094 2.21942816794722 2.20606752924473 2.18667487222509 2.13104625885576 2.08255208875045 1.3172436796226 0.953739723865578 0.844213179017921 0.691040628319856 0.589962041005271 0.605634013829284 0.745640729323994 0.768889994524189 0.750653004565311 0.727596663730816 0.732506839388986 0.800578447968106 0.784413515807063 0.790178070799045 0.977867797134202 1.22381942915492 1.71466787296311 1.88104008326631 1.97473993997071 2.00984841626111 2.01088193964879 2.04977373791589 2.20616774969445 2.29148667129152 1.73600230119596 1.81089829602279 1.73044006623684 -9999 -9999 -9999 -9999 -9999 -9999 -9999 -9999 -9999 -9999 -9999 -9999 -9999 -9999 -9999 -9999 -9999 -9999 -9999 -9999 -9999 -9999
3.13113359899466 4.33564560143749 4.18464470260917 2.3977516668788 2.26913751100532 2.26659441709383 2.268241790736 2.21180514999085 2.13461661237682 2.0549726737448 1.20242862691911 0.89899931423184 0.793109518953177 0.692788222411743 0.56236070277625 0.585383219208967 0.659093480840115 0.752155684933209 0.714757171366842 0.694279001601237 0.755736686877049 1.08624807058826 1.00770655690309 1.06109900148817 1.23778139055569 1.68552251343069 1.97139508246151 2.06087315272171 2.10109913572563 2.13655211981192 2.11379581394876 2.1408428078153 2.38721599210262 2.38288772143061 1.83583439666723 2.03281142680181 1.79096695408593 -9999 -9999 -9999 -9999 -9999 -9999 -9999 -9999 -9999 -9999 -9999 -9999 -9999 -9999 -9999 -9999 -9999 -9999 -9999 -9999 -9999 -9999
3.16673691375552 2.58257696748557 2.52346569348869 4.01871095677347 4.08680448857596 2.46036439283756 2.33295914613876 2.22914328779136 2.13865048547781 2.13438485258686 1.15418500793807 0.817268284734526 0.745203517612117 0.746766330249844 0.750961808825992 0.607971655818861 0.499974725584962 0.595561858633036 0.628666552306972 0.648807104432604 0.899179084663515 1.12960594264574 1.08359222867084 1.28733413916111 1.77134253727633 2.02732435717998 2.12160674524834 2.17431643801974 2.21358406297328 2.26198427640699 2.3164540908265 2.4612726406631 2.55440875733785 2.32548019507886 2.18250945978386 1.91820934255396 1.54109858161483 -9999 -9999 -9999 -9999 -9999 -9999 -9999 -9999 -9999 -9999 -9999 -9999 -9999 -9999 -9999 -9999 -9999 -9999 -9999 -9999 -9999 -9999
4.11717754861738 2.11349515259962 4.1451703729781 4.23243106578838 3.93988757307348 2.33973029027255 2.29092293126188 2.18475815612431 2.09393337357108 1.94972867398898 0.992681632357539 0.78801832010771 0.747263047853738 0.729230883438963 0.733418845481383 0.56483364237294 0.46376820899238 0.459645390242274 0.507227554255196 0.61670774714486 1.09524911972819 1.42603297778705 1.50362866097805 1.84982767695853 2.05801686990486 2.16881057706359 2.25770611595983 2.30909415155063 2.3474284735662 2.4166682767623 2.48822567785803 2.60344787613849 2.48624632397618 2.34650769818446 1.95939994738637 1.29375451172091 -9999 -9999 -9999 -9999 -9999 -9999 -9999 -9999 -9999 -9999 -9999 -9999 -9999 -9999 -9999 -9999 -9999 -9999 -9999 -9999 -9999 -9999 -9999
4.16411830175214 3.97862904066601 4.15462867791985 2.32283061693954 1.90855686049088 2.32407084500475 2.29340965117041 2.08367330503162 1.80382649053985 1.16753938286245 0.91957833082497 0.793648203870389 0.758662497630885 0.734124773274055 0.721280896265407 0.576794326668485 0.590303416912109 0.500957512369969 0.453750548665664 0.648369266342916 1.54002121178041 1.70072470289666 1.81544579892856 2.07583105484151 2.24482778817159 2.32293710116737 2.38846874772405 2.42424744827191 2.46574497823158 2.54850827836095 2.62347943852506 2.67782397738243 2.50778119310846 -9999 -9999 -9999 -9999 -9999 -9999 -9999 -9999 -9999 -9999 -9999 -9999 -9999 -9999 -9999 -9999 -9999 -9999 -9999 -9999 -9999 -9999 -9999 -9999 -9999 -9999
2.19166083959836 2.09537404253572 2.02287081094581 1.79757523998894 1.84593160697591 2.12676183463049 1.98821332667912 1.65151646208713 1.10242740943895 0.972928808096738 0.871001478848638 0.78438407604996 0.751561878768654 0.753100262671763 0.651666519138504 0.609634688906301 0.609183070504778 0.592035351558728 0.583429546817356 1.03567432615137 1.96096589191315 1.99500326214724 1.97057452752947 2.24952562175193 2.38391498104017 2.43549092997419 2.49063096865117 2.53285509687126 2.52687945255706 2.50053400183852 2.57224173360882 2.55820460687077 -9999 -9999 -9999 -9999 -9999 -9999 -9999 -9999 -9999 -9999 -9999 -9999 -9999 -9999 -9999 -9999 -9999 -9999 -9999 -9999 -9999 -9999 -9999 -9999 -9999 -9999 -9999
1.69771808940525 1.7585581661597 1.92578851406357 1.9498351582168 1.98886475960226 1.83260855094206 1.55264898844436 1.13663390168192 0.940603954797138 0.897716492475502 0.81033929339243 0.797946408407494 0.800140609878418 0.570882572890986 0.603612066256306 0.608981376849728 0.609779382180575 0.617623511504121 0.752269059316948 1.82102056144389 1.94584513156257 1.84060739558485 1.89004113240624 2.13226143180855 2.24601790601194 2.38476059108463 2.53685765108171 2.57079480086608 2.43307311162485 2.3264009704606 2.39990014276954 2.3146062762849 -9999 -9999 -9999 -9999 -9999 -9999 -9999 -9999 -9999 -9999 -9999 -9999 -9999 -9999 -9999 -9999 -9999 -9999 -9999 -9999 -9999 -9999 -9999 -9999 -9999 -9999 -9999
1.62691234168237 1.8900098135157 2.01136425056304 1.95662509368492 1.72607421289618 1.17768670339598 1.06500133524891 0.907159764349795 0.790392918388119 0.764735856883548 0.74839992358018 0.766879321751804 0.769959221447074 0.653306376246948 0.625096825163725 0.616449053109036 0.617310322598765 0.701982822295183 1.42641506825159 1.77080385235912 1.97533499889088 1.97468356596774 1.94563842688503 2.07056948123153 2.14088039048394 2.30423972351761 2.39879145404458 2.44908332846664 2.32482249837761 2.23394134182141 2.13378979366668 2.06247667991713 -9999 -9999 -9999 -9999 -9999 -9999 -9999 -9999 -9999 -9999 -9999 -9999 -9999 -9999 -9999 -9999 -9999 -9999 -9999 -9999 -9999 -9999 -9999 -9999 -9999 -9999 -9999
