raw_data/Abundance/Balistes polylepisGrid_precio_Teorico.asc
NCOLS 96 
NROWS 96 
XLLCORNER 0 
YLLCORNER 0 
CELLSIZE 0.0104166666666667 
NODATA_value -9999 
[rows 52 to 77 of 96, columns 0 to 58 of 96]
3.23981449356401 3.20317531948269 3.15155129264212 3.05795771723533 2.94235359547992 2.68998246517272 -9999 -9999 -9999 -9999 -9999 -9999 -9999 -9999 -9999 -9999 -9999 -9999 -9999 -9999 -9999 -9999 -9999 -9999 -9999 -9999 -9999 -9999 -9999 2.74366063632699 2.73864488394583 2.74476831414677 2.39834857646456 2.62180827560221 3.38875555740278 3.58301000472853 3.90105394887236 3.9940692436521 4.01102269471502 4.01079439867611 4.01678833977981 4.01622644030362 4.01868491302336 4.00504851499966 3.87706726369031 3.59737341382833 3.46791031841218 3.37528921132605 3.31794738278192 3.21439510772773 3.00176776961647 2.99133583672212 2.83798746324828 2.78298839929483 -9999 -9999 -9999 -9999 -9999
3.24345994967515 3.22091376569536 3.17609441691673 3.10516143352745 2.98037346656196 -9999 -9999 -9999 -9999 -9999 -9999 -9999 -9999 -9999 -9999 -9999 -9999 -9999 -9999 -9999 -9999 -9999 -9999 -9999 -9999 -9999 -9999 -9999 2.7546178061218 2.7517446042653 2.75408216849063 2.36449419802876 2.64538673210419 3.33369148888244 3.55227584550341 3.90631931879037 4.00848257625927 4.03708952603751 4.05379023934437 4.06671964769859 4.05898826453108 4.04854645094257 4.05018690619258 4.03896113752738 3.69169764056695 3.53876269613852 3.44736627509258 3.36630037981664 3.32522789427349 3.20168281462692 3.05670702936838 3.0222130059944 2.35929123249497 -9999 -9999 -9999 -9999 -9999 -9999
3.23903183857867 3.21484233914793 3.12398155573315 3.12787402919847 -9999 -9999 -9999 -9999 -9999 -9999 -9999 -9999 -9999 -9999 -9999 -9999 -9999 -9999 -9999 -9999 -9999 -9999 -9999 -9999 -9999 -9999 2.75638072997583 2.75123496846089 2.31564976646837 2.32854667253914 2.33260815787837 3.13962945507468 3.28331554972613 3.43596187387757 3.67563631218001 4.03571454943868 4.050737364865 4.05596373204287 4.06616762891657 4.07460678180837 4.08222635712083 4.07223957550054 4.06730910911114 3.96648884599417 3.5767045617403 3.47418975957366 3.39371410576507 3.34420142725705 3.34296374030349 3.24653076541498 3.08711616575906 2.49658087776455 -9999 -9999 -9999 -9999 -9999 -9999 -9999
3.21070544851111 3.18802665521488 3.08795862494594 -9999 -9999 -9999 -9999 -9999 -9999 -9999 -9999 -9999 -9999 -9999 -9999 -9999 -9999 -9999 -9999 -9999 2.72219872852291 2.74593839635078 2.27507651599892 2.7877259321297 2.75562927718259 2.76490152860364 2.31456028992731 2.30869167762857 2.44280129948594 3.13570317923458 3.23465053077035 3.26220206640058 3.41345469263792 3.53643813282657 3.92441919039494 4.04481180856566 4.06104318889958 4.05925608334667 4.05980264174507 4.06651553335856 4.07573474105303 4.0827523740761 4.07092804335899 3.69451883876993 3.50290877722522 3.41107552548979 3.33019684336649 2.3914502918263 3.36141463656926 3.20214564714317 2.43362785500656 2.44591111796591 -9999 -9999 -9999 -9999 -9999 -9999 -9999
3.16425838537758 3.0847499995243 3.04306127068704 -9999 -9999 -9999 -9999 -9999 -9999 -9999 -9999 -9999 -9999 -9999 -9999 -9999 -9999 -9999 -9999 2.71578667804498 2.28393793855723 2.3148801123964 2.51721332729512 3.03553634202397 2.80533956957395 2.75837767027066 3.12593689310518 3.14799424274195 3.17509074640397 3.21676387414517 3.31632746897505 3.41975753544348 3.58241976326118 3.79329977861447 3.9980436228717 4.01765004031849 4.0121649549644 4.03403951175908 4.04574657423753 4.0503582582309 4.05105848742543 4.04625751013327 4.00250111603241 3.60738931749458 3.43936551299988 3.3457927390545 3.34229029299052 3.28940777773497 2.76349742995883 2.55257841186541 -9999 -9999 -9999 -9999 -9999 -9999 -9999 -9999 -9999
3.11267856164249 3.02831563473394 -9999 -9999 -9999 -9999 -9999 -9999 -9999 -9999 -9999 -9999 -9999 -9999 -9999 -9999 -9999 2.71888609579425 2.28147556556348 2.28745858589994 2.28941132308929 2.29127045370231 2.33972745804405 2.42693758498234 2.60203388635457 3.03267614108086 3.16076113967895 3.22248687621408 3.25600323090205 3.25650766634111 3.44099842772013 3.54651904105972 3.78805260997519 3.910305398832 3.99976962413173 4.00945816479914 4.01366396027686 4.02305686017405 4.03212187703586 4.03248070224508 4.02400514679583 3.99628589938302 3.94188981779203 3.57632753525234 3.40916439122325 3.31064346964627 3.25351225589886 2.64892298054295 2.48138020984322 -9999 -9999 -9999 -9999 -9999 -9999 -9999 -9999 -9999 -9999
3.00228000560356 2.94644888319393 -9999 -9999 -9999 -9999 -9999 -9999 -9999 -9999 -9999 -9999 -9999 -9999 -9999 -9999 2.73090153993801 2.73451319367436 2.27450707599298 2.38712358785417 3.07325459191565 3.06483780059486 3.0847395987936 2.59516680390842 2.31402205211346 3.08554305524035 3.196152226076 3.25639845866873 3.30475925625148 3.39450456129844 3.58612502357385 3.78546282803033 3.90297808405227 3.94347072885877 3.99159959014686 4.00705195575118 4.01581483138608 4.02407275154539 4.02725537514028 4.02075881872539 4.01006530745388 3.98963775231815 3.95780033558378 3.59499424668019 3.40798390828855 3.300234938396 3.22362575622597 2.52811589325374 -9999 -9999 -9999 -9999 -9999 -9999 -9999 -9999 -9999 -9999 -9999
2.94585344136122 -9999 -9999 -9999 -9999 -9999 -9999 -9999 -9999 -9999 -9999 -9999 -9999 -9999 -9999 2.74448489423514 2.30210541491137 2.3126985591316 2.3226676595097 2.37532655905515 2.30969014777598 2.89881873694302 3.1456592786993 2.59230140259995 2.5067995956795 3.09261555211787 3.19516935702464 3.25688209264639 3.42226151136005 3.76567543786931 3.87651082459774 3.90608530234957 3.9218918128343 3.94611511463982 3.97412688260363 3.99224313535906 4.00235914605832 4.0088622029299 4.00503629414108 4.00016043158787 3.99415634977173 3.9842163714396 3.96861605544104 3.6155902936533 3.40610397621412 3.28955078778213 3.23886282670476 2.48167143030289 -9999 -9999 -9999 -9999 -9999 -9999 -9999 -9999 -9999 -9999 -9999
-9999 -9999 -9999 -9999 -9999 -9999 -9999 -9999 -9999 -9999 -9999 -9999 -9999 2.70636361602875 2.29535274050294 2.31709806821865 2.33366903241 3.06042529059444 3.06863926766653 3.07060500576925 3.16368374500628 3.21725790885353 3.25795856827407 3.28883573754635 3.31293423058344 3.28044754823499 3.31882364434358 3.41368870907872 3.60961507386486 3.92487682254584 3.92069572880354 3.91878979490235 3.92922952834473 3.94298449469844 3.96079054566068 3.97389052599842 3.98227923534631 3.9847309475911 3.97786906551029 3.97685343415722 3.97076978675121 3.9545319059606 3.87528353837488 3.56342542881621 3.38797550260011 3.31028724461972 2.49908745386379 -9999 -9999 -9999 -9999 -9999 -9999 -9999 -9999 -9999 -9999 -9999 -9999
-9999 -9999 -9999 -9999 -9999 -9999 -9999 -9999 -9999 -9999 -9999 2.70377383408389 2.2704611917498 2.27173008089548 2.58268332688305 3.08742558749745 3.16166340306737 3.12883609678843 3.12126176465452 3.10647192559593 3.13707867586995 3.19294360065436 3.25442752020066 3.37537501735434 3.42119283628039 3.47530783812415 3.5500214871237 3.62834939004228 3.91283017620997 3.97293001851807 3.92241964991744 3.91604660217964 3.92864968760808 3.93829636533441 3.94694977327867 3.9555745792135 3.96051752647974 3.95538736606086 3.95070703724486 3.94266207204667 3.93335861843352 3.81857355422091 3.61980258958771 3.45572326221183 3.279085052513 3.19535136981193 2.54703482240112 -9999 -9999 -9999 -9999 -9999 -9999 -9999 -9999 -9999 -9999 -9999 -9999
-9999 -9999 -9999 -9999 2.63283825051193 2.63569845145505 2.6482157308552 2.66152606597139 2.65515301823359 2.67385353203622 2.68658402641576 2.27115024015883 2.38076094084707 3.10583228065774 3.14277827629478 3.21660006263661 3.24615373892703 3.15170470341998 3.07387343539243 2.33998747631161 2.37913842685752 3.0767596381623 3.23412269368721 3.51548326064423 3.53399656129422 3.56868299818619 3.62407989008901 3.94910272453403 4.09350230931167 4.04836859844756 3.89687025494738 3.91565917496098 3.92379774673548 3.93041261146211 3.93381105021907 3.93693126942974 3.93784913391421 3.92409676774317 3.8418321882538 3.81399723271192 3.65394298811781 3.53742100187793 3.38748146789175 3.25895703842149 3.16973697027499 3.02695053882927 2.95146723575776 -9999 -9999 -9999 -9999 -9999 -9999 -9999 -9999 -9999 -9999 -9999 -9999
-9999 -9999 2.65686653861678 2.65103952924085 2.21892817130288 2.22072229734901 2.26517762055307 2.71550325813334 2.64259413591063 2.68089482672164 2.25966003291553 2.32537704985764 2.30041009580691 2.41160950810992 2.34318310081987 2.6542793568546 3.18577229683517 3.20464702287706 3.17752971775364 3.21193273473398 3.29889064395274 3.4098612401803 3.58874340752814 3.60546258213199 3.6124518731639 3.63993060367922 3.94640893528215 4.12701996409098 4.1375819061191 3.97125446080194 3.83737287496521 3.91474391065918 3.9175079048433 3.92220383475536 3.91894840604556 3.91267416524944 3.90026349333899 3.82265844120422 3.59914153804771 3.41860305433553 3.25787796261113 3.18710099018238 3.15451030052691 3.02500820237063 2.94473536281073 2.90214697076773 -9999 -9999 -9999 -9999 -9999 -9999 -9999 -9999 -9999 -9999 -9999 -9999 -9999
-9999 2.67143536214795 2.66096702669614 2.24341409155863 2.30978115416963 2.95887255601775 3.00709294373602 3.01641719881058 2.81596391598629 2.35105645396147 2.43549478616761 2.72324920232384 2.29213631453327 3.11836776133662 3.30165723831954 3.27378588022021 3.33854602993771 3.48824894730041 3.54606920945685 3.55667795477313 3.56182371628807 3.60642204953928 3.634506622618 3.64512056829964 3.76991633581315 3.92499383076624 4.0790296925395 4.11043911920546 4.04260867378466 3.82190958859365 3.83090102028574 3.90369053410538 3.90267386267923 3.901826203127 3.89032299497032 3.82009726126879 3.79974823164985 3.62681008189834 3.28701300949078 3.1246472024981 2.83292230739629 2.31659363277959 2.79214104231281 2.84845319851741 2.84848440070952 2.81251347357582 -9999 -9999 -9999 -9999 -9999 -9999 -9999 -9999 -9999 -9999 -9999 -9999 -9999
2.68695845272104 2.70108784538004 2.6716641782234 2.74378284491274 2.9264820804283 3.01143784898688 3.02704154522292 3.03670902441065 3.04201079688612 2.48438602101617 2.27480349681799 2.29693365156968 2.57887665944603 3.36108441336947 3.72969411000491 3.73674580542103 3.604781334271 3.73066917850825 3.75160584941186 3.77208488816457 3.78156775438234 3.79065019246807 3.78596986365206 3.77238910953761 3.80046328188563 4.05702200639182 4.07251025451707 4.05308402972969 3.89873718610843 3.79217389951595 3.80322467588708 3.8207239052936 3.82649111046799 3.82146755753881 3.80756438077259 3.77308075812931 3.60367105626853 3.3671558399169 3.09584237881824 2.89954678809217 2.55959370472408 2.77006289121462 2.84901743815801 2.81451821441868 2.93747825296325 2.85410859583676 -9999 -9999 -9999 -9999 -9999 -9999 -9999 -9999 -9999 -9999 -9999 -9999 -9999
2.70552375702454 2.74110985712226 2.2694939237945 2.75756121291053 2.89464284356607 2.98149934566048 2.97585434907184 3.02515641278314 3.21928865152314 3.30986861520896 3.20137859325388 3.29993591738832 3.40360780084558 3.74258061534499 3.89000057231855 3.87730388031379 3.79404603104235 3.84944032276249 3.87364022292393 3.89955884383391 3.91080463390571 3.90885969726439 3.8923251356305 3.81357860330116 3.96054612848918 4.07816305165373 4.0821785137596 4.04049160505022 3.79710644605149 3.67239388438359 3.67708201374763 3.78345548700479 3.78365310088814 3.77341618169446 3.65870912296212 3.50991366935318 3.28560891084598 3.21104607244161 2.97428903910115 2.8794993796636 -9999 -9999 -9999 -9999 2.81837168514386 -9999 -9999 -9999 -9999 -9999 -9999 -9999 -9999 -9999 -9999 -9999 -9999 -9999 -9999
2.73960175117044 2.71371953281791 2.63143935223248 2.2793668174136 2.73385534745745 2.24979754002713 2.25260573731673 2.48337715013805 3.38474087535171 3.48473610050573 3.51850467291323 3.59991119211967 3.75965081461004 3.89055701141112 3.94874129914213 3.95187191908351 3.92720658622314 3.92175140296982 3.93800514487474 3.96475920447839 3.99571307913959 3.98452215292225 3.9637885562856 3.97981634231602 4.04633447554047 4.06680285354421 4.05474190620363 3.81996465195234 3.66065405960344 3.6427310004208 3.64080686524088 3.63947817189367 3.62871601579953 3.60609702670483 3.52299518839393 3.19342723463202 3.14466600891724 3.0154577314033 2.89954158772682 -9999 -9999 -9999 -9999 -9999 -9999 -9999 -9999 -9999 -9999 -9999 -9999 -9999 -9999 -9999 -9999 -9999 -9999 -9999 -9999
2.99552473101245 2.67779020860702 2.24022626759839 2.23910558886522 2.24208539821142 2.26881527611617 3.02629529279503 3.23928145611552 3.35337227155375 3.41878246694015 3.50835615993052 3.75891236273018 3.85275035530847 3.92777082586374 4.01174138520655 4.02689680994932 4.01022235848749 3.9794317752983 3.98502190803249 4.00744744353613 4.02887996927597 4.02309378276804 4.01096367056829 4.03430889068427 4.04741849169791 4.02958669892719 3.90232023783536 3.68256579901038 3.63431160891734 3.61046793378245 3.6010682734103 3.59491364101725 3.56937724696057 3.43412614490863 3.23908644241485 3.09619340347944 3.0569176441651 2.94530740299936 -9999 -9999 -9999 -9999 -9999 -9999 -9999 -9999 -9999 -9999 -9999 -9999 -9999 -9999 -9999 -9999 -9999 -9999 -9999 -9999 -9999
-9999 3.24157221705269 2.67680993973833 2.24398353156457 2.57282343417733 3.22637934967939 3.26323173874011 3.29501637176616 3.34876734803534 3.39237501168716 3.51228503595329 3.88640451967825 3.93412047195746 4.00076887433395 4.04966400945652 4.04820140670152 4.01957079526093 4.00514628186826 4.00897089056574 4.02287718755117 4.02908356357946 4.02328827643218 4.02331063800319 4.0393641658421 4.02484266563563 3.95202012949601 3.80429335096673 3.64635825525321 3.59745401949127 3.57579449780385 3.55453800443115 3.53515364258485 3.42611498208523 3.16238885403385 3.03983444398667 3.04978014272069 3.01537452555768 -9999 -9999 -9999 -9999 -9999 -9999 -9999 -9999 -9999 -9999 -9999 -9999 -9999 -9999 -9999 -9999 -9999 -9999 -9999 -9999 -9999 -9999
-9999 2.67350510755769 2.26888808123109 2.50039794593227 3.17202513102948 3.2385924077065 3.25782595895762 3.2930012301926 3.35107110988588 3.39881046380917 3.74029765495585 3.93921683000156 3.98566961353697 4.04861171552773 4.10084496516918 4.09335955928278 4.0215690356471 4.01101463414873 4.01854346308581 4.03108414413004 4.02949309235087 3.99700562994761 4.00309213755456 4.01710062171915 3.95421468367419 3.82243742567679 3.62283180240474 3.56894561663643 3.53286808201303 3.51180400215831 3.47910670501314 3.422053496746 3.2070469914866 2.92764696226695 2.97780448607851 2.96543281690819 2.87110338980422 -9999 -9999 -9999 -9999 -9999 -9999 -9999 -9999 -9999 -9999 -9999 -9999 -9999 -9999 -9999 -9999 -9999 -9999 -9999 -9999 -9999 -9999
2.68447527826588 2.2520883009643 2.34146177988865 3.08185339602373 3.18796425083066 3.20260327929407 3.21847999471104 3.27911885488778 3.35395471247308 3.42769069278662 3.79109742388827 3.96364034587309 4.00147326382076 4.04679522791058 4.11587714125313 4.10369736556427 4.06537483321879 4.0191045825072 4.03711240764506 4.04717381450814 4.0150589582823 3.88402275234744 3.93448709771471 3.9173596944308 3.81344079361936 3.62385107401356 3.522529755695 3.48047440110049 3.44945942214641 3.41002245150618 3.37920508643544 3.31695411299986 3.07687404620003 2.93938158668176 2.91697321238378 2.86598363011604 2.70489191263438 -9999 -9999 -9999 -9999 -9999 -9999 -9999 -9999 -9999 -9999 -9999 -9999 -9999 -9999 -9999 -9999 -9999 -9999 -9999 -9999 -9999 -9999
2.69543244806069 2.76015879540341 3.01450606454404 2.5580907991376 2.53668869553507 3.0737382258933 3.17672366112422 3.26989340675489 3.3511543157315 3.42362140689936 3.85451067897983 3.98666730362959 4.02020159957802 4.01817995754777 4.01855776409053 4.08949672789997 4.14988779066773 4.09776660889959 4.07842410999436 4.06837882426387 3.95934744427574 3.81951482034946 3.89939243214267 3.78082930250248 3.58454931287246 3.4976980111434 3.42213150222627 3.38574974622983 3.34288833500589 3.30785867400075 3.27005721826345 3.19824537312983 2.99644259549692 2.9067466939208 2.80803335882583 2.75318250528489 2.88322024107233 -9999 -9999 -9999 -9999 -9999 -9999 -9999 -9999 -9999 -9999 -9999 -9999 -9999 -9999 -9999 -9999 -9999 -9999 -9999 -9999 -9999 -9999
2.27391423434295 2.96097870398496 2.28335289745523 2.27631940331784 2.62281454629765 3.1551707469265 3.20107437188084 3.29494876701659 3.37764497683011 3.47147516886038 3.91893800531486 3.99708571557402 4.01894467127265 4.02015375621679 4.02223364233897 4.10966738498736 4.16923705004791 4.17268645238531 4.14374303896884 4.08492144646405 3.87743908981292 3.76468996863528 3.65405739615554 3.53829466325692 3.45799062150492 3.38970722426203 3.31550061088422 3.28033574037994 3.24893593438988 3.20707819367871 3.18258447287493 3.13772872153884 2.91938878208937 2.81765143454273 2.80253137228434 2.87849310896816 -9999 -9999 -9999 -9999 -9999 -9999 -9999 -9999 -9999 -9999 -9999 -9999 -9999 -9999 -9999 -9999 -9999 -9999 -9999 -9999 -9999 -9999 -9999
2.30860587160027 2.4249744470623 2.38777363352306 3.16113296580156 3.45016667183416 3.16205083028603 3.1891733357748 3.36214008753574 3.51070152470388 3.84469758956226 3.94560807901808 3.99377646308284 4.01134719751293 4.02070941525456 4.02768570537308 4.10113228535483 4.09475741748916 4.1455033626402 4.17720192961968 4.07223931548227 3.64377887403905 3.57708158822825 3.53625091967393 3.41640069960933 3.31714392633517 3.27623005193523 3.2356880036579 3.22456442217185 3.19745491759646 3.15815315645537 3.15943504651442 3.0670999595226 2.88244278645234 -9999 -9999 -9999 -9999 -9999 -9999 -9999 -9999 -9999 -9999 -9999 -9999 -9999 -9999 -9999 -9999 -9999 -9999 -9999 -9999 -9999 -9999 -9999 -9999 -9999 -9999
3.25419870412521 3.30987641575698 3.3900088454524 3.49611710007666 3.47632710973297 3.31027424370634 3.39891967148154 3.55081714302242 3.8643549705895 3.92296308809663 3.96483070950196 3.99700146965533 4.01436782972713 4.01315094423497 4.06489119924114 4.08211714944846 4.09000714375918 4.09846917825852 4.0995937572657 3.90197441353951 3.46534133792873 3.43197319365326 3.35244400633858 3.26937337021978 3.23592982064672 3.21260878222962 3.19392126934037 3.19270698403089 3.1785021860743 3.15773972740995 3.12215102712956 2.98493938734025 -9999 -9999 -9999 -9999 -9999 -9999 -9999 -9999 -9999 -9999 -9999 -9999 -9999 -9999 -9999 -9999 -9999 -9999 -9999 -9999 -9999 -9999 -9999 -9999 -9999 -9999 -9999
3.53401736275563 3.49820504676513 3.4389702852332 3.42514771412992 3.42142165235584 3.4736853241346 3.58591440877713 3.83667602600816 3.92835326678306 3.96386916194854 3.9909885472181 4.00011544842758 3.99945500202799 4.11449358405147 4.09593087993064 4.09067669079814 4.08946786587227 4.0812824908096 4.00571078152712 3.43343969668228 3.31275221779615 3.25913125066075 3.20140979544599 3.17953965896185 3.18190062483126 3.16837707473567 3.16959136004516 3.18221004656965 3.17573819189018 3.09454228748046 3.03694564103413 2.9072251275331 -9999 -9999 -9999 -9999 -9999 -9999 -9999 -9999 -9999 -9999 -9999 -9999 -9999 -9999 -9999 -9999 -9999 -9999 -9999 -9999 -9999 -9999 -9999 -9999 -9999 -9999 -9999
3.56540936819766 3.45825063977248 3.39706054086852 3.42898818394172 3.52455789818194 3.76823401762206 3.86659632805583 3.9361694159058 3.99499178846539 4.01197280146467 4.01923485165925 4.01257344366273 4.01160903590836 4.07002916020805 4.08353996940853 4.08498567097614 4.08021043549247 4.02804167038137 3.72399710976276 3.28172423792869 3.10539544996825 3.07788551726082 3.06884208191522 3.05374542130092 3.057471483075 3.07434406845671 3.1039965516888 3.10090493448756 3.07901399654202 3.00176776961647 2.95234869768477 2.90396189827527 -9999 -9999 -9999 -9999 -9999 -9999 -9999 -9999 -9999 -9999 -9999 -9999 -9999 -9999 -9999 -9999 -9999 -9999 -9999 -9999 -9999 -9999 -9999 -9999 -9999 -9999 -9999
