raw_data/Abundance/Balistes polylepisGrid_precio_Teorico.asc
NCOLS 96 
NROWS 96 
XLLCORNER 0 
YLLCORNER 0 
CELLSIZE 0.0104166666666667 
NODATA_value -9999 
[rows 26 to 51 of 96, columns 0 to 58 of 96]
4.22147578607481 4.21916058342049 4.21879806595186 4.22036631412897 4.22107187369799 4.22123448912252 4.22128181244721 4.22140721925766 4.22123082286495 4.22078330542465 4.22057204058227 4.22095169325472 4.22120339093772 4.22130573412783 4.22136254811929 4.22135880385624 4.22120471703088 4.2212682914973 4.22109779751926 4.22003668897119 4.21606051562555 4.21089790492688 4.20567476197552 4.19653402779421 4.18696067521933 4.15104565201315 4.12995245011247 4.10360271891488 4.05727812438537 4.06848621180837 4.0669255821665 4.04900018281945 4.04648216591644 4.0179937844682 4.03442953916042 -9999 -9999 -9999 -9999 -9999 -9999 -9999 -9999 -9999 -9999 -9999 -9999 -9999 -9999 -9999 -9999 -9999 -9999 -9999 -9999 -9999 -9999 -9999 -9999
4.2221351976017 4.22009545309966 4.22044704980105 4.22092550941518 4.22106324109151 4.22115042521662 4.22121376566659 4.221327471655 4.22134952120408 4.22135609966625 4.22136031196219 4.22122211225298 4.22126524928357 4.22125357446336 4.22131769496814 4.22126699140596 4.22134796109448 4.2186649626007 4.21592291395836 4.21303054875555 4.20917070758282 4.20530173976889 4.20093460295615 4.1902275447329 4.15504967331525 4.13526046302636 4.10764860315805 4.06872022824917 4.03696003694027 4.03499585894715 4.03829107045189 4.03429927000837 4.01052345964132 3.72520879488957 -9999 -9999 -9999 -9999 -9999 -9999 -9999 -9999 -9999 -9999 -9999 -9999 -9999 -9999 -9999 -9999 -9999 -9999 -9999 -9999 -9999 -9999 -9999 -9999 -9999
4.22212221228942 4.2209069701127 4.22077009649666 4.22101711385084 4.22106729737648 4.22110284187365 4.22120656316058 4.22132661359471 4.22139323027486 4.22139700053974 4.22135154934657 4.22125614864421 4.22128311253855 4.22129273321445 4.22140989744581 4.22124494185687 4.21811120169629 4.2119742245436 4.20868192524346 4.2047028136914 4.19194730555452 4.19241195819864 4.1957622935761 4.15747772389769 4.13081649081556 4.11121527373412 4.0660672618653 4.04032623343205 4.03376077217626 4.03065719413471 4.02370898598908 4.02598882615901 4.01267693093321 -9999 -9999 -9999 -9999 -9999 -9999 -9999 -9999 -9999 -9999 -9999 -9999 -9999 -9999 -9999 -9999 -9999 -9999 -9999 -9999 -9999 -9999 -9999 -9999 -9999 -9999
4.2190870242526 4.21868956032881 4.21815628886388 4.22103456107659 4.22108183239764 4.22111079843264 4.22125141631174 4.22138992804286 4.22148571877263 4.2214820005114 4.22142471848706 4.22133623427061 4.22132325935906 4.22130724223378 4.21989757919805 4.21698417851739 4.21115134473227 4.20359289971451 4.18821136308627 4.14835914327276 4.14281139351619 4.1766608316049 4.17768192334159 4.14255319537651 4.10655002597763 4.07044596949094 4.04046950349748 4.03299007803123 4.02880924430719 4.02479248210999 4.01736662040686 4.00592503657959 3.97333486696065 -9999 -9999 -9999 -9999 -9999 -9999 -9999 -9999 -9999 -9999 -9999 -9999 -9999 -9999 -9999 -9999 -9999 -9999 -9999 -9999 -9999 -9999 -9999 -9999 2.89740423756751 2.98243541142368
4.21796889369845 4.21821021665257 4.21809580861485 4.2181969297191 4.22108282046705 4.22118872590743 4.22130284792506 4.221442737753 4.2215671460933 4.22156443670295 4.22148571877263 4.22130888034887 4.2208884048084 4.21926765894307 4.21338196344415 4.20878993683181 4.20176533531917 4.15442770961925 4.13516295617603 4.12758394371331 4.12836399851597 4.13183394229651 4.12144881269032 4.11772977140947 4.08252589816506 4.06647913080111 4.03308446466235 4.02716150854569 4.02040571391805 4.01708762080577 4.00413715097187 4.00418213413216 3.99029793869947 -9999 -9999 -9999 -9999 -9999 -9999 -9999 -9999 -9999 -9999 -9999 -9999 -9999 -9999 -9999 -9999 -9999 -9999 -9999 -9999 -9999 -9999 -9999 -9999 2.82899083119085 2.8452523736438
4.21786428834942 4.21798046451136 4.21814162383359 4.2182198633303 4.2182609722184 4.22123508716453 4.22135308345435 4.22147672214057 4.22157370115382 4.22158092966166 4.22132780967874 4.21966400478831 4.21788896408301 4.21355523961765 4.20712537788839 4.2016939343029 4.186963275402 4.12975847648488 4.124084097832 4.11921837599123 4.10955063678523 4.10355591562672 4.09587185578391 4.0930347964666 4.06907411311131 4.0596861535612 4.03377481316271 4.02596620456974 4.01087526435732 4.00566345820243 4.00420605581277 4.00384619053048 3.97066655949899 -9999 -9999 -9999 -9999 -9999 -9999 -9999 -9999 -9999 -9999 -9999 -9999 -9999 -9999 -9999 -9999 -9999 -9999 -9999 -9999 -9999 -9999 -9999 3.31186815568646 2.3211673541059 2.31128145957342
4.21788966613233 4.21800672635638 4.21818704902493 4.21819523960036 4.21829779080509 4.22124265369612 4.22137794120073 4.22147888029219 4.22157524046197 4.22140441106037 4.2192747834436 4.21468631908152 4.2111462223724 4.20717511938298 4.20078475442856 4.19428564983465 4.17240719276595 4.12416964384203 4.11547073270094 4.10984965779291 4.09586509530895 4.0894668257992 4.08470407119237 4.07520014349493 4.06768171528855 4.05347067689354 4.03253868631875 4.023022797781 4.00808500832818 4.00326790990343 3.99565561510246 3.98972693858392 3.95426408714502 -9999 -9999 -9999 -9999 -9999 -9999 -9999 -9999 -9999 -9999 -9999 -9999 -9999 -9999 -9999 -9999 -9999 -9999 -9999 -9999 -9999 -9999 2.73954974751692 2.73767761599052 2.75032230434177 3.04547944057532
4.2178544596589 4.21797066182267 4.21810808147708 4.21819529160402 4.21826687463307 4.22115086724767 4.22128436062624 4.22143875947351 4.22121914804473 4.21906245252632 4.21354496889608 4.20775818434614 4.20442963849951 4.19983420564785 4.19080582535995 4.17713250474225 4.14834224208537 4.10884312707921 4.09345420593217 4.08747274570531 4.06476639047271 4.07170627803378 4.07424223619726 4.06985260780438 4.06761229041111 4.05118381623039 4.03057762854484 4.01929465586078 4.00720432645596 3.99279749430549 3.98063409976748 3.96943979331266 3.30429902391791 3.25973449304148 3.31323325159113 -9999 -9999 -9999 -9999 -9999 -9999 -9999 -9999 -9999 -9999 -9999 -9999 -9999 -9999 -9999 -9999 -9999 -9999 -9999 2.75410036976936 2.74552496730536 2.29295537207608 2.74601120146569 3.35826061498381
4.21777934038141 4.2178455150305 4.1992032453198 4.20001094006431 4.19982195878745 4.19895404381218 4.21113511959237 4.22079316011699 4.21686670226411 4.20962690963324 4.20198848299638 4.19402589158536 4.1915122949929 4.18666503444912 4.15123702545807 4.13326872309688 4.09672835595723 4.06789519028622 4.06221977156027 4.05269478238316 4.06615072772918 4.06917161996165 4.06834450185255 4.06750048255607 4.062219511542 4.04604741537309 4.02841921690586 4.02026478401704 4.007975020601 3.99316646022715 3.97568049175227 3.39157155524041 3.24606533271606 3.29712772009871 3.29183374817127 -9999 -9999 -9999 -9999 -9999 -9999 -9999 -9999 -9999 -9999 -9999 -9999 -9999 -9999 -9999 -9999 -9999 2.75947754754242 2.75554867151965 2.32430837477798 2.75768342149628 3.06615349302869 3.28107159207713 3.34742825395742
4.21739656748974 4.19809309732647 4.19931640526984 4.19833481030799 4.19349649439262 4.18955097720072 4.20179076510573 4.19038901607705 4.13878501064308 4.10618522034825 4.07396895699806 4.03364090375492 4.03150277354081 4.16998512260367 4.12305156529154 4.08258986265888 4.04872690362025 4.05071578334879 4.05220334785748 4.05641200353614 4.06153696358967 4.06432565950921 4.0646759041156 4.06488963913154 4.05395145067026 4.03773567143239 4.02379037170683 4.0139192982156 4.00334981565771 3.98698842619002 3.97102798489089 3.36718184174365 -9999 -9999 -9999 -9999 -9999 -9999 -9999 -9999 -9999 -9999 -9999 -9999 -9999 -9999 -9999 -9999 -9999 -9999 -9999 2.80474152755857 2.76989387934071 2.76165650062454 2.95768427253502 3.09586318027965 3.29322224572002 3.21401028069175 2.41593881226472
4.19501396100207 4.19865335868758 4.19680236664632 4.19082480669348 4.18371694733157 4.15670468958824 4.17048539775044 4.12234535567685 4.08174506330759 4.06453289406845 4.03013455741693 4.01816877676227 4.01135811828017 3.93785173409689 4.07111187627415 4.04206237540452 4.04975527586844 4.05211624173785 4.05493223957548 4.05790502842845 4.05917521766546 4.06085285552773 4.06588342895013 4.05444184512287 4.04667353936136 4.03458477006615 3.54957165552083 3.51328610628338 3.4864626218023 3.40516271008556 3.39504539929496 -9999 -9999 -9999 -9999 -9999 -9999 -9999 -9999 -9999 -9999 -9999 -9999 -9999 -9999 -9999 -9999 -9999 -9999 -9999 -9999 2.81022011245598 2.75235824737673 2.85248868202988 3.06693614801404 3.19835718098488 2.55633827601427 2.33716367792595 3.06551384809051
4.19092023339767 4.19489747281821 4.18833149152588 4.17529183542622 4.1286723801813 4.07575060216735 4.02220166009206 4.07646981269541 4.02649742189035 4.01909288168516 3.95562918304969 3.93196752070209 3.91569037715309 3.79230130846705 3.62179172933451 3.62794896191024 3.63501105805706 4.05058993450729 4.0542483915318 4.05867650262828 4.05948749960479 4.05440362243754 4.04681212909797 4.03859347169706 4.03623952632087 3.57667855991354 3.54661264763604 3.49824404950527 3.43805242074872 3.36448285212642 -9999 -9999 -9999 -9999 -9999 -9999 -9999 -9999 -9999 -9999 -9999 -9999 -9999 -9999 -9999 -9999 -9999 -9999 -9999 2.94449874618726 2.50382498669866 2.35433528431535 2.30331189967283 2.36420817793445 3.21270238880594 2.45972848870383 2.46107018296442 3.08597208538181 3.12603309986417
4.18542994767823 4.18181413364959 4.15109453544745 4.10805163147276 4.06482619467425 3.96198922987411 3.87470369763823 3.84725096894966 3.92626792027727 3.90484241503065 3.83006376146421 3.7346110554444 3.69724383021392 3.63831068987235 3.639379364952 3.63685458757403 3.63409319357259 3.63342234644229 3.64142830890034 4.05224443074375 3.60209534556714 3.5718214186756 3.57917733546476 3.57592450693763 3.58403707688538 3.57416938363163 3.55221604130187 3.50992407008388 3.42907919033537 -9999 -9999 -9999 -9999 -9999 -9999 -9999 -9999 -9999 -9999 -9999 -9999 -9999 -9999 -9999 2.81388897021119 2.83005690608783 2.3008365257657 2.29148366868171 2.90692870670809 2.52310534123794 2.60955101446961 3.02296445878764 3.05971544072401 3.15805954987905 2.6678653113344 2.2728975629168 3.13234374321776 3.12246304905063 3.13533655347733
4.1818052930285 4.16916450495126 4.08892780793055 4.03975835353571 3.92751600796153 3.74754696425531 3.71438943477656 3.65856611291496 3.7939342231873 3.70005202750352 3.67143961734166 3.65680578924361 3.66694650167829 3.6595723836104 3.64940566934896 3.64163372333171 3.63656596729705 3.62473773630592 3.6362305437319 3.60389727216131 3.56246856159161 3.55548447092505 3.56827736968881 3.56667825734334 3.57280428772696 3.56701368090848 3.54911402336993 2.97281733570678 -9999 -9999 -9999 -9999 -9999 -9999 -9999 -9999 -9999 -9999 -9999 -9999 -9999 -9999 -9999 2.81442720802503 2.81782044641664 2.43866960921447 2.95401541477981 2.98420353564306 3.02907748825788 3.15357683494638 3.19990428967684 3.12741639704757 3.11669844405891 3.18125837971039 3.05375322184895 3.07891518960034 3.121402174519 3.11131086555515 3.11857317576799
4.17829140616074 4.10699361714208 3.97646080657321 3.52150788390351 3.63206765126833 3.62686468573453 3.56445250097306 3.42464847905621 3.71044495765774 3.68968769935874 3.64478774491717 3.64223956589512 3.64853720833533 3.65773925482413 3.64562760392137 3.63608233331939 3.63140200450338 3.61403018404796 3.60233196219062 3.58065423922447 3.54591319849631 3.55772322820871 3.56488153111453 3.55777783204489 3.55477982141997 3.53610790962678 3.50065441884551 -9999 -9999 -9999 -9999 -9999 -9999 -9999 -9999 -9999 -9999 -9999 -9999 -9999 -9999 -9999 2.81504085113646 2.84025482254137 2.9036082734314 3.12611630570979 3.17019980279124 3.17615682130095 3.14777322721453 3.15225074178184 3.16364214208347 3.18315911324623 3.16874890085827 3.19060603642903 3.16315590792314 3.02658911343737 2.43495134798842 3.04876347129455 2.58228809911637
4.1341886677275 4.02243957680687 3.51354352436826 3.45121714563509 3.50897240322463 3.47057550565463 3.41053988785862 3.69051715763224 3.6638600848424 3.66866002206149 3.66006641831876 3.64917945345619 3.65544849388696 3.65366736875421 3.65143901220125 3.64984770040381 3.62592861997133 3.58592480950783 3.57244286233505 3.5680225517866 3.55308710249818 3.55530765850311 3.55532065941649 3.54735369969857 3.54221053836632 3.49570107084857 2.96157154563499 -9999 -9999 -9999 -9999 -9999 -9999 -9999 -9999 -9999 -9999 -9999 -9999 -9999 -9999 2.781183872518 2.79453321037432 2.39950565775518 3.14047971480958 3.24111198471912 3.26947217716145 3.29099388916706 3.28105079061572 3.25489815326494 3.24159301851409 3.25607863619964 3.30553931105415 3.32358977918789 3.25685089045428 2.99572754526115 2.25516691725216 2.93041095645107 2.26832124140782
4.0536714109961 3.61293290695888 3.47293127115869 3.44523932566397 3.45613149089189 3.38450165854556 3.34201987399226 3.64779355609011 3.63813907781576 3.64120209300757 3.64347725284868 3.65198505056312 3.65200325184185 3.64920285510027 3.62418909776138 3.60983348920961 3.58853019254875 3.58032921639003 3.56713068912889 3.55590830070117 3.54690906846105 3.53908771897297 3.52054321613087 3.51289607888205 3.48495711603316 3.44385082811522 -9999 -9999 -9999 -9999 -9999 -9999 -9999 -9999 -9999 -9999 -9999 -9999 -9999 -9999 3.33413351993728 2.761011655321 2.76596500331794 2.37267437272608 3.22714120320333 3.32427882759691 3.36861974276324 3.3676342735292 3.35369469420552 3.32178525241105 3.30198226115398 3.31510538311753 3.32961180226448 3.33852262829363 3.26593592872269 3.12410896468426 3.02333108454489 2.44918734813711 2.26053109411184
3.69098519051385 3.42906878960466 3.41838203880811 3.44760289171606 3.42380081950398 3.35979472276239 3.65833209647416 3.63180503281809 3.57887571427439 3.56217214076659 3.5720658358471 3.57483763057925 3.56730490136815 3.56049242275818 3.54673485622179 3.5539893658866 3.55110576329941 3.5532561143721 3.54569218296889 3.52916282170035 3.51734759162261 3.50296598124409 3.49576087505011 3.47301967736966 3.40114022748647 3.37490698447274 -9999 -9999 -9999 -9999 -9999 -9999 -9999 -9999 -9999 -9999 -9999 -9999 2.74639602850167 2.74864258633336 2.79439800087519 2.79041452101623 2.34818845247033 3.1305834195464 3.32649418323649 3.42120063682842 3.47612949584963 3.45684914131035 3.42218870624513 3.37741356057198 3.32742504863434 3.31144432591034 3.29470434984509 3.25603963345951 3.2075150243682 3.11929342636912 3.03920259959651 2.2799414577849 -9999
3.35931108878473 3.35107371006856 3.41935710731145 3.40906558428158 3.38178706783228 3.66974949860255 3.6488804324485 3.57694117836377 3.5275403077108 2.95344597477386 3.4465446173671 3.45636290715002 3.44471408876351 3.45845605420384 3.46892698983833 3.48868577798991 3.49629651268127 3.50598999369576 3.51060271776221 3.49781761954648 3.48537574544392 3.47220842037488 3.44637300531052 3.38956941458023 3.30770006285754 -9999 -9999 -9999 -9999 -9999 -9999 -9999 -9999 -9999 -9999 -9999 -9999 2.7384134676877 2.73605770218365 2.29571156571217 2.80119487838911 2.45316042726537 3.13916142219307 3.3123751913082 3.44537973552845 3.52844777146458 3.56852958740834 3.53862488645672 3.47959293917347 3.41216240184817 3.33561302387968 3.3170555201242 2.76108186025324 3.17203293157751 3.12367733436011 3.08831224978982 2.35026859861077 2.50994061635158 2.8272929119037
3.3586766442119 3.41458577210179 3.39003224709648 3.36552552537932 3.3366426962192 3.64232277174074 3.57122857702557 3.06382372935139 3.45596767938333 3.39629088679655 3.33778157623109 2.96888325931866 3.36997703811988 3.34444584442856 3.39200578574723 3.39019865878771 3.39062768892918 3.45237682710839 3.45466758804555 3.43080311144926 3.41170736987995 3.40715445001504 3.30721122851453 2.94646188410731 -9999 -9999 -9999 -9999 -9999 -9999 -9999 -9999 -9999 -9999 -9999 -9999 2.7392117237691 2.7314137759251 2.72763831068018 2.3377435186626 3.14044331225213 3.23884462542603 3.31803578899289 3.43997915611131 3.54727829440098 3.59262548026275 3.60037922500127 3.58740431345023 3.52374144082181 3.41767998948571 3.33005903368468 3.2974371418371 3.18802665521488 3.10825045054601 3.09211371686149 3.09694745645535 2.94588984391868 3.02363530591793 2.97015214846433
3.32453624568179 3.34062097571281 3.32975481231164 3.33243560065014 3.64831359262523 3.55743200774905 3.05522752542599 2.8870321088747 2.27262194355319 2.65760499049664 2.81347034080043 2.85434001209488 3.34705122746947 3.3444094418711 3.35202277674514 3.33121091460995 2.91372818440468 2.84460232797491 2.89198285668897 2.8789247392923 2.81882671711208 2.80145489665666 2.86083526841843 -9999 -9999 -9999 -9999 -9999 -9999 -9999 -9999 -9999 -9999 -9999 -9999 -9999 2.73441958709804 2.73474721011516 2.32510663085938 2.60522951086283 3.28240028542434 3.44351800473275 3.48184729755318 3.58296320144037 3.65673298412869 3.66767715301012 3.64642586000277 3.6006210419901 3.51810164459852 3.3950089967375 3.28796467635004 3.22732321599062 3.15053462121598 2.92995852466552 3.0606099035644 3.04215640711595 3.01161986177417 3.09974005264891 3.06264584659936
3.30300673312815 3.30017253401179 3.28856011818274 3.29510217779445 3.58485873461085 3.5089646026766 2.8721590639705 3.21688608273092 2.61371910729854 2.70297557800249 -9999 -9999 -9999 3.33622406680843 3.34506988827069 2.91627116306138 2.90360047288337 2.8757551166108 2.86776735543148 2.86760614410559 -9999 -9999 -9999 -9999 -9999 -9999 -9999 -9999 -9999 -9999 -9999 -9999 -9999 -9999 2.74035840432902 2.7593735402354 2.74217593201924 2.30761000163553 2.31195490688639 2.67895769062834 3.53434758595542 3.51550666228831 3.5345842025789 3.65335794701581 3.8700363697356 3.86255564417801 3.68570421949978 3.57256767110348 3.47513102570221 3.34293253811138 3.21256457912414 3.14306429638909 3.0800046661414 2.97451265481125 3.03571055426324 3.03890097840615 3.04826943658619 3.02154735922946 2.50230127965078
3.28613414774644 3.26414960322458 3.24997860764278 3.20953796648979 3.53013529002101 2.94656329123165 2.24439696060999 2.7382964594673 2.78296239746808 -9999 -9999 -9999 -9999 -9999 -9999 -9999 -9999 -9999 -9999 -9999 -9999 -9999 -9999 -9999 -9999 -9999 -9999 -9999 -9999 -9999 -9999 -9999 -9999 2.78382825829904 2.76890320974132 2.86978509718771 2.3525957621054 2.37834017077612 3.17512714896142 3.4685577638984 3.55856308721291 3.35715813752937 3.55696657505012 3.83014176694448 3.95388966083974 3.94260746821049 3.66319183789478 3.50213912315326 3.40185787790493 3.2830321298145 3.17682766843124 3.02364830683131 2.85911914785256 2.92510658379293 3.02072310132131 3.08581087405593 2.60544012565955 2.40346313578739 -9999
3.25257098977031 3.22915374459421 3.18203583433039 3.11494852111826 3.02026546917041 2.71251304805645 2.54177205266579 2.57402211839076 -9999 -9999 -9999 -9999 -9999 -9999 -9999 -9999 -9999 -9999 -9999 -9999 -9999 -9999 -9999 -9999 -9999 -9999 -9999 -9999 -9999 -9999 2.77183361561668 2.79514945366843 2.51541920124898 2.33973005822673 2.33051761100722 2.92954249543744 3.02642010156346 3.20098076530452 3.45953773019688 3.83691264263164 3.37678951672985 2.68824294296277 3.66652787226753 3.93264356819774 3.95358283928403 3.92982497017743 3.57916433455138 3.42791170831404 3.33167894749155 3.25665327657094 3.16823146450584 2.90973950418037 2.82431310255751 2.87179243821324 2.86531278298575 3.07502271613503 2.58494808599346 -9999 -9999
3.23958567748856 3.20808706455683 3.12540385565669 3.02673732384988 2.79754942227797 2.54685020943116 2.52005012659416 -9999 -9999 -9999 -9999 -9999 -9999 -9999 -9999 -9999 -9999 -9999 -9999 -9999 -9999 -9999 -9999 -9999 -9999 -9999 -9999 -9999 -9999 2.72937003234211 2.7635754354391 2.373236012184 2.74520254465359 2.28946072656012 2.32988056625171 3.17474232192544 3.32419562175129 3.51593049206443 3.84821823690497 3.96554081939066 3.850758615379 3.66529018531396 3.92565427716583 3.96118317324469 3.95881180664458 3.84816623325146 3.50523854090252 3.39398972512868 3.31576062915177 3.25191314355339 3.01914219025457 2.87174823510776 2.81341053659889 2.68732247829562 2.84836219212377 2.4715411185989 -9999 -9999 -9999
3.23613003471274 3.19705448946442 3.10750939848348 2.48249828839371 2.121704740881 2.52552091094353 -9999 -9999 -9999 -9999 -9999 -9999 -9999 -9999 -9999 -9999 -9999 -9999 -9999 -9999 -9999 -9999 -9999 -9999 -9999 -9999 -9999 -9999 -9999 2.71881849104468 2.72903200859428 2.7184336640087 2.7704373175199 2.33031479675853 2.66395983695571 3.39831642910081 3.59921174297995 3.91931763198549 3.97144037386324 3.9799551920709 3.97231325518742 3.97604789756433 3.98364251112311 3.97801077546611 3.95010899522948 3.67379278266304 3.48128045772991 3.38704463720226 3.31303303752511 3.22819427718693 2.94035145481974 2.89197505614094 2.82839538935814 2.74873619290968 -9999 -9999 -9999 -9999 -9999
