raw_data/Abundance/Calamus brachysomusGrid_precio_Teorico.asc
NCOLS 96 
NROWS 96 
XLLCORNER 0 
YLLCORNER 0 
CELLSIZE 0.0104166666666667 
NODATA_value -9999 
[rows 52 to 77 of 96, columns 0 to 57 of 96]
0.866480770227009 0.87818866046121 0.882615679744129 0.895345590044484 0.931634735266162 0.9652848388552 -9999 -9999 -9999 -9999 -9999 -9999 -9999 -9999 -9999 -9999 -9999 -9999 -9999 -9999 -9999 -9999 -9999 -9999 -9999 -9999 -9999 -9999 -9999 0.985326466530652 0.990476332733087 0.993138044629013 1.02858950504011 0.994734997437836 0.85291466169071 0.815321790508279 0.787111695327366 0.775262246022911 0.774299986257353 0.774720129415457 0.774185259859381 0.774499596067364 0.774282035868554 0.775193937918126 0.787712791783729 0.813257309974648 0.835603128344701 0.851574143007576 0.86282379660848 0.888586135148771 0.914875464399537 0.92543386079206 0.962178269497753 0.974752089460731 -9999 -9999 -9999 -9999
0.863952850048834 0.87445141181203 0.881773535209618 0.890508276160461 0.928192943327016 -9999 -9999 -9999 -9999 -9999 -9999 -9999 -9999 -9999 -9999 -9999 -9999 -9999 -9999 -9999 -9999 -9999 -9999 -9999 -9999 -9999 -9999 -9999 0.967824651630508 0.974703775784877 0.980485807853686 1.02768120793404 0.986310578943443 0.862438030488964 0.819032280813909 0.786904764137244 0.772891754099291 0.769863675882923 0.768753427611785 0.767775967620516 0.768641860184927 0.769713197364819 0.769940457463166 0.771007149097302 0.800916882230413 0.824024570104327 0.841507059534128 0.854982115373625 0.864152051050819 0.898500473077786 0.914591156999316 0.932681283813904 1.03238547338763 -9999 -9999 -9999 -9999 -9999
0.854803726416623 0.868339731816428 0.889423076672036 0.899410256758494 -9999 -9999 -9999 -9999 -9999 -9999 -9999 -9999 -9999 -9999 -9999 -9999 -9999 -9999 -9999 -9999 -9999 -9999 -9999 -9999 -9999 -9999 0.963816474752882 0.964987152283204 1.02601252789876 1.02779270103217 1.0274515321519 0.909977944242527 0.87059969691544 0.837806231963669 0.79924076932192 0.769248754282393 0.768003673691255 0.767581114849358 0.767509350458531 0.766647285823821 0.76610992625522 0.76690476055176 0.767495153670703 0.780598491521047 0.818514581194945 0.835723540890677 0.850210210773836 0.859569684717845 0.86575569344553 0.900118609575254 0.918873606898332 1.00665212305285 -9999 -9999 -9999 -9999 -9999 -9999
0.860482441547836 0.881987230314359 0.910676262680455 -9999 -9999 -9999 -9999 -9999 -9999 -9999 -9999 -9999 -9999 -9999 -9999 -9999 -9999 -9999 -9999 -9999 0.969628981601846 0.971324419980681 1.03814595012414 0.958702286341847 0.966955005465126 0.968512192402285 1.02592370506391 1.02784621771927 1.01026895915606 0.911496851882662 0.882194235833213 0.875636955088768 0.840428921275251 0.818274499390314 0.782750345479243 0.768168423325919 0.766539211847371 0.767637010055885 0.768180650402347 0.767724049001155 0.766563034206004 0.765761584652309 0.767094930612797 0.801323832038573 0.830504920611064 0.846799636902165 0.862881401375845 1.01020020507888 0.872260200790195 0.908831795193793 1.00194637102462 1.00624257173907 -9999 -9999 -9999 -9999 -9999 -9999
0.873791744314785 0.893033594833013 0.912015666432608 -9999 -9999 -9999 -9999 -9999 -9999 -9999 -9999 -9999 -9999 -9999 -9999 -9999 -9999 -9999 -9999 0.966951660672183 1.03004820640725 1.02918599311508 1.00129748119353 0.928861901915771 0.955791573193441 0.962901488060929 0.904312236639429 0.898654705196861 0.894493411131141 0.884590965799259 0.860603597381132 0.838405321544266 0.809763859566703 0.794577384670974 0.772542520551594 0.770673413090246 0.771760693783169 0.769955509031413 0.769244443215932 0.769187098599129 0.769145177194234 0.769643439849758 0.775369725369505 0.812175455279166 0.839209930069074 0.857426415728205 0.86017657881531 0.878353298602776 0.97132367669336 0.992086293070025 -9999 -9999 -9999 -9999 -9999 -9999 -9999 -9999
0.892779762212946 0.906436551802388 -9999 -9999 -9999 -9999 -9999 -9999 -9999 -9999 -9999 -9999 -9999 -9999 -9999 -9999 -9999 0.959995977923768 1.02882401218983 1.03138686687208 1.03154035570384 1.02624852162312 1.01928057463391 0.999272023244239 0.980689096935935 0.924482824665046 0.891628410152966 0.876816923710601 0.869251373715438 0.871641785739257 0.830646145202024 0.812239377988759 0.793414883301182 0.783093855714569 0.771716765502508 0.771335682093113 0.7714038787048 0.770497216830841 0.770300728827577 0.770563555224225 0.771529717248219 0.775061707103749 0.783133212778207 0.815339629403979 0.844897193004476 0.865005344895143 0.882724571336632 0.983413616610472 1.00720029745197 -9999 -9999 -9999 -9999 -9999 -9999 -9999 -9999 -9999
0.9022139365327 0.914569973310672 -9999 -9999 -9999 -9999 -9999 -9999 -9999 -9999 -9999 -9999 -9999 -9999 -9999 -9999 0.945637153459794 0.954849456514277 1.03344279960153 1.02061960674241 0.921257329336264 0.919211430985653 0.916040567274953 0.983407298668245 1.01865472670977 0.913051437314198 0.883768518378751 0.869848605077732 0.858739061136807 0.840030147627621 0.806092391845417 0.792574671313705 0.78288595825093 0.778288763335905 0.77287514162767 0.771530014563147 0.770827459387489 0.770334474071943 0.770715780467533 0.771399976446366 0.772232644067536 0.77491944191054 0.77916833238702 0.810892913007058 0.842972450487163 0.867560766704189 0.897041028423318 1.00529562369232 -9999 -9999 -9999 -9999 -9999 -9999 -9999 -9999 -9999 -9999
0.907433671743294 -9999 -9999 -9999 -9999 -9999 -9999 -9999 -9999 -9999 -9999 -9999 -9999 -9999 -9999 0.931395396748852 1.00438658329893 1.00876008589475 1.01489517944096 1.01200453505022 1.01989898968485 0.937402644875875 0.894278601095419 0.982378960659864 0.99303844412802 0.914032948221366 0.884806147478642 0.869801777976519 0.834066010165206 0.79525563435124 0.78572866060948 0.782275384881227 0.779695100111299 0.777267337899608 0.774834669991598 0.773103553821364 0.772276200704537 0.77188857636672 0.772714628730734 0.772976303032036 0.773393696027053 0.774619562640948 0.776034372891799 0.804042777058203 0.839212159931037 0.865407463335717 0.900389166160039 1.00061440014568 -9999 -9999 -9999 -9999 -9999 -9999 -9999 -9999 -9999 -9999
-9999 -9999 -9999 -9999 -9999 -9999 -9999 -9999 -9999 -9999 -9999 -9999 -9999 0.935703118416776 0.994941259669369 0.991216646904643 0.992950364580501 0.893560213899828 0.899853627645374 0.904265781181877 0.882952017256809 0.870123621386443 0.861401516320053 0.857212720623463 0.854005435834042 0.863547758458977 0.856340101308798 0.838280077630704 0.804202212188523 0.77915800069326 0.779647158079105 0.78022175634248 0.779442902723338 0.777846507380005 0.776222387419605 0.774866185374002 0.774270923723108 0.774068452256911 0.775048959726196 0.774628259102601 0.774480047610826 0.77669370590975 0.781767533819263 0.805990189838802 0.837911407119568 0.862999584059858 0.987291346563291 -9999 -9999 -9999 -9999 -9999 -9999 -9999 -9999 -9999 -9999 -9999
-9999 -9999 -9999 -9999 -9999 -9999 -9999 -9999 -9999 -9999 -9999 0.942689647589006 1.00392351529805 1.00206046562837 0.950529098961898 0.881521560807853 0.860389902276391 0.872000793515222 0.883724664426821 0.893631197838968 0.888067320598825 0.874746496878403 0.860621807920493 0.837679873119127 0.83123594369111 0.823368990687346 0.812483919517315 0.802132900287306 0.781735906943761 0.773979852408267 0.780111415339701 0.781058437715182 0.780023744600208 0.778851729152709 0.77760393556285 0.776648439711911 0.77601069919063 0.776466557304501 0.77803623146865 0.779073823404175 0.778067300878661 0.786761867149813 0.797640843363814 0.819720193229346 0.862278595358644 0.904912812794667 0.996926951746991 -9999 -9999 -9999 -9999 -9999 -9999 -9999 -9999 -9999 -9999 -9999
-9999 -9999 -9999 -9999 0.957017625629165 0.955591257260474 0.951310665579761 0.944670136655382 0.944690948700365 0.952490262557933 0.951645144874138 1.01117799954944 0.982981766677064 0.873988343811147 0.866474452284782 0.851813481524886 0.845162174934356 0.868747053268248 0.895815719274915 0.996216369068269 0.990467041641577 0.905256583180555 0.868477983258104 0.814150741334297 0.813805112730107 0.810237333590078 0.802500827511122 0.777199438602849 0.762303923528863 0.766358593028407 0.785416665756558 0.782155938608768 0.780674009512844 0.77998334693432 0.779083411810614 0.778135014353589 0.778143339171583 0.779945179130395 0.786047865349415 0.789386489008429 0.795126674001075 0.809440529582138 0.835177596353521 0.866085341372323 0.901879457238322 0.924809871086215 0.93364309760707 -9999 -9999 -9999 -9999 -9999 -9999 -9999 -9999 -9999 -9999 -9999
-9999 -9999 0.954745396289359 0.9522661614307 1.02017735078651 1.01892156685795 1.00595083146564 0.937764997444785 0.949665399095083 0.954658431672821 1.01894609533954 1.00392277201073 1.00109530704226 0.98309288813153 0.988373944546093 0.938056366074554 0.861716298500429 0.858384513084767 0.868029781003638 0.863894501994149 0.847081714440423 0.826378189405764 0.801364712841219 0.80105587695941 0.802168206435046 0.800395094531184 0.777896865095992 0.759687663652606 0.758974877126978 0.776097032012946 0.790218041698618 0.783310598297326 0.782074102674743 0.78124559746257 0.780309352753241 0.78035283506151 0.781823837833817 0.786995296532923 0.804335260618953 0.836107820435551 0.836157992329708 0.857451687497113 0.867467484145423 0.876708403761758 0.922315027193818 0.935681563084472 -9999 -9999 -9999 -9999 -9999 -9999 -9999 -9999 -9999 -9999 -9999 -9999
-9999 0.965724493305477 0.965225747513194 1.01177002790049 1.00226263977964 0.91578970780417 0.899364916231922 0.897859016119902 0.926232894661962 1.00101168721866 0.996945533930012 0.949123542638191 1.0067089845329 0.879620231841146 0.838167097957937 0.842614185998518 0.829489218487137 0.805698821209033 0.80041850808179 0.800519223513764 0.800597640326113 0.796947356293471 0.794513461961382 0.79537047224231 0.794297536994678 0.780300656291587 0.763266592102448 0.760919996866192 0.767349580848916 0.791703464244949 0.791167814237186 0.785135108519424 0.784226997235189 0.78380473570822 0.783746127502971 0.786179984670694 0.789090809312199 0.799102146236584 0.869575446987324 0.870189402314337 0.908505120416284 0.985544993002979 0.915741765771976 0.897929256771721 0.894765082646908 0.913546838313537 -9999 -9999 -9999 -9999 -9999 -9999 -9999 -9999 -9999 -9999 -9999 -9999
0.959766302141629 0.958879188724207 0.964776801971407 0.935415837867272 0.918371887956765 0.900936597271837 0.894563651782961 0.892013061341501 0.891399849301808 0.984543041694487 1.01437190516709 1.00786591124778 0.962184215796319 0.82676432716894 0.789372440878065 0.788506325327457 0.791426329567374 0.789977997058353 0.78781127735374 0.786534904366395 0.786669996836957 0.786699022206836 0.788412856946861 0.791916081583075 0.789902330409091 0.764965598260422 0.763936962937113 0.766393676189951 0.786698873549372 0.796673826559402 0.794947541756752 0.791148674588675 0.789398232948098 0.788899784470743 0.788712215915329 0.792485848478864 0.802130298781683 0.848069171646158 0.872466463021728 0.888686107293424 0.973447991856318 0.882812279240491 0.876395479799685 0.905468048423334 0.853161061437568 0.864918008634944 -9999 -9999 -9999 -9999 -9999 -9999 -9999 -9999 -9999 -9999 -9999 -9999
0.958894426114284 0.953140638963667 1.02108007323767 0.933110903885349 0.920567930346185 0.907639933974827 0.915076151976164 0.891878154692768 0.847320681314073 0.837993912012181 0.861054772784882 0.839541436214169 0.820084032372897 0.787560343554225 0.776510634242627 0.777943469211009 0.782234578407313 0.781490361977322 0.778983179515399 0.776477892436144 0.776262413441833 0.777304911073676 0.7804842854242 0.786000592275809 0.774399958402006 0.762930589069062 0.763049738026593 0.767655480745808 0.796006354545288 0.800230456389618 0.799371959534048 0.796639635342643 0.79606135780703 0.795665928952344 0.79526381051177 0.816472399280939 0.834736083684942 0.864661202865594 0.882442493798373 0.895955085647572 -9999 -9999 -9999 -9999 0.87332718973926 -9999 -9999 -9999 -9999 -9999 -9999 -9999 -9999 -9999 -9999 -9999 -9999 -9999
0.960565336011531 0.958527985465111 0.962805975640201 1.00505331202573 0.953594415873039 1.02070211163502 1.01199264245308 0.972768255601411 0.817887989983477 0.803017783842765 0.803072787104507 0.79287302684429 0.786047084897728 0.77586319382181 0.770722135574126 0.770338153344181 0.772471648105552 0.773386337482577 0.772101193704846 0.770266351788988 0.767779238084727 0.768812407460694 0.771491029143169 0.770907065459551 0.765100616402253 0.763886642385492 0.765597355318769 0.79124355521518 0.801162910333611 0.804459761245194 0.804372796628655 0.80342919337485 0.80324337154464 0.803612042055776 0.794797769361603 0.856242730669768 0.869003487393938 0.885585112590882 0.910668829807247 -9999 -9999 -9999 -9999 -9999 -9999 -9999 -9999 -9999 -9999 -9999 -9999 -9999 -9999 -9999 -9999 -9999 -9999 -9999
0.958406086344493 0.959477535017483 1.0230572175111 1.02287102403723 1.02170146143789 1.01117019503258 0.903248220839648 0.845283702411313 0.823577111137181 0.812105586271007 0.79947044510406 0.785808043695346 0.780846526500011 0.772759300298717 0.765287887642738 0.763938449511754 0.765197392411426 0.767903664382236 0.767748465989645 0.766333135437668 0.764842398386993 0.765393583099761 0.766934231894031 0.765752219232066 0.764924940443972 0.767208058943028 0.784287798138033 0.797499990416515 0.805225718829319 0.808243465351926 0.808553044521056 0.807200633240789 0.809278864589856 0.831908618716469 0.879564485292083 0.872471666032974 0.883725036070482 0.907823154299414 -9999 -9999 -9999 -9999 -9999 -9999 -9999 -9999 -9999 -9999 -9999 -9999 -9999 -9999 -9999 -9999 -9999 -9999 -9999 -9999
-9999 0.95252371048737 0.950425038736981 1.00853412654922 0.96178618543601 0.852006364584644 0.837065917792113 0.833064430500375 0.823703841625384 0.815997067039262 0.798216519393804 0.776259477456915 0.771752294636444 0.766037976042563 0.762521558056404 0.762393192336095 0.764485285993696 0.765935699707216 0.76570936871802 0.764930738085075 0.764704369931513 0.765310000440533 0.765600997426642 0.765248567743466 0.767073263787394 0.775446432621015 0.791786452274321 0.801655338183667 0.808951074881365 0.812889382750833 0.814634621380163 0.815494233166714 0.832742958734112 0.897736373711963 0.874621252964841 0.876761548805198 0.89551022818605 -9999 -9999 -9999 -9999 -9999 -9999 -9999 -9999 -9999 -9999 -9999 -9999 -9999 -9999 -9999 -9999 -9999 -9999 -9999 -9999 -9999
-9999 0.936130508626259 1.00568584953576 0.977704426699105 0.866936776998344 0.851422884037785 0.837827787295974 0.831778543435323 0.823710159567612 0.814005800306733 0.784493279917879 0.770307158262902 0.76650955468327 0.762287757029634 0.759297140494237 0.759707472259707 0.764488259142979 0.765523435394712 0.76482054573976 0.763996648908976 0.764241524916827 0.767555508601155 0.767389012241287 0.766649998822542 0.774275123296471 0.787308963782317 0.801688786113105 0.810375956675414 0.816778633657124 0.820664168126812 0.82552415227412 0.833349109544256 0.880684990928249 0.887890046572805 0.883645132683491 0.895016685405012 0.915652199649814 -9999 -9999 -9999 -9999 -9999 -9999 -9999 -9999 -9999 -9999 -9999 -9999 -9999 -9999 -9999 -9999 -9999 -9999 -9999 -9999 -9999
0.945652019206211 0.998928996145672 0.98766261858005 0.884628130165301 0.860590589853018 0.856511800679912 0.844574234663572 0.837366577513393 0.823866621548648 0.809498877636824 0.778777586242455 0.768453511177827 0.765568367113257 0.76227512114518 0.758550028960132 0.759203449127445 0.761571339545443 0.764938170958283 0.763590628209967 0.76281173742646 0.765244182348273 0.778727340019566 0.774132932431994 0.777039929143797 0.786891905266594 0.800301068685098 0.813366573210812 0.820890870759668 0.827678198929912 0.835153811159254 0.84101240182211 0.848121573402277 0.912121956519488 0.931348569647639 0.898952763412517 0.912909841079578 0.945091580566298 -9999 -9999 -9999 -9999 -9999 -9999 -9999 -9999 -9999 -9999 -9999 -9999 -9999 -9999 -9999 -9999 -9999 -9999 -9999 -9999 -9999
0.943131531901245 0.912232334686633 0.884648942210285 0.958817867520238 0.966768811991256 0.875574890597478 0.854742405212654 0.837717409128829 0.822935654179297 0.810218751407057 0.77984814297066 0.766964743838552 0.764495097386331 0.764321911440575 0.764510632091336 0.760005344653533 0.757237647418529 0.759720516952187 0.760864956440084 0.761498460223635 0.770112008176816 0.781063083260938 0.778269252043733 0.788682075614469 0.803112552976172 0.817959345566278 0.82785324309397 0.835570052058924 0.843469338061144 0.851070937491368 0.861392225228543 0.883370859662102 0.92178506333406 0.939088420519539 0.961650535499956 0.975299520572529 0.912134964047603 -9999 -9999 -9999 -9999 -9999 -9999 -9999 -9999 -9999 -9999 -9999 -9999 -9999 -9999 -9999 -9999 -9999 -9999 -9999 -9999 -9999
0.999657789363755 0.895535871598619 0.995085457409612 1.00311704855494 0.94402161846795 0.86272642596945 0.859676346448385 0.832599132637529 0.818112834398031 0.807639916047405 0.772800664238122 0.766108959981703 0.764288500675504 0.764253529007058 0.76431154258245 0.758863279968627 0.75652069105103 0.75643243683099 0.75750626030697 0.760735104145133 0.779293799286778 0.787670350077709 0.789534626171472 0.806031442285108 0.821620778908732 0.835639549423423 0.847896728987724 0.855584178103504 0.862309070138798 0.873059977947418 0.888103741677546 0.902300529505577 0.93134039348711 0.952411845745584 0.957829295383522 0.909923312624445 -9999 -9999 -9999 -9999 -9999 -9999 -9999 -9999 -9999 -9999 -9999 -9999 -9999 -9999 -9999 -9999 -9999 -9999 -9999 -9999 -9999 -9999
0.98783134480188 0.966961323407354 0.980137949387533 0.868651912491181 0.814332103440582 0.870895896912795 0.864536702239354 0.827674110849648 0.803564100023582 0.781205013974852 0.770147091338359 0.766302289013854 0.764890489076651 0.764042398243574 0.763774591821875 0.759344190581646 0.759765225684536 0.757374969751054 0.756284151010483 0.761334602533756 0.789350402409002 0.796883061940218 0.802675871675179 0.823253409508956 0.845371781958832 0.856437100304168 0.866185313516975 0.867233348639359 0.875796018575428 0.889720391600372 0.897117958661025 0.910321714628415 0.938595621025823 -9999 -9999 -9999 -9999 -9999 -9999 -9999 -9999 -9999 -9999 -9999 -9999 -9999 -9999 -9999 -9999 -9999 -9999 -9999 -9999 -9999 -9999 -9999 -9999 -9999
0.845912895128403 0.834164495735217 0.822877306124611 0.807658126586765 0.809624493194046 0.839782632949781 0.823286485794733 0.799839858902517 0.779942800610969 0.772654571115211 0.768529958278775 0.766137204899895 0.764833516103509 0.764418352970454 0.761282609585663 0.760399212604846 0.759928711730754 0.759542982775605 0.759450815147821 0.775449740249593 0.809997995072768 0.815368245965832 0.828550074957257 0.849482160843074 0.859937983585321 0.867429948135721 0.875716486832098 0.877359151811153 0.882589293044239 0.893432368480643 0.900849261011639 0.919871470126559 -9999 -9999 -9999 -9999 -9999 -9999 -9999 -9999 -9999 -9999 -9999 -9999 -9999 -9999 -9999 -9999 -9999 -9999 -9999 -9999 -9999 -9999 -9999 -9999 -9999 -9999
0.803127418722589 0.80773319860617 0.815052348854475 0.818498972161207 0.819261956596049 0.811717590289529 0.796006726188948 0.784007392996247 0.77288978438789 0.768978532176902 0.766767735534163 0.766034148112861 0.766151327358991 0.758501261879012 0.759395811886079 0.759727689674833 0.759837733362684 0.760283482768991 0.765054421095262 0.810149254042558 0.830619386858474 0.839099180258269 0.853388507357745 0.868129753148291 0.872599883095819 0.878377083797043 0.881774278496939 0.883783755768828 0.886603044576772 0.894602302723644 0.904998662480224 0.932272104143782 -9999 -9999 -9999 -9999 -9999 -9999 -9999 -9999 -9999 -9999 -9999 -9999 -9999 -9999 -9999 -9999 -9999 -9999 -9999 -9999 -9999 -9999 -9999 -9999 -9999 -9999
0.79981644535191 0.814130300932974 0.824554533964085 0.819250435642576 0.802937880455775 0.786829654953473 0.780403341434961 0.772547760727206 0.766919886448739 0.765221289098791 0.764478930887103 0.764835894622936 0.764487701677488 0.760851391446478 0.760231898628925 0.760023257877965 0.760006273762684 0.762715630375875 0.784462247672234 0.830683309568066 0.874073821853043 0.882775114874449 0.890514965746349 0.893335741128934 0.893533083912617 0.893892091688582 0.893142114781856 0.89415558704382 0.894362220919013 0.90069986026015 0.90985678840923 0.927738794773983 -9999 -9999 -9999 -9999 -9999 -9999 -9999 -9999 -9999 -9999 -9999 -9999 -9999 -9999 -9999 -9999 -9999 -9999 -9999 -9999 -9999 -9999 -9999 -9999 -9999 -9999
