raw_data/Abundance/Calamus brachysomusGrid_precio_Teorico.asc
NCOLS 96 
NROWS 96 
XLLCORNER 0 
YLLCORNER 0 
CELLSIZE 0.0104166666666667 
NODATA_value -9999 
[rows 26 to 51 of 96, columns 0 to 57 of 96]
0.755644492064628 0.755974278242862 0.755998698947788 0.755749672795181 0.755657540845189 0.755625408162665 0.755618861287943 0.755575052304897 0.7556497404164 0.755686545774666 0.755683454442699 0.755639149687009 0.755609270651642 0.755590675461093 0.755584429246093 0.755580714296063 0.755590623059337 0.755574334660988 0.755592044596338 0.755700351593363 0.756242619831431 0.757196722018643 0.758380879064529 0.761037436262884 0.764466257838282 0.78951333098973 0.809531953922601 0.834098343163662 0.88141229757169 0.880930647387786 0.883653308844021 0.830025128645463 0.828060248612824 0.841611119759046 0.829223121626277 -9999 -9999 -9999 -9999 -9999 -9999 -9999 -9999 -9999 -9999 -9999 -9999 -9999 -9999 -9999 -9999 -9999 -9999 -9999 -9999 -9999 -9999 -9999
0.755561389940652 0.755828378374654 0.755744721758337 0.755663220675251 0.755643746175801 0.75574745928554 0.755721967875228 0.755698952354982 0.755639565184621 0.755614818919849 0.755604455636378 0.755611626500806 0.755604854781669 0.755592263866098 0.755581240171843 0.755583040413734 0.755577484712654 0.755857946344277 0.756213367758919 0.758719089661257 0.760654531799554 0.758557406086791 0.759814171154613 0.774099558831288 0.787416926265669 0.804327456102084 0.82887154672352 0.876940681049521 0.891655168496516 0.893592175254624 0.895122603848232 0.834122128357929 0.840123801830046 0.938428381378634 -9999 -9999 -9999 -9999 -9999 -9999 -9999 -9999 -9999 -9999 -9999 -9999 -9999 -9999 -9999 -9999 -9999 -9999 -9999 -9999 -9999 -9999 -9999 -9999
0.755636401753784 0.755699334404665 0.755842616043285 0.755784158353719 0.755712419977948 0.755715991101881 0.755704048704497 0.755680010049254 0.755664186577124 0.755653875323766 0.755652707991029 0.755639059005956 0.755598064108706 0.755584724702803 0.755561456093224 0.755579458883778 0.755926700421455 0.756957788592923 0.757637387339676 0.763166694286527 0.77265026004875 0.77294828110004 0.770071907825856 0.785363632206216 0.807253034996908 0.825541247882499 0.874390462251721 0.887961773799266 0.892474271124081 0.895354509492334 0.90287843539753 0.90488828431308 0.842387483365662 -9999 -9999 -9999 -9999 -9999 -9999 -9999 -9999 -9999 -9999 -9999 -9999 -9999 -9999 -9999 -9999 -9999 -9999 -9999 -9999 -9999 -9999 -9999 -9999 -9999
0.755723875522137 0.755752696116359 0.755782236955995 0.755775393509632 0.755727863630257 0.755700206280692 0.755681522267308 0.755656332260005 0.755648266477643 0.755644155727115 0.755632948069248 0.755640139745721 0.755603236273528 0.755586077114083 0.755700454538657 0.756047098101684 0.757030273972451 0.758874886400142 0.763783325447895 0.770487368273839 0.795408379895673 0.781118160851412 0.779977958101244 0.794535388937347 0.828851106322197 0.871026343837602 0.887011109315912 0.891554453064543 0.895624322789799 0.898957594780103 0.90598649132962 0.91793334843747 0.947781165736755 -9999 -9999 -9999 -9999 -9999 -9999 -9999 -9999 -9999 -9999 -9999 -9999 -9999 -9999 -9999 -9999 -9999 -9999 -9999 -9999 -9999 -9999 -9999 -9999 0.961948965359274
0.755797948191739 0.755769723342305 0.755799007376171 0.755787672244528 0.755765679115992 0.755697070723129 0.755677015716282 0.755651752866821 0.755628394319477 0.755617815111039 0.755622975383264 0.755635521701596 0.75566078083462 0.755818960924299 0.756611045057751 0.75753840376716 0.759165838789011 0.768122413840759 0.774511600157596 0.77764515084479 0.804570511055999 0.804388034018733 0.814106887382367 0.817005707933641 0.855432919133714 0.876314089838053 0.890991784562667 0.895822780504463 0.901398921985399 0.903824640156958 0.915257514082449 0.921073365724356 0.930276749330989 -9999 -9999 -9999 -9999 -9999 -9999 -9999 -9999 -9999 -9999 -9999 -9999 -9999 -9999 -9999 -9999 -9999 -9999 -9999 -9999 -9999 -9999 -9999 -9999 0.973902512053012
0.75583336211614 0.755809744161521 0.755794774354879 0.75579868032975 0.755791732451518 0.755748780850396 0.755673604770767 0.755639022213234 0.75562176977123 0.755605168077275 0.755626483327775 0.755837457629278 0.756097006128842 0.756843998736976 0.758036439720052 0.759382507043036 0.763901247981346 0.775950455753276 0.77921575411809 0.813040641720623 0.822642055687566 0.831555557239071 0.839439605851214 0.842202776466434 0.87107725901908 0.878948300103108 0.890538379296955 0.897078564433021 0.907577126196216 0.910988814998868 0.919049765993371 0.924079962937151 0.940988262911604 -9999 -9999 -9999 -9999 -9999 -9999 -9999 -9999 -9999 -9999 -9999 -9999 -9999 -9999 -9999 -9999 -9999 -9999 -9999 -9999 -9999 -9999 -9999 0.988031660734847 1.04044791095678
0.755829798053437 0.75580444823936 0.755787142280668 0.755796732916969 0.755783806035529 0.755745074819815 0.755671905615951 0.755631580792221 0.75560494211793 0.755622760944872 0.755903264572229 0.756664558028415 0.757393120827429 0.758301239544537 0.760171915342133 0.762157718912853 0.767600663305896 0.778781079692863 0.815169044963847 0.821610372886241 0.836164310271935 0.846979140790147 0.852014540745173 0.864274321815097 0.874648754595712 0.881348374862098 0.891324405638743 0.898393439703585 0.908441197706692 0.913414533170428 0.926402735814774 0.929523055987658 0.949677291692216 -9999 -9999 -9999 -9999 -9999 -9999 -9999 -9999 -9999 -9999 -9999 -9999 -9999 -9999 -9999 -9999 -9999 -9999 -9999 -9999 -9999 -9999 0.989267747549402 0.988050986205188 0.982991429412235
0.755804726972105 0.755785431976543 0.755782756885476 0.755789235749408 0.755770753910175 0.755739557026388 0.755696079921131 0.755630609315693 0.755637141324668 0.755933137289653 0.756898095188186 0.758195272787642 0.759212480068394 0.760662076165861 0.76386928662655 0.766841804115685 0.771654515189387 0.787506269401633 0.835020762728824 0.84025127560557 0.864881215912563 0.866612703726458 0.861923675662943 0.870637604568803 0.872748168916326 0.880366863954929 0.891008136883726 0.898837925521447 0.907567835104705 0.919529186315312 0.93567078541832 0.947702748924406 0.978820844255006 0.987177995246863 0.978905950653242 -9999 -9999 -9999 -9999 -9999 -9999 -9999 -9999 -9999 -9999 -9999 -9999 -9999 -9999 -9999 -9999 -9999 -9999 -9999 0.991175766101997 0.988330462237824 1.04637599898413 0.983149377967913
0.755793424173461 0.755792151293924 0.755782656170044 0.755782814861887 0.755763548482887 0.755776093686288 0.755759117747167 0.755700954771024 0.756272548295405 0.75806112057554 0.759603746514083 0.762196927319028 0.763093926457817 0.765334008620996 0.771077538406586 0.777927562862343 0.795981082776379 0.813166257277845 0.815914562146649 0.818943457979069 0.870970597288539 0.869533079610036 0.870963536058991 0.871919775197251 0.872800570672445 0.880283987418656 0.890213191094088 0.899281668051988 0.907752170360274 0.91939390802292 0.938348849635304 0.958551027372057 0.992505507118979 0.985272949843551 0.984295898660308 -9999 -9999 -9999 -9999 -9999 -9999 -9999 -9999 -9999 -9999 -9999 -9999 -9999 -9999 -9999 -9999 -9999 0.990501604501996 0.992909112134194 1.04596570438303 0.987843237399014 0.939889684251404 0.869354319009374
0.755827382369644 0.755802348452678 0.755777397412249 0.755792489118011 0.755887046042888 0.755944847781393 0.756028214887298 0.756420666876265 0.759672426262529 0.762737928995501 0.76520110884803 0.766480826628319 0.766217294108716 0.768692440887111 0.781435433044312 0.803119985849381 0.8248867833965 0.824104473491317 0.823682657936741 0.822298656945338 0.8779671608396 0.874619023102879 0.872926929516988 0.870471108208935 0.873496659248411 0.882019563312816 0.89060453186851 0.902089807550119 0.913290404187847 0.928165070052484 0.944095203912713 0.965060737727967 -9999 -9999 -9999 -9999 -9999 -9999 -9999 -9999 -9999 -9999 -9999 -9999 -9999 -9999 -9999 -9999 -9999 -9999 -9999 0.979929085650377 0.98845942258799 0.993150680513467 0.964398097081439 0.930698936529225 0.862729027475073 0.892778647281965
0.755849357659285 0.755766365913476 0.755800204068758 0.755921263274703 0.755911043074041 0.756517208749932 0.757491565516637 0.761246671643701 0.764905763631095 0.765979999631538 0.767259791740559 0.768362978782149 0.76837357062647 0.770368033494479 0.806964267872762 0.825927014002015 0.823082081781502 0.822844973126155 0.824628491052509 0.824473515646114 0.823426223811051 0.882264104841372 0.877993175895829 0.872500282594826 0.877654236877526 0.883163854143248 0.894494154418462 0.907962892315731 0.920570903495469 0.94894589696851 0.95763306753082 -9999 -9999 -9999 -9999 -9999 -9999 -9999 -9999 -9999 -9999 -9999 -9999 -9999 -9999 -9999 -9999 -9999 -9999 -9999 -9999 0.973122803653451 0.986926020845098 0.979287628692493 0.944722538411501 0.892027555444257 1.01125232828153 1.02557101523018
0.755923552599651 0.755810650972052 0.755935333703686 0.756094274547938 0.757213044608209 0.758892717862969 0.761419969082554 0.766409471045519 0.769229577469515 0.768244164303912 0.769321745097299 0.77128116196813 0.772598936059246 0.78675588368688 0.820126028106524 0.821088213543351 0.821287414545336 0.823149720927699 0.824904993935861 0.826110605970262 0.890150011671817 0.891885959209637 0.885584740947222 0.878330999983151 0.883189497555817 0.888831419964648 0.896634078615159 0.913114616736469 0.932818791968259 0.961312339768975 -9999 -9999 -9999 -9999 -9999 -9999 -9999 -9999 -9999 -9999 -9999 -9999 -9999 -9999 -9999 -9999 -9999 -9999 -9999 0.96624107799346 1.01239922061758 1.02974308696205 1.03973621334707 1.03354277174618 0.890554731618014 1.01519137943832 1.01260994257304 0.923855118522597
0.756058336605975 0.756098589330835 0.756541729798647 0.757874265575954 0.759332409477611 0.776123678863398 0.783025138801757 0.790410107142323 0.773470217456734 0.773588883277506 0.782363352935648 0.796475368844738 0.801842646588518 0.813217544102983 0.812748901447194 0.814981364915335 0.818461807795165 0.82114024365581 0.824538553286687 0.827480112858909 0.895832814883294 0.897453181242724 0.888561235023523 0.883350047617118 0.885491458388456 0.89011767867336 0.898221740332471 0.914464054867453 0.938018830064851 -9999 -9999 -9999 -9999 -9999 -9999 -9999 -9999 -9999 -9999 -9999 -9999 -9999 -9999 -9999 0.977934102481244 0.979645149893816 1.04755262281302 1.04939077235745 0.969640502555319 1.01159275387447 0.99028382131699 0.94214481798283 0.935778562079841 0.904060262237665 0.968219337197874 1.02581667168971 0.908226387670969 0.91217695978123
0.756136024996749 0.756297069344119 0.758269965730513 0.760128953334989 0.765834872782144 0.787659683904655 0.792448721277189 0.801574691509356 0.827418048367619 0.801435325136698 0.806907778036378 0.810254429198457 0.808877861080263 0.809344273874089 0.81085054562977 0.812990098182806 0.813986846480052 0.818959067012807 0.883501678230569 0.888353857861009 0.892728103744148 0.892591710520774 0.884894598669822 0.884178441336194 0.887621348206321 0.891559656075789 0.900692055743281 0.997806632291205 -9999 -9999 -9999 -9999 -9999 -9999 -9999 -9999 -9999 -9999 -9999 -9999 -9999 -9999 -9999 0.933547585186342 0.978028871614651 1.03134189798917 0.963375705371625 0.957888758369189 0.936505868723283 0.920459038753682 0.908944031579239 0.914360366286196 0.910664370083322 0.888539308047558 0.91874799134111 0.909758674482879 0.902170454224431 0.911119261923676
0.756129662457283 0.757958338804815 0.763179181513517 0.782533045430996 0.774603358977353 0.799599405454225 0.809735614648511 0.838715272357056 0.850156322443075 0.856392131421257 0.811872937339585 0.812297354399784 0.81119543094664 0.810845342618524 0.8129310068408 0.814347340830659 0.815681541571566 0.81834176689285 0.820172483564077 0.883146015247548 0.885524163030573 0.881600349263862 0.881735999199916 0.885518216732006 0.890522398619557 0.899209940825527 0.912204833055761 -9999 -9999 -9999 -9999 -9999 -9999 -9999 -9999 -9999 -9999 -9999 -9999 -9999 -9999 -9999 0.932271732500121 0.929031743068583 0.962748742516497 0.90921050008376 0.88894848771768 0.89259728517568 0.901368075561584 0.89877846253578 0.894966513510856 0.888662693742817 0.894054499968186 0.886686292756706 0.89203015694988 0.917434974288847 0.990969875514125 0.922705624680919
0.757030407764169 0.760966452323744 0.784907997078542 0.787934663048999 0.812627373970237 0.819651810795829 0.829604799665528 0.843604987997197 0.856033123645291 0.859095467407149 0.867099185277947 0.868399938089416 0.866483371732632 0.867238551650605 0.869052172713453 0.870313159653257 0.873625619598577 0.878471109643129 0.88034976834655 0.881025416521193 0.878902587932876 0.878913737242689 0.879654794701565 0.883434039084373 0.89086133763786 0.906920060204594 0.990813785176748 -9999 -9999 -9999 -9999 -9999 -9999 -9999 -9999 -9999 -9999 -9999 -9999 -9999 -9999 0.930567374673437 0.93251850389064 0.990174558080826 0.909789892550354 0.873816272796372 0.864919123565926 0.86283271605633 0.86675652982304 0.865810696707272 0.863855851053465 0.859209190367238 0.856237899302183 0.853213834837348 0.863861797352032 0.912794631544848 1.01696226148022 0.941244697037294
0.759510909927711 0.776756922496387 0.789012652650413 0.826791457156151 0.822950519925714 0.833673926103463 0.840406994299286 0.851640295579131 0.862057095737034 0.867554077118301 0.868851485136826 0.871047527526246 0.869287423150498 0.871535495652377 0.872910205552269 0.871898963152267 0.874669566640696 0.876714721703985 0.877732282046214 0.876647082557789 0.876118233629012 0.87562023112405 0.880621068218657 0.886915225251524 0.899518776707336 0.917764250571979 -9999 -9999 -9999 -9999 -9999 -9999 -9999 -9999 -9999 -9999 -9999 -9999 -9999 -9999 0.928861901915771 0.927066863035944 0.922499362449386 0.975984088195022 0.874988808544996 0.854896637331728 0.845939653471954 0.846973937778902 0.846199432390587 0.847270509419916 0.847992613052112 0.845931848955085 0.847403557850347 0.849004970383095 0.863546643527996 0.893796579267855 0.920821762966252 1.00318543098846
0.770983103752473 0.791293020986382 0.834053374280751 0.826443970333659 0.827125936450529 0.837191904992995 0.849055142277252 0.861618184574078 0.873637512195711 0.882964281497603 0.881880196940158 0.882558818264085 0.883614286259677 0.881841917643135 0.882863194421968 0.880176582400795 0.880100767094069 0.879238182158235 0.878898499852611 0.880852973862758 0.881201575616232 0.885145086496945 0.885868305060122 0.897938176219571 0.923366035465485 0.932787202257124 -9999 -9999 -9999 -9999 -9999 -9999 -9999 -9999 -9999 -9999 -9999 -9999 0.928600636422496 0.930267829883139 0.922053390056883 0.920050974014542 0.976956679654341 0.864127522569232 0.822372985677422 0.835344092713389 0.827465618756152 0.829940393890887 0.831405041556601 0.836641500731914 0.841181871331261 0.841846741839752 0.848093700127746 0.858108381845075 0.873623761380275 0.899128550863896 0.922223974497015 1.03368288140616
0.796581287287957 0.843146379720239 0.830592628514923 0.830063036298825 0.832388410682071 0.846959072032485 0.858481512080136 0.87220222437917 0.883898965303558 0.974346997870874 0.901627111192897 0.904214122713078 0.906611595966446 0.902542841172171 0.898967257515273 0.893503724063444 0.893466559697402 0.890574057088356 0.888560120092541 0.891076147673583 0.893019100730257 0.897611129798402 0.904500288331601 0.925738608593604 0.954631673329271 -9999 -9999 -9999 -9999 -9999 -9999 -9999 -9999 -9999 -9999 -9999 -9999 0.930568489604418 0.93627321979186 0.999195836293853 0.920883084170221 0.965227605731496 0.865069639248396 0.827508357777101 0.807243743905397 0.81867884769285 0.814131044220295 0.816189578455359 0.820585751314464 0.828596530414809 0.838646518279878 0.841606660035121 0.916211523358746 0.869489597301767 0.890284175033228 0.908846660940209 1.017054429108 0.993254740738385
0.850256294587728 0.832653764255611 0.834898491964546 0.837381071616149 0.846372246692682 0.861136162746514 0.874598211057895 0.956178454243937 0.902607135525424 0.922236238737809 0.936107838362973 0.92315791501565 0.924149088657989 0.935782278516446 0.918296815937361 0.9185800084066 0.922124745639683 0.90572968556027 0.903848053707565 0.908729221543517 0.914826407436362 0.917537547939123 0.949401903739845 0.933485149051392 -9999 -9999 -9999 -9999 -9999 -9999 -9999 -9999 -9999 -9999 -9999 -9999 0.923638450268573 0.930622006291519 0.946302023968285 0.984123084358213 0.857432362026771 0.838243656551983 0.827124449875887 0.808765253051156 0.815814590001996 0.810589280136495 0.81001806383043 0.80881319508335 0.814430217366933 0.826417955277429 0.840115625669517 0.848288813049466 0.866097233969456 0.884465350242038 0.902445842176801 0.91475356527892 0.935428845395387 0.926471489891952
0.855572285506371 0.846763959110764 0.845394452222118 0.849507432611982 0.859062762765032 0.875457451200786 0.956006754872823 0.99937868497478 1.03620597021675 0.981888019384449 0.962073094341854 0.953206791535222 0.930310940547747 0.93252742333849 0.928368359134734 0.935196939751285 0.93743311965603 0.95855400052134 0.944897582575559 0.945062592360785 0.96316795656545 0.95958122359874 0.956507730527069 -9999 -9999 -9999 -9999 -9999 -9999 -9999 -9999 -9999 -9999 -9999 -9999 -9999 0.924103376487758 0.925190805838146 0.985217574938149 0.938490445869924 0.827886691023408 0.805116083949495 0.80234882525401 0.792362760098534 0.801323088751252 0.801416742953677 0.804008957485105 0.807946522067251 0.817454281831767 0.831918653095301 0.848165055710547 0.86021188496305 0.879036751294287 0.914714914338236 0.91240737885069 0.925758677351267 0.929925174428232 0.917620796119057
0.857224613220597 0.853795085522244 0.857641597407588 0.862454011166362 0.872815808062523 0.885263640824619 0.991093261209384 0.969159224015075 0.866997354914992 0.864155395843763 -9999 -9999 -9999 0.935292452172013 0.933004242154809 0.938533928178193 0.942420205935201 0.950888850025184 0.952157641481857 0.95098213258395 -9999 -9999 -9999 -9999 -9999 -9999 -9999 -9999 -9999 -9999 -9999 -9999 -9999 -9999 0.980009360681028 0.969332038317171 0.967141198938997 0.99010729057829 0.9827297922753 0.914628693009019 0.795274216534261 0.798483731185645 0.797414140730958 0.801973465156986 0.786658290061654 0.788281964049661 0.800097779602848 0.814042221385454 0.827402067690221 0.843542923505907 0.863225543405393 0.879613170611598 0.900705434915056 0.919895255320826 0.92099680713031 0.925662793286879 0.926739073327454 0.903350051202602
0.858020673941216 0.862612331365701 0.867627290919404 0.873069269038929 0.879032663214023 0.96930527997362 1.04697843335767 0.980909109982904 0.847418795240424 -9999 -9999 -9999 -9999 -9999 -9999 -9999 -9999 -9999 -9999 -9999 -9999 -9999 -9999 -9999 -9999 -9999 -9999 -9999 -9999 -9999 -9999 -9999 -9999 0.996301103822845 0.984258362650606 0.957919604793004 1.02010116383612 1.01075952878781 0.887635470665417 0.826874705336085 0.813246532308496 0.850202034613307 0.816111904930332 0.792366290713308 0.78060625887355 0.782205887516728 0.802653573055554 0.825911776611938 0.840715458537434 0.857427902302846 0.873865701403208 0.902028857989811 0.931947287584575 0.943464896264641 0.924545260799997 0.914783296771753 0.949315682410628 1.01083720231284
0.864614747408042 0.86985603795094 0.877125016305089 0.886071222498711 0.904430047679782 1.02842561018586 1.02049993748375 1.01373267807117 -9999 -9999 -9999 -9999 -9999 -9999 -9999 -9999 -9999 -9999 -9999 -9999 -9999 -9999 -9999 -9999 -9999 -9999 -9999 -9999 -9999 -9999 0.995810534191091 1.0114797742017 0.948735175013052 1.04380608307233 1.04835388654488 0.953563197805564 0.926351448989636 0.884627758521641 0.831549239296844 0.789956813369709 0.850264842391918 0.959312153588596 0.80355295071377 0.784917473991882 0.780545606628169 0.783999216835717 0.814195338573547 0.837987594069954 0.853848973853005 0.867602390794156 0.884996057389117 0.915966238542869 0.945992816442816 0.954690764671277 0.926678495410805 0.887586413702242 0.959359352333469 -9999
0.86564011226714 0.873749748581157 0.888358689228594 0.904554548306023 0.952016416890898 1.00595529118957 1.01445106526676 -9999 -9999 -9999 -9999 -9999 -9999 -9999 -9999 -9999 -9999 -9999 -9999 -9999 -9999 -9999 -9999 -9999 -9999 -9999 -9999 -9999 -9999 1.00203779536508 0.990378218806736 1.04672794553055 1.00740507310886 1.05141214222648 1.03815152477904 0.905445749803709 0.858792949467568 0.821811432106528 0.789772812593435 0.779569744704639 0.792057343338401 0.805682097244314 0.787583942926661 0.780887035658997 0.780523642487839 0.79051632290047 0.82776442025913 0.847402442919365 0.861175928618179 0.876146106903543 0.912711383364914 0.929627116212575 0.953279262049004 1.0022667278599 0.950146305991666 0.988493985448409 -9999 -9999
0.866484486663613 0.878085715167274 0.88451180569959 0.973639016697774 1.06392575591647 1.00727313960941 -9999 -9999 -9999 -9999 -9999 -9999 -9999 -9999 -9999 -9999 -9999 -9999 -9999 -9999 -9999 -9999 -9999 -9999 -9999 -9999 -9999 -9999 -9999 1.00089127467269 1.00425390651217 1.00579511277193 0.990928623067818 1.03689202441388 0.982181989519841 0.848846650183756 0.809866061573319 0.785127081016359 0.779486868168366 0.778790705263668 0.780836046148787 0.780628966301201 0.778950660695112 0.778541332367526 0.781901957331237 0.802498597649159 0.832137922854948 0.849209002752665 0.862920795603849 0.883193213992421 0.921481058819836 0.931742511927684 0.9556135558801 0.954192390522655 -9999 -9999 -9999 -9999
