raw_data/Abundance/Epinephelus analogusGrid_precio_Teorico.asc
NCOLS 96 
NROWS 96 
XLLCORNER 0 
YLLCORNER 0 
CELLSIZE 0.0104166666666667 
NODATA_value -9999 
[rows 24 to 47 of 96, columns 0 to 54 of 96]
4.09855978173804e-06 4.12192443550006e-06 4.16310083941986e-06 4.11297869669951e-06 4.10590439039773e-06 4.10428943957978e-06 4.10182898298633e-06 4.10151703056076e-06 4.10149559440855e-06 4.11759724731841e-06 4.1571983761055e-06 4.1098662238097e-06 4.10263349682164e-06 4.10443902255418e-06 4.10538023886893e-06 4.10417812201743e-06 4.10312793859562e-06 4.10068224286136e-06 4.10040686352005e-06 4.10036041852359e-06 4.10174389650497e-06 4.10086943312034e-06 4.12246080939634e-06 4.24871288257734e-06 4.38237575323887e-06 4.62013746797383e-06 5.24434411756535e-06 5.34662652979371e-06 4.7772785663968e-06 4.97189250335443e-06 6.0781352239225e-06 8.09134718554191e-06 1.53958946853271e-05 1.44768666684762e-05 1.83973320674192e-05 -9999 -9999 -9999 -9999 -9999 -9999 -9999 4.6144456719403e-05 4.36153668315983e-05 -9999 -9999 -9999 -9999 -9999 -9999 -9999 -9999 -9999 -9999 -9999
4.10430918340418e-06 4.15194849319676e-06 4.18750044565343e-06 4.14876306217487e-06 4.10708751557052e-06 4.10461314428177e-06 4.10285961062016e-06 4.10157710819787e-06 4.1064448070771e-06 4.13666733721815e-06 4.1477814180292e-06 4.1150820721259e-06 4.10476235118333e-06 4.10295992805177e-06 4.10418423320117e-06 4.10415546362847e-06 4.10310509217024e-06 4.10155125318972e-06 4.09965988883013e-06 4.09688268488233e-06 4.10265953986621e-06 4.13997988086191e-06 4.26088918114126e-06 4.44116816140025e-06 4.62703370378314e-06 4.96332838447413e-06 5.59102687043863e-06 6.28304791576155e-06 6.81290634998835e-06 7.34593319794077e-06 8.58895737324392e-06 9.12554751141001e-06 1.29198592742395e-05 1.66343965846599e-05 2.08366345632963e-05 -9999 -9999 -9999 -9999 -9999 -9999 -9999 4.5902265806727e-05 4.29501879856422e-05 -9999 -9999 -9999 -9999 -9999 -9999 -9999 -9999 -9999 -9999 -9999
4.10549983003389e-06 4.1475258765305e-06 4.15431408541486e-06 4.124224591043e-06 4.1118537687996e-06 4.1073962713769e-06 4.10558397633313e-06 4.10322835004544e-06 4.10547801780883e-06 4.11216910588078e-06 4.11470891384469e-06 4.10755741859131e-06 4.10286186705723e-06 4.10205302838419e-06 4.1001566810594e-06 4.09927356799932e-06 4.1026126247787e-06 4.10067725989615e-06 4.10109761531951e-06 4.11387233979927e-06 4.17638185196824e-06 4.27531721586924e-06 4.38396654137648e-06 4.59715847691516e-06 4.83664730619432e-06 5.20667102024032e-06 5.87016694021157e-06 7.016098508558e-06 1.27811448050771e-05 1.09907936118611e-05 1.15914571611253e-05 1.21075513291969e-05 1.4194059888457e-05 2.03352354416732e-05 2.29027787779579e-05 -9999 -9999 -9999 -9999 -9999 -9999 -9999 -9999 -9999 -9999 -9999 -9999 -9999 -9999 -9999 -9999 -9999 -9999 -9999 -9999
4.0941397035635e-06 4.1324969714132e-06 4.12450128663928e-06 4.1146145195604e-06 4.11322577655918e-06 4.10999540483223e-06 4.10703919020984e-06 4.1050997825442e-06 4.10426856753684e-06 4.10319826421778e-06 4.10262729161968e-06 4.10350015669472e-06 4.10214864490523e-06 4.10273644676317e-06 4.10064933648736e-06 4.10116549646818e-06 4.09899800062158e-06 4.14134690565628e-06 4.18577051056289e-06 4.22889572396948e-06 4.30397960780961e-06 4.38433321240111e-06 4.48079965806963e-06 4.74483382181009e-06 5.12763931170171e-06 5.65749774592851e-06 6.74602179436812e-06 9.81062061090732e-06 1.68119969860749e-05 1.80561399780942e-05 1.40881953823726e-05 1.56479575102046e-05 2.43235819892777e-05 5.47341485532177e-05 -9999 -9999 -9999 -9999 -9999 -9999 -9999 -9999 -9999 -9999 -9999 -9999 -9999 -9999 -9999 -9999 -9999 -9999 -9999 -9999 -9999
4.09439411684366e-06 4.11753829789984e-06 4.12006118258569e-06 4.1166530224209e-06 4.11418457427947e-06 4.11152536318703e-06 4.1075335379656e-06 4.10526459646886e-06 4.10471825664217e-06 4.10412001876276e-06 4.10409914671982e-06 4.10421742162981e-06 4.1023669551922e-06 4.10201184840758e-06 4.09972438532318e-06 4.10203347259621e-06 4.15363019694483e-06 4.27394266961795e-06 4.34111680132942e-06 4.39930749293756e-06 4.75585275619116e-06 4.74224926117754e-06 4.62432409892937e-06 5.15219686853051e-06 5.86491132219193e-06 6.58409422880061e-06 1.1043443810269e-05 1.61217152776636e-05 1.79184973165423e-05 1.96600906653042e-05 2.1146518588211e-05 1.87381480838985e-05 2.57178720649708e-05 -9999 -9999 -9999 -9999 -9999 -9999 -9999 -9999 -9999 -9999 -9999 -9999 -9999 -9999 -9999 -9999 -9999 -9999 -9999 -9999 -9999 -9999
4.10711506290647e-06 4.11231323579892e-06 4.1176160509607e-06 4.11667756117408e-06 4.11430125087987e-06 4.11248999003643e-06 4.10755328179001e-06 4.10449449329893e-06 4.10312408384895e-06 4.10283892661364e-06 4.10299368058968e-06 4.10365829532636e-06 4.10308647656437e-06 4.10280602023964e-06 4.12481023048208e-06 4.17485405603229e-06 4.29151937424713e-06 4.46618170655454e-06 4.94265377977791e-06 5.5523571800723e-06 5.6066997062861e-06 5.03738182871686e-06 4.96817220272765e-06 5.46940491211654e-06 6.84001180034724e-06 1.00110204285971e-05 1.61202109862806e-05 1.78480776761718e-05 1.95373028811602e-05 2.11748180698552e-05 2.2908325852433e-05 2.60472178596541e-05 3.66326342677598e-05 -9999 -9999 -9999 -9999 -9999 -9999 -9999 -9999 -9999 -9999 -9999 -9999 -9999 -9999 -9999 -9999 -9999 -9999 -9999 -9999 -9999 -9999
4.11881797977578e-06 4.11670755298353e-06 4.11776027489705e-06 4.11601322849203e-06 4.11364293536335e-06 4.11088312478467e-06 4.10748389634996e-06 4.10380148506239e-06 4.10153997100435e-06 4.10067904624217e-06 4.10180322199639e-06 4.10407686440371e-06 4.11018165490909e-06 4.13622422938762e-06 4.24852578633657e-06 4.34968844166664e-06 4.5239305125689e-06 5.40746571441818e-06 5.97343654366007e-06 6.20807779395725e-06 6.09003792949113e-06 5.93431556587883e-06 6.25407150299495e-06 6.33932721713106e-06 8.22871719428063e-06 1.12321571642765e-05 1.79890109751242e-05 1.96687403407569e-05 2.14097695802501e-05 2.27024259693738e-05 2.46380729065531e-05 2.719141949291e-05 3.58534113313239e-05 -9999 -9999 -9999 -9999 -9999 -9999 -9999 -9999 -9999 -9999 -9999 -9999 -9999 -9999 -9999 -9999 -9999 -9999 -9999 -9999 -9999 -9999
4.14290638572948e-06 4.11956448437464e-06 4.11648670420485e-06 4.11530536537808e-06 4.11373479115593e-06 4.10986058271702e-06 4.10628610433618e-06 4.10292655158671e-06 4.10091484391647e-06 4.1003333412787e-06 4.10426226831667e-06 4.1315151392311e-06 4.16206757927611e-06 4.24671029467361e-06 4.3865680252871e-06 4.52741482748496e-06 4.98788876184927e-06 6.17229446268222e-06 6.3519538629278e-06 6.48387081540284e-06 6.80393701261673e-06 7.14861717758628e-06 7.45130880932558e-06 7.52175665515949e-06 1.03739777338711e-05 1.1966712048456e-05 1.80449518109325e-05 2.04694934476131e-05 2.37334296760528e-05 2.45191398690783e-05 2.58636002927068e-05 2.84174169701209e-05 3.80910447636567e-05 -9999 -9999 -9999 -9999 -9999 -9999 -9999 -9999 -9999 -9999 -9999 -9999 -9999 -9999 -9999 -9999 -9999 -9999 -9999 -9999 -9999 -9999
4.14338268198865e-06 4.13989263196169e-06 4.11542495654303e-06 4.11481082958589e-06 4.11306171478021e-06 4.10938052572939e-06 4.1054637270407e-06 4.10272911334268e-06 4.10119003522136e-06 4.10338573653139e-06 4.13955896132928e-06 4.22595859504401e-06 4.30101709396706e-06 4.39169671872129e-06 4.55045399019896e-06 4.73615594089395e-06 5.26276228518695e-06 6.33931781530992e-06 6.64541290630344e-06 6.84868027944224e-06 7.42794528378211e-06 7.8522588738435e-06 8.13392803350425e-06 8.66961559684049e-06 1.02179357083399e-05 1.29357483519732e-05 1.80389346454002e-05 2.09438153243408e-05 2.46833896844684e-05 2.57913943063189e-05 2.80510280001292e-05 3.30055056885175e-05 4.37760439549536e-05 -9999 -9999 -9999 -9999 -9999 -9999 -9999 -9999 -9999 -9999 -9999 -9999 -9999 -9999 -9999 -9999 -9999 -9999 -9999 -9999 -9999 -9999
4.14335532268912e-06 4.13981393871871e-06 4.13531911606607e-06 4.11425113917317e-06 4.11263411995457e-06 4.11024427103791e-06 4.10669038264539e-06 4.10300242428334e-06 4.10612570926746e-06 4.14404419412436e-06 4.25122128845862e-06 4.37841758653714e-06 4.46332543329091e-06 4.58096760072264e-06 4.84637819107862e-06 5.10675786694032e-06 5.49993262537194e-06 6.94377970031639e-06 7.6657549478049e-06 7.92307339070203e-06 9.24242155005425e-06 9.02965833755975e-06 8.76784582415567e-06 8.95632413263455e-06 1.05215205130879e-05 1.35695909280555e-05 1.80612169615121e-05 2.07888733118835e-05 2.42802395938027e-05 2.73189081876261e-05 3.19322878049008e-05 3.56496738671279e-05 4.10563791525549e-05 4.32463453516863e-05 4.19741849326571e-05 -9999 -9999 -9999 -9999 -9999 -9999 -9999 -9999 -9999 -9999 -9999 -9999 -9999 -9999 -9999 -9999 -9999 -9999 -9999 4.76227990761257e-05
4.1436739504077e-06 4.14062540990167e-06 4.13666865347311e-06 4.13334557978968e-06 4.11377371469547e-06 4.11383839922494e-06 4.11246432306471e-06 4.11315253637247e-06 4.1848585339119e-06 4.34562215402175e-06 4.53714477218715e-06 4.76848034217001e-06 4.83620071968997e-06 4.99118974125302e-06 5.45879025604468e-06 6.00922927675625e-06 7.60077896187695e-06 9.3982191282357e-06 9.70849802963842e-06 1.12638318997115e-05 1.00061126779598e-05 9.21711184753391e-06 9.04628075734279e-06 9.78284763124719e-06 1.14446665276001e-05 1.43962930612699e-05 1.79436941972089e-05 2.04959125650285e-05 2.38533028956421e-05 2.91449298902634e-05 3.32871842499994e-05 3.81595840397983e-05 4.10753708312663e-05 4.09538052838711e-05 4.07756407731874e-05 -9999 -9999 -9999 -9999 -9999 -9999 -9999 -9999 -9999 -9999 -9999 -9999 -9999 -9999 -9999 -9999 -9999 4.70446810939655e-05 4.73881296203651e-05 6.172365042828e-05
4.14804090829278e-06 4.14170426887798e-06 4.13574313819967e-06 4.13721734375509e-06 4.12675885193243e-06 4.13438814773636e-06 4.15204617811845e-06 4.2046982568905e-06 4.52643233717538e-06 4.78273068247836e-06 5.06940443153419e-06 5.23131319345942e-06 5.22330284184451e-06 5.34961630891758e-06 6.41091268332342e-06 8.42212205703911e-06 1.21835086422214e-05 1.14805250734442e-05 1.0459806959097e-05 9.94815985242663e-06 9.34103725203634e-06 9.04893207090547e-06 8.96770973804025e-06 1.0982313169189e-05 1.27555812533859e-05 1.55028874099488e-05 1.84355034612649e-05 2.11882626740914e-05 2.46891247953664e-05 3.05643228284116e-05 3.36310088492448e-05 3.53360291137556e-05 -9999 -9999 -9999 -9999 -9999 -9999 -9999 -9999 -9999 -9999 -9999 -9999 -9999 -9999 -9999 -9999 -9999 -9999 -9999 4.54160976353576e-05 4.65922654605039e-05 4.70091422100402e-05 2.72338217062706e-05
4.15255331235097e-06 4.13863861705747e-06 4.14257083473284e-06 4.15926771693935e-06 4.1774160522941e-06 4.21328964105213e-06 4.30585245058155e-06 4.63500738829559e-06 5.00188055207615e-06 5.16671328037724e-06 5.26828115419863e-06 5.36866439855584e-06 5.41899234714104e-06 5.57165911888146e-06 9.21905802451077e-06 1.38234400989504e-05 1.08202727817678e-05 1.05139426452456e-05 1.01980414547987e-05 9.77623815098278e-06 9.498216897926e-06 9.34360394920872e-06 1.02881203031818e-05 1.27769327892045e-05 1.43751389636953e-05 1.64872580837523e-05 1.94446949428893e-05 2.24522435087251e-05 2.69215872260698e-05 3.43408463456361e-05 3.42540675364746e-05 -9999 -9999 -9999 -9999 -9999 -9999 -9999 -9999 -9999 -9999 -9999 -9999 -9999 -9999 -9999 -9999 -9999 -9999 -9999 -9999 4.43572645380915e-05 4.64062034200591e-05 4.44510947131112e-05 1.47781010179381e-05
4.16511564969108e-06 4.14903928768009e-06 4.1686629568088e-06 4.20761376162734e-06 4.37154015437012e-06 4.46192644230465e-06 4.65263016184838e-06 4.98451632860482e-06 5.2781530664001e-06 5.36435836447177e-06 5.45427738189543e-06 5.65124553486758e-06 5.77766242197324e-06 7.31846107655725e-06 1.28866144346734e-05 1.09978825850039e-05 1.07068398096623e-05 1.05476199685844e-05 1.01051514618934e-05 9.60899855646877e-06 1.0147816926246e-05 1.16025419082544e-05 1.39911685881639e-05 1.58013952312789e-05 1.64986342873368e-05 1.80255840593754e-05 2.0430381871653e-05 2.35936245956378e-05 2.93314620217654e-05 3.73058986798999e-05 -9999 -9999 -9999 -9999 -9999 -9999 -9999 -9999 -9999 -9999 -9999 -9999 -9999 -9999 -9999 -9999 -9999 -9999 -9999 4.23652066740467e-05 5.35385189583027e-05 5.68254896485458e-05 5.91072176220452e-05 5.61535414913659e-05 1.02458779207806e-05
4.18195807208889e-06 4.19092740946051e-06 4.28998687740062e-06 4.43625194912391e-06 4.61186292518477e-06 4.87987687981561e-06 5.09665090921024e-06 5.21181381640623e-06 5.56498382586904e-06 5.8497367828651e-06 6.74715001290543e-06 8.33856807253011e-06 9.1066592527312e-06 1.06513784667324e-05 1.05429096561911e-05 1.05695732209562e-05 1.0561609878447e-05 1.04997458953178e-05 1.01814942495848e-05 1.13195752972757e-05 1.40069636476863e-05 1.62236310188674e-05 1.74367480011107e-05 1.78481716943833e-05 1.79186853529652e-05 1.91687514923054e-05 2.14355305701854e-05 2.47637752552518e-05 3.16149763412821e-05 -9999 -9999 -9999 -9999 -9999 -9999 -9999 -9999 -9999 -9999 -9999 -9999 -9999 -9999 -9999 4.55297656529916e-05 4.53353359917284e-05 6.18879002436702e-05 6.33974566465918e-05 4.53961657745317e-05 5.4873577560787e-05 5.09646764018513e-05 2.36505996317719e-05 1.82182273746212e-05 1.19187721624414e-05 1.74487823321753e-05
4.19244862412165e-06 4.23130070981818e-06 4.52974929967508e-06 4.73702278880345e-06 5.37001826080062e-06 5.28437707199759e-06 5.42684286779649e-06 5.64267107398402e-06 6.86353515685016e-06 8.82969100364258e-06 9.58557861999843e-06 9.98765690305365e-06 9.78128692893725e-06 9.8845471305646e-06 9.99897669571134e-06 1.02326683620729e-05 1.03151599407926e-05 1.10172033274553e-05 1.17553591091331e-05 1.36747973066597e-05 1.73387810247875e-05 1.81004225556836e-05 1.84452813552549e-05 1.89445180580149e-05 1.9325667887203e-05 2.03454834267204e-05 2.29603179233607e-05 4.23665229290069e-05 -9999 -9999 -9999 -9999 -9999 -9999 -9999 -9999 -9999 -9999 -9999 -9999 -9999 -9999 -9999 4.61216102940225e-05 4.51507782426667e-05 5.84228590609548e-05 2.21288208613628e-05 2.12345196341212e-05 2.06014950164785e-05 1.65826865683665e-05 1.52273200322106e-05 1.3602403283849e-05 1.32749754606791e-05 1.14332057076252e-05 1.63123842104691e-05
4.2012374465273e-06 4.4698549980756e-06 5.15780975575363e-06 7.77889646345487e-06 6.45176359619521e-06 5.8386896430206e-06 6.25708008576111e-06 7.51484631661846e-06 8.30698735530656e-06 8.84941602440323e-06 9.89103438715414e-06 1.00791554264295e-05 9.92946903199186e-06 9.58132899684122e-06 9.83489611310179e-06 1.01621358998487e-05 1.08075239122962e-05 1.28317642101178e-05 1.35034021072e-05 1.54436559367399e-05 1.79857203377237e-05 1.87480199961e-05 1.93223772498025e-05 2.00578817179176e-05 2.07195818900503e-05 2.21007094161414e-05 2.54675955861107e-05 -9999 -9999 -9999 -9999 -9999 -9999 -9999 -9999 -9999 -9999 -9999 -9999 -9999 -9999 -9999 4.53080707104101e-05 4.59246421410503e-05 3.7588893496342e-05 1.21399970139658e-05 1.08299754611886e-05 1.12221348229367e-05 1.19982739620373e-05 1.19859199690537e-05 1.20057108025624e-05 1.19428878336764e-05 1.23641552336871e-05 1.17183535411093e-05 1.20425189323421e-05
4.35759537324896e-06 4.8683408452716e-06 7.80959340949087e-06 8.46180714408901e-06 7.42701450348883e-06 6.9791117441765e-06 7.52144639506173e-06 8.27110060399893e-06 9.19047648823224e-06 9.51341964271627e-06 9.90490207334192e-06 9.50571014937798e-06 9.36483326135245e-06 9.37716845069372e-06 9.77450821589224e-06 1.09760139490224e-05 1.25573814618438e-05 1.45725772077247e-05 1.52609785519071e-05 1.64251120459888e-05 1.86228817566699e-05 1.92089912868028e-05 1.99507949750846e-05 2.06332731719461e-05 2.19704001750821e-05 2.4368240639713e-05 4.27203134586652e-05 -9999 -9999 -9999 -9999 -9999 -9999 -9999 -9999 -9999 -9999 -9999 -9999 -9999 -9999 4.36153668315983e-05 4.52782669373828e-05 6.01176313404183e-05 1.2246181181969e-05 9.72306145059087e-06 9.31682756258988e-06 9.40982097552772e-06 9.78916565505613e-06 1.00771528385258e-05 1.04878525915703e-05 1.03812923507213e-05 9.90246700166555e-06 9.555831257898e-06 1.04208646159175e-05
4.70171707004254e-06 6.78373249897773e-06 8.16988999938102e-06 8.34152964619055e-06 8.19600825851976e-06 7.8077318489043e-06 8.31370025560355e-06 9.14641955435026e-06 1.11799488514624e-05 1.19941183570915e-05 1.19814353003679e-05 1.10791519269748e-05 1.08493620163881e-05 1.16194651863141e-05 1.34177609183969e-05 1.47788531636296e-05 1.6288127511917e-05 1.66882690198165e-05 1.73305074221806e-05 1.81196022708179e-05 1.95958762268889e-05 2.0403398644969e-05 2.16083360428168e-05 2.24267645734242e-05 2.41554774272185e-05 2.69969898316468e-05 -9999 -9999 -9999 -9999 -9999 -9999 -9999 -9999 -9999 -9999 -9999 -9999 -9999 -9999 3.7838511847722e-05 4.31094548358259e-05 4.29262133417244e-05 5.56431166214443e-05 9.81018812713469e-06 8.64679737692338e-06 8.28043661239518e-06 8.48460656036383e-06 8.84871088781741e-06 9.28822722266906e-06 9.73036666561996e-06 9.66749668762832e-06 9.64434000215002e-06 9.68229515410938e-06 1.08484312360948e-05
6.20079138257046e-06 8.79412391425386e-06 8.76475262499921e-06 8.48722966846308e-06 8.40992789501501e-06 8.15563683852633e-06 8.98742535697975e-06 1.12363879837914e-05 1.5052352140716e-05 1.68461255968285e-05 1.70182729419798e-05 1.61976819925092e-05 1.63020422072105e-05 1.72918659372777e-05 1.87018570542817e-05 1.89389709835398e-05 1.92082391411113e-05 1.94171476069366e-05 1.9696381694921e-05 2.08232839772715e-05 2.21874882253029e-05 2.35345811588518e-05 2.37260962555603e-05 2.53017474611261e-05 2.9313316506957e-05 3.21147771533108e-05 -9999 -9999 -9999 -9999 -9999 -9999 -9999 -9999 -9999 -9999 -9999 -9999 4.43502131722333e-05 4.42498017224127e-05 4.22796501016339e-05 4.22835048483031e-05 5.52932748566665e-05 1.20227751079392e-05 8.34555362564029e-06 7.56436570858525e-06 7.24790040886961e-06 7.59520368193841e-06 8.10793199804038e-06 8.65553166876639e-06 9.38991732016533e-06 9.73202138614135e-06 1.01588358606271e-05 1.09487862749886e-05 1.20793928748699e-05
9.90970640394663e-06 1.00319112751797e-05 8.95591045250421e-06 8.79360681409093e-06 7.93217435356967e-06 8.86957352893651e-06 1.04219928344548e-05 1.57623776735302e-05 2.05730074984114e-05 4.73740268886487e-05 3.05172197044789e-05 2.95433790703569e-05 2.75424834944365e-05 2.58892672644306e-05 2.45744225774065e-05 2.34656658098644e-05 2.29670872345846e-05 2.26731863056151e-05 2.29841985490671e-05 2.44005829044492e-05 2.58536343622939e-05 2.71626499202086e-05 2.92170418584398e-05 3.41788529673206e-05 3.87361977305755e-05 -9999 -9999 -9999 -9999 -9999 -9999 -9999 -9999 -9999 -9999 -9999 -9999 4.58869408382619e-05 4.63482882018105e-05 5.87190164269989e-05 4.15641715125561e-05 4.39790292734581e-05 1.18615620807786e-05 8.65590774161216e-06 7.22498817074106e-06 6.67290383132924e-06 6.52194819103708e-06 6.87615240082576e-06 7.50060255758491e-06 8.26368256711611e-06 9.25433365744402e-06 9.68001991339247e-06 1.60045685862062e-05 1.22797268798117e-05 1.37132507551397e-05
1.03053632431603e-05 9.07805891281037e-06 9.14581783779702e-06 9.50105624791157e-06 8.75563285848928e-06 1.11327235038548e-05 1.62466654806708e-05 3.17147296636227e-05 2.94266084517453e-05 3.44594973284766e-05 3.5102017785475e-05 3.24266355606657e-05 3.42474862616737e-05 3.60868585503358e-05 3.14807183353422e-05 3.15146589096729e-05 2.99579053646071e-05 2.67304482022071e-05 2.85724530007897e-05 3.16926353839337e-05 3.3413074635121e-05 3.40894416482387e-05 3.89901409196819e-05 4.39596615219009e-05 -9999 -9999 -9999 -9999 -9999 -9999 -9999 -9999 -9999 -9999 -9999 -9999 4.37902407048815e-05 4.55628600634194e-05 4.76711244368072e-05 5.85011762310865e-05 1.09755814652497e-05 9.18799440745015e-06 8.45087282609824e-06 7.23407973178756e-06 6.49289656370133e-06 6.28291629026553e-06 6.30276353470105e-06 6.51515067434978e-06 7.0989097491966e-06 8.22588724611621e-06 9.34271077620002e-06 9.97107209055519e-06 1.18649279327483e-05 1.36194205801201e-05 1.75501339641104e-05
1.05047570659877e-05 9.82466693169684e-06 1.00283573867871e-05 8.86246575215145e-06 9.54718158244529e-06 1.71229152113154e-05 3.10456960709975e-05 4.607582342505e-05 6.90394895152595e-05 6.06022952204047e-05 5.22044005379328e-05 3.94151032354022e-05 3.32270125946762e-05 3.31839522538355e-05 3.26882882431103e-05 3.42969398408924e-05 3.84501003131558e-05 4.98811165149759e-05 4.9013516459784e-05 4.87867445337846e-05 5.28446645578566e-05 5.05722443872901e-05 3.89611833105576e-05 -9999 -9999 -9999 -9999 -9999 -9999 -9999 -9999 -9999 -9999 -9999 -9999 -9999 4.34696386038624e-05 4.31389765542189e-05 5.93119892865671e-05 1.84650251796579e-05 8.58929583880511e-06 6.98274084713818e-06 6.79619931381501e-06 6.1930254783053e-06 5.84206489681139e-06 5.84180164581935e-06 6.03774500028678e-06 6.42020168261394e-06 7.14158461537038e-06 8.39344650254913e-06 9.90304051275535e-06 1.0939036586462e-05 1.26314866161029e-05 3.11574837244027e-05 2.8164413963129e-05
1.08234035882088e-05 1.06610059315841e-05 1.0992937227082e-05 9.61938756883317e-06 1.42560178897976e-05 2.02036099456536e-05 5.34700737003725e-05 4.39064472142245e-05 5.64640836437606e-05 5.45401889830117e-05 -9999 -9999 -9999 3.36418209435607e-05 3.33202786604272e-05 3.43542909498724e-05 3.63675029114918e-05 3.81011047122811e-05 4.57166738573394e-05 4.59472065117965e-05 -9999 -9999 -9999 -9999 -9999 -9999 -9999 -9999 -9999 -9999 -9999 -9999 -9999 -9999 4.54067898324247e-05 4.36214780153421e-05 4.29828123050128e-05 5.63155348696814e-05 5.4528154651947e-05 1.56107262984734e-05 6.30157890523687e-06 6.50676424988911e-06 6.44615070897209e-06 5.80934655922938e-06 5.22687553387933e-06 5.31644668392065e-06 5.84046658721687e-06 6.61198943213561e-06 7.49488625032921e-06 8.93496319499481e-06 1.08964463366785e-05 1.25426017990051e-05 1.80477723572758e-05 3.63985289212679e-05 3.51337019227312e-05
