raw_data/Abundance/Epinephelus analogusGrid_precio_Teorico.asc
NCOLS 96 
NROWS 96 
XLLCORNER 0 
YLLCORNER 0 
CELLSIZE 0.0104166666666667 
NODATA_value -9999 
[rows 48 to 71 of 96, columns 0 to 54 of 96]
1.09798498920492e-05 1.13576432710888e-05 1.28963265159154e-05 1.32320749507979e-05 1.80853796418528e-05 4.13259293647607e-05 7.03927876507636e-05 5.2786749339608e-05 5.33032853932734e-05 -9999 -9999 -9999 -9999 -9999 -9999 -9999 -9999 -9999 -9999 -9999 -9999 -9999 -9999 -9999 -9999 -9999 -9999 -9999 -9999 -9999 -9999 -9999 -9999 4.92067238842985e-05 4.46647981077201e-05 3.53073535592656e-05 5.59018547393342e-05 4.92061597750298e-05 1.01987371895633e-05 6.78401455361205e-06 6.20555810589059e-06 8.0157565435421e-06 6.33172114382536e-06 5.39152022575753e-06 4.99077700130478e-06 5.06618900870286e-06 5.90502889301447e-06 7.10816114120255e-06 8.12086890393487e-06 9.66273936612933e-06 1.16921130582957e-05 2.18671681789181e-05 4.33533380763079e-05 4.37021456407598e-05 4.34570401635291e-05
1.14381886728317e-05 1.28638338220408e-05 1.64074366222376e-05 1.69228444573657e-05 2.43762321876856e-05 5.54949439202108e-05 6.22929306985647e-05 6.04906956034224e-05 -9999 -9999 -9999 -9999 -9999 -9999 -9999 -9999 -9999 -9999 -9999 -9999 -9999 -9999 -9999 -9999 -9999 -9999 -9999 -9999 -9999 -9999 5.12222863012039e-05 5.25278231852952e-05 6.52741541651966e-05 6.41310807504781e-05 6.08083831398868e-05 2.87637800610753e-05 1.87593021814731e-05 9.88811982259942e-06 6.92282304098584e-06 5.2711017005419e-06 7.82874491916171e-06 1.55460417690009e-05 5.71184967396345e-06 5.06199579647252e-06 4.95220603006048e-06 5.08189945183491e-06 6.30512339180826e-06 7.67510035802229e-06 8.81816437091972e-06 1.00771152312412e-05 1.20704799484251e-05 3.48659380565428e-05 4.40607310992017e-05 4.76779877662425e-05 4.97073708602301e-05
1.14224218187728e-05 1.35982664825455e-05 1.9763510697891e-05 2.74780810195983e-05 4.9822919242093e-05 6.35932025628152e-05 6.37559480868223e-05 -9999 -9999 -9999 -9999 -9999 -9999 -9999 -9999 -9999 -9999 -9999 -9999 -9999 -9999 -9999 -9999 -9999 -9999 -9999 -9999 -9999 -9999 5.08607862782073e-05 5.00504433137839e-05 6.06713045876035e-05 5.01474701079926e-05 6.15825290929048e-05 5.72068275141568e-05 1.09425716712122e-05 8.25218413985669e-06 6.48533749950135e-06 5.25008863028449e-06 4.88697337441529e-06 5.2796197504986e-06 5.7324020549848e-06 5.09909538270775e-06 4.91464763495341e-06 4.90943150458257e-06 5.25268353292031e-06 6.77411443594715e-06 7.97543213265439e-06 9.0896419564601e-06 1.0386613781489e-05 2.21437697569821e-05 3.82193796222758e-05 4.45323264477975e-05 5.47291655880112e-05 5.26217473785263e-05
1.13665750011759e-05 1.32855431076453e-05 2.15287966359364e-05 4.95346594058101e-05 7.9069540348374e-05 6.52142645645077e-05 -9999 -9999 -9999 -9999 -9999 -9999 -9999 -9999 -9999 -9999 -9999 -9999 -9999 -9999 -9999 -9999 -9999 -9999 -9999 -9999 -9999 -9999 -9999 4.99159032532096e-05 5.10773102191595e-05 5.07786143614065e-05 4.63416129087981e-05 5.8167317562254e-05 1.78837105783086e-05 7.6082252042232e-06 6.00418049880179e-06 5.09643466732393e-06 4.88132758081816e-06 4.84347678907351e-06 4.8950946675197e-06 4.87000214706779e-06 4.83007261266814e-06 4.82659017811631e-06 4.93592583656708e-06 5.63467012419026e-06 6.944080558593e-06 8.09281386964042e-06 9.20162704810932e-06 1.08274275676585e-05 3.05714682124812e-05 3.7543200645581e-05 4.58397436961177e-05 4.97790127373493e-05 -9999
1.12496821588893e-05 1.22609702466289e-05 1.81138671599199e-05 2.90621938641939e-05 4.73504283175767e-05 5.86894006903945e-05 -9999 -9999 -9999 -9999 -9999 -9999 -9999 -9999 -9999 -9999 -9999 -9999 -9999 -9999 -9999 -9999 -9999 -9999 -9999 -9999 -9999 -9999 -9999 4.67979773071402e-05 4.69752016357094e-05 4.63435872912384e-05 5.66616159060015e-05 2.22737029251957e-05 7.77896227620288e-06 6.15044463034297e-06 5.17747836558741e-06 4.7755185454786e-06 4.72407178017723e-06 4.72659146824389e-06 4.70137296338866e-06 4.69185832039067e-06 4.677769691406e-06 4.70981861932254e-06 5.09932102641521e-06 6.06027176374841e-06 7.08264459861704e-06 8.17116864705664e-06 9.09957027958843e-06 1.12192672674877e-05 3.02489857472333e-05 3.53477813901859e-05 4.75501229986806e-05 4.76049356159517e-05 -9999
1.09847388390442e-05 1.1950616130657e-05 1.80299088971017e-05 3.08896258400028e-05 3.76121159945683e-05 -9999 -9999 -9999 -9999 -9999 -9999 -9999 -9999 -9999 -9999 -9999 -9999 -9999 -9999 -9999 -9999 -9999 -9999 -9999 -9999 -9999 -9999 -9999 4.39411399342468e-05 4.45886433564516e-05 4.51238890341941e-05 5.68506865292124e-05 1.89105774836841e-05 8.40336542385632e-06 6.33526563039674e-06 5.16519958717301e-06 4.7058858375379e-06 4.61259532705191e-06 4.56591152434223e-06 4.51615802702894e-06 4.53520987739566e-06 4.55741791912051e-06 4.55467916862118e-06 4.5829401027987e-06 5.55140759613673e-06 6.47405531412824e-06 7.33972799598556e-06 8.25439356782559e-06 8.98951256127378e-06 1.46972453560975e-05 2.97080049585928e-05 3.64406490799941e-05 6.27788168152998e-05 -9999 -9999
1.08613963474527e-05 1.22923817310718e-05 2.69399207773011e-05 3.61104571214079e-05 -9999 -9999 -9999 -9999 -9999 -9999 -9999 -9999 -9999 -9999 -9999 -9999 -9999 -9999 -9999 -9999 -9999 -9999 -9999 -9999 -9999 -9999 4.41489201815348e-05 4.36283413447774e-05 5.76122340418971e-05 6.15076905965965e-05 5.7121458978167e-05 1.21017504055509e-05 9.05540052385272e-06 7.26549121623052e-06 5.64325398689497e-06 4.59496033113163e-06 4.55281760803462e-06 4.54398083634114e-06 4.52599891322063e-06 4.49005857153249e-06 4.45939359168838e-06 4.47781552003844e-06 4.49065934790361e-06 4.89849624640969e-06 6.24985008530118e-06 7.01837374927491e-06 7.84334594739874e-06 8.55059794297536e-06 8.96603621387657e-06 1.60091754785669e-05 3.0180728525726e-05 5.26048241004667e-05 -9999 -9999 -9999
1.13594296171062e-05 1.57647281288163e-05 3.52412587566215e-05 -9999 -9999 -9999 -9999 -9999 -9999 -9999 -9999 -9999 -9999 -9999 -9999 -9999 -9999 -9999 -9999 -9999 4.97938676147572e-05 4.94985564126161e-05 6.42422102764032e-05 4.566327151324e-05 4.61927820800845e-05 4.45991733961332e-05 5.84448593224324e-05 5.82536262803582e-05 4.29843165963959e-05 1.22511171380697e-05 1.01071540497971e-05 9.57860246870939e-06 7.51632240253811e-06 6.47606730385311e-06 5.07453782587896e-06 4.56745154264565e-06 4.51196387461649e-06 4.53665211675919e-06 4.54320518609673e-06 4.51848121703369e-06 4.48093222374776e-06 4.44984510213428e-06 4.48461303672573e-06 5.61816992808209e-06 6.80918322881522e-06 7.58569844076157e-06 8.54745773471317e-06 5.07925290567e-05 9.18792859470214e-06 2.25917665345059e-05 5.41880907811593e-05 5.27431248894987e-05 -9999 -9999 -9999
1.29520605116585e-05 2.59976702622239e-05 4.12370821549475e-05 -9999 -9999 -9999 -9999 -9999 -9999 -9999 -9999 -9999 -9999 -9999 -9999 -9999 -9999 -9999 -9999 4.97644399145757e-05 6.38756332699886e-05 6.33645502725869e-05 3.35501531874042e-05 2.26348268753466e-05 4.34256380809072e-05 4.71100237509181e-05 1.24737616645868e-05 1.172485019952e-05 1.11169566497959e-05 1.03318575751448e-05 8.73225993112466e-06 7.46373801687829e-06 6.16745252479293e-06 5.55064604862405e-06 4.73387223853801e-06 4.66828983514625e-06 4.69826942222894e-06 4.62286211574144e-06 4.58688510695083e-06 4.5709997899455e-06 4.56885335417826e-06 4.5836179741032e-06 4.75269938537938e-06 6.07604801962848e-06 7.33949295045695e-06 8.33328424904704e-06 8.49489215269564e-06 9.63900916956123e-06 2.27313835784981e-05 4.81806091246144e-05 -9999 -9999 -9999 -9999 -9999
2.08623015350201e-05 3.34140148172354e-05 -9999 -9999 -9999 -9999 -9999 -9999 -9999 -9999 -9999 -9999 -9999 -9999 -9999 -9999 -9999 4.97105674794191e-05 6.43145102810025e-05 6.38016409375834e-05 6.40685586398688e-05 6.28441594722524e-05 6.03723266752162e-05 5.28047068179936e-05 2.14926936427424e-05 1.9112152529017e-05 1.15149451406534e-05 1.0182425029878e-05 9.57561268958552e-06 9.57253829407134e-06 7.16601054670315e-06 6.32545953094328e-06 5.54198697135019e-06 5.1360069325201e-06 4.72130294385025e-06 4.69841609063879e-06 4.69038881574582e-06 4.65137219817928e-06 4.63205615663841e-06 4.63676082793899e-06 4.67572385512501e-06 4.78329949265759e-06 5.04160324641063e-06 6.25688264751708e-06 7.75794920594547e-06 8.99771094931157e-06 9.97202167449076e-06 2.7237958507574e-05 5.46628827489442e-05 -9999 -9999 -9999 -9999 -9999 -9999
2.98799642673213e-05 3.97404062469934e-05 -9999 -9999 -9999 -9999 -9999 -9999 -9999 -9999 -9999 -9999 -9999 -9999 -9999 -9999 4.79665296571597e-05 4.81895408547015e-05 6.47061901498722e-05 5.42517411103059e-05 1.5198926532355e-05 1.53462530696855e-05 1.46254154425554e-05 2.67856368923239e-05 5.89816092915579e-05 1.38677226765399e-05 1.08644801447881e-05 9.65392985971716e-06 8.82337297983364e-06 7.64364186447361e-06 6.04594338832457e-06 5.51309517497389e-06 5.13695651645567e-06 4.9717928440503e-06 4.76775264121344e-06 4.70966442945578e-06 4.67747729476842e-06 4.64993842045478e-06 4.65255776782557e-06 4.68395797008315e-06 4.73249863246883e-06 4.82899140323655e-06 4.95677343477236e-06 6.15765582716061e-06 7.7481619101343e-06 9.09104282781059e-06 1.09637821797137e-05 5.27412445252698e-05 -9999 -9999 -9999 -9999 -9999 -9999 -9999
3.49263917665003e-05 -9999 -9999 -9999 -9999 -9999 -9999 -9999 -9999 -9999 -9999 -9999 -9999 -9999 -9999 4.63238434668354e-05 6.18172925668768e-05 6.10030948557843e-05 6.33812855142237e-05 5.48127477779836e-05 6.26832002942627e-05 3.2499781729168e-05 1.25088586629183e-05 2.25185263477921e-05 3.65885397265933e-05 1.48072466634853e-05 1.09053592631233e-05 9.65546235656368e-06 7.37298223737279e-06 5.5969688214018e-06 5.22682852477361e-06 5.09832443337392e-06 5.02350474070794e-06 4.93578386906781e-06 4.83759030885509e-06 4.77146259983697e-06 4.73385719562417e-06 4.71130786779179e-06 4.74015923633717e-06 4.7614082923053e-06 4.79780462231894e-06 4.84901822245593e-06 4.90258133769687e-06 6.01911999260001e-06 7.71148540585056e-06 9.04943036742612e-06 1.36028733749062e-05 4.94175127143527e-05 -9999 -9999 -9999 -9999 -9999 -9999 -9999
-9999 -9999 -9999 -9999 -9999 -9999 -9999 -9999 -9999 -9999 -9999 -9999 -9999 4.82782940463032e-05 6.11326519511521e-05 5.99085348381701e-05 6.34817909822558e-05 1.48794526498732e-05 1.47009120663438e-05 1.47922977678659e-05 1.2221614223319e-05 1.09136328657302e-05 1.00796537229502e-05 9.53723445567466e-06 9.13721517145003e-06 9.63074496877543e-06 8.91176890223193e-06 7.5956267638899e-06 5.9440182452997e-06 4.98581377992273e-06 4.9915338479069e-06 5.02599622331117e-06 5.00090934395195e-06 4.94511987746405e-06 4.88769919500763e-06 4.83903348840073e-06 4.81075939167361e-06 4.80755243048131e-06 4.84376448480052e-06 4.8497985736109e-06 4.8773609524774e-06 4.94586074097022e-06 5.14448737519222e-06 6.26319126950488e-06 7.82251151174307e-06 9.04996627123134e-06 4.45330785934891e-05 -9999 -9999 -9999 -9999 -9999 -9999 -9999 -9999
-9999 -9999 -9999 -9999 -9999 -9999 -9999 -9999 -9999 -9999 -9999 4.86287939385611e-05 6.28456637636355e-05 6.27947058930336e-05 2.20158109712088e-05 1.39434073367511e-05 1.17270502256678e-05 1.2563060161815e-05 1.30614507006719e-05 1.39208429660049e-05 1.30158706717646e-05 1.13907564851589e-05 1.01594093717169e-05 8.32646792871745e-06 7.73762246863159e-06 7.17262002696756e-06 6.45969873324096e-06 5.88466454841601e-06 5.06758988005335e-06 4.7684925645375e-06 4.9757876778545e-06 5.02277139865869e-06 4.98893424436051e-06 4.96145178097374e-06 4.92936242522628e-06 4.90371613750898e-06 4.88905587779874e-06 4.90439588917771e-06 4.96328513609687e-06 5.01352000665274e-06 5.03801175073352e-06 5.39095611648887e-06 5.90925031070824e-06 7.05650753583601e-06 9.40352175536106e-06 1.28175110492631e-05 5.11647471558011e-05 -9999 -9999 -9999 -9999 -9999 -9999 -9999 -9999
-9999 -9999 -9999 -9999 5.3600194905009e-05 5.31690273873335e-05 5.25407036802629e-05 5.12799194648182e-05 5.11944569106169e-05 5.01798123727289e-05 4.94834194805739e-05 6.30663245058911e-05 5.24547710350044e-05 1.31806375873177e-05 1.21334627482705e-05 1.06236712998202e-05 1.00385865681921e-05 1.20122356664365e-05 1.44004298625734e-05 5.73938297367161e-05 5.57758703360012e-05 1.56351710334484e-05 1.06094369426078e-05 6.8687907748698e-06 6.72696430290871e-06 6.43789591000743e-06 5.97105788291058e-06 4.90953586479727e-06 4.3548218360114e-06 4.48125940712358e-06 5.09625603272219e-06 5.01278666460349e-06 4.9836739254303e-06 4.97372397811333e-06 4.96746048486703e-06 4.96103810084339e-06 4.96969529775302e-06 5.0350971861788e-06 5.27183504259116e-06 5.44181996887929e-06 5.71974720372463e-06 6.36821901350736e-06 7.80536258997595e-06 9.77390649933901e-06 1.46770314406374e-05 3.07470002132445e-05 4.38897119725877e-05 -9999 -9999 -9999 -9999 -9999 -9999 -9999 -9999
-9999 -9999 5.32778064579725e-05 5.26716710488023e-05 6.7584557693186e-05 6.6990362596869e-05 6.72805027973807e-05 4.87718896563766e-05 5.15611279352429e-05 4.9763875805307e-05 6.38388721493146e-05 6.08133661050932e-05 6.07485875574093e-05 4.56623313311256e-05 5.72314602855548e-05 1.8935398291505e-05 1.13802452491196e-05 1.09070609927504e-05 1.15385437117255e-05 1.09961714535556e-05 9.49457839314318e-06 7.91640749951075e-06 6.32252616274628e-06 6.21539241080749e-06 6.16375760908323e-06 5.96593389038696e-06 4.95986851429305e-06 4.26451076264603e-06 4.22956795418129e-06 4.76273864999721e-06 5.1733133588205e-06 4.99300335255174e-06 4.99140692332145e-06 4.98622840023519e-06 5.00528401133037e-06 5.03443905869871e-06 5.11007670980424e-06 5.3195586867194e-06 6.03096628724177e-06 7.63929822310497e-06 9.7326701118003e-06 1.16584827440627e-05 1.51912170390167e-05 2.80590195481019e-05 3.3160259664552e-05 4.03094984808552e-05 -9999 -9999 -9999 -9999 -9999 -9999 -9999 -9999 -9999
-9999 5.29934953865702e-05 5.32143441652488e-05 6.58292376855535e-05 5.95710094590913e-05 1.96845354002792e-05 1.64461721253519e-05 1.58744473815697e-05 3.65023250267004e-05 5.46192582988348e-05 4.23289156444299e-05 4.72379825366914e-05 6.14808013881239e-05 1.30717268911826e-05 9.29220419301308e-06 9.69497821083298e-06 8.69689968180112e-06 6.99985216162072e-06 6.58639767498095e-06 6.52113963441867e-06 6.50138640819459e-06 6.2117633078458e-06 6.00372921138686e-06 5.94494902559298e-06 5.80051824917493e-06 5.10867583845375e-06 4.41041386425527e-06 4.30324156484979e-06 4.49694258497431e-06 5.24421249206933e-06 5.18983235857096e-06 5.02730307645022e-06 5.0366672903099e-06 5.05247175165339e-06 5.10512195006122e-06 5.240997069238e-06 5.38523980923316e-06 5.79783873014881e-06 9.60916778924936e-06 1.47604255941869e-05 4.21902387825521e-05 6.19268237832074e-05 4.75819951723597e-05 4.08734197130877e-05 4.49835198445104e-05 4.46699691093494e-05 -9999 -9999 -9999 -9999 -9999 -9999 -9999 -9999 -9999
5.25529260477504e-05 5.13097232378455e-05 5.5163999815933e-05 4.70154414302068e-05 2.5599785191399e-05 1.66004560103291e-05 1.58861056397886e-05 1.53999374684192e-05 1.52863634689966e-05 3.52177542037608e-05 6.37535976315362e-05 6.50340316531724e-05 2.24304312836705e-05 8.43083754523983e-06 6.03450137199201e-06 5.98509480187895e-06 6.17251070456854e-06 6.06095809669195e-06 5.9045682037784e-06 5.79063693515231e-06 5.73503456490519e-06 5.67760824135608e-06 5.68901265040406e-06 5.76473491789989e-06 5.57173433345062e-06 4.50525943595852e-06 4.42754680292645e-06 4.47861749538204e-06 5.0877191791232e-06 5.38709196799858e-06 5.30688503181694e-06 5.21246254206518e-06 5.18307244916824e-06 5.21418307533458e-06 5.27825648643268e-06 5.47435967185956e-06 5.88757911297073e-06 8.14229565432263e-06 2.05776143907721e-05 3.97982274470306e-05 5.5358805550042e-05 4.98021412173641e-05 4.57374518820682e-05 4.39363450054632e-05 4.11119439155174e-05 4.20494935200226e-05 -9999 -9999 -9999 -9999 -9999 -9999 -9999 -9999 -9999
5.13521254512061e-05 4.92171599057686e-05 6.86046552873377e-05 4.61239607493085e-05 2.86550950086477e-05 1.91131867293428e-05 2.16367295426724e-05 1.57348303375775e-05 1.06747607959181e-05 9.14591185600847e-06 1.11408936864292e-05 9.36322554993679e-06 7.94387962089427e-06 5.94173360276164e-06 5.31190560430797e-06 5.39249801515653e-06 5.63920180198179e-06 5.5852635540772e-06 5.42855399924475e-06 5.27194786444489e-06 5.21065739240549e-06 5.22508918786192e-06 5.32098776353332e-06 5.5098045375734e-06 4.91922726203277e-06 4.42486070262553e-06 4.39442136648889e-06 4.52554574544148e-06 5.39914510270552e-06 5.50889256092241e-06 5.4525286431626e-06 5.3954031778901e-06 5.38060471140905e-06 5.42634457127585e-06 5.5276491941052e-06 6.47261683549317e-06 9.24162239525698e-06 1.30819278671241e-05 3.48829553528139e-05 3.89593969645401e-05 -9999 -9999 -9999 -9999 4.44861635059793e-05 -9999 -9999 -9999 -9999 -9999 -9999 -9999 -9999 -9999 -9999
5.1767215854725e-05 5.10161043635104e-05 5.78982374411054e-05 6.49766805441924e-05 4.70268176337914e-05 6.58941102514488e-05 6.39530102580059e-05 3.46614484466552e-05 8.2108443322854e-06 7.1435872032741e-06 6.85699148933376e-06 6.23907559826986e-06 5.85365734228226e-06 5.30003110420278e-06 4.9977061434881e-06 4.98087030236508e-06 5.10865703481146e-06 5.14679082137256e-06 5.05706924219293e-06 4.92077480179312e-06 4.77625470807419e-06 4.82341048220532e-06 4.92025676144807e-06 4.83947725435874e-06 4.54427511334295e-06 4.45939547205261e-06 4.48961010466391e-06 5.32469208106416e-06 5.62602044873755e-06 5.70791031090401e-06 5.6989221698901e-06 5.63129487039947e-06 5.67063209006704e-06 5.75700662091931e-06 6.29060697996153e-06 1.10925683257477e-05 1.68059798205426e-05 3.17547814216972e-05 4.07971709436078e-05 -9999 -9999 -9999 -9999 -9999 -9999 -9999 -9999 -9999 -9999 -9999 -9999 -9999 -9999 -9999 -9999
4.98377741195009e-05 5.22587430641466e-05 6.68024201921954e-05 6.66754015885365e-05 6.58285795580734e-05 6.37952476992053e-05 1.61626131996412e-05 1.05486823743737e-05 8.68433884875239e-06 7.81925848162716e-06 6.95335075424124e-06 5.87202850079813e-06 5.57526001637971e-06 5.12615382396092e-06 4.70858886111687e-06 4.63448370685785e-06 4.70420855264577e-06 4.8497590859621e-06 4.82719659558011e-06 4.72089302444836e-06 4.63178632437157e-06 4.65354683940995e-06 4.7056056632678e-06 4.60843408101346e-06 4.54096379193594e-06 4.59837883329968e-06 5.17818350217323e-06 5.5958217992222e-06 5.8149594464525e-06 5.91085802212391e-06 5.94839009213178e-06 5.92659667071939e-06 6.01180537574978e-06 7.08234374034042e-06 1.00497559317115e-05 2.01379852340667e-05 2.60309527090745e-05 4.26198079906331e-05 -9999 -9999 -9999 -9999 -9999 -9999 -9999 -9999 -9999 -9999 -9999 -9999 -9999 -9999 -9999 -9999 -9999
-9999 4.61347728436244e-05 5.14684259787605e-05 6.61606518808885e-05 2.32965270474793e-05 1.08978096007444e-05 1.02168733025506e-05 9.65629911864552e-06 8.79414271789615e-06 8.1581377229507e-06 6.91720075194157e-06 5.35568988537677e-06 5.08293365216078e-06 4.76387438999144e-06 4.55711612066177e-06 4.54943201224057e-06 4.6681102603624e-06 4.7415431844096e-06 4.72059122598963e-06 4.65862852373841e-06 4.63326052992698e-06 4.65438642203813e-06 4.65573652355444e-06 4.59082164946393e-06 4.63178162346099e-06 4.94048854036839e-06 5.50266855532492e-06 5.84780940953053e-06 6.0775617128327e-06 6.16914485259889e-06 6.25966558657578e-06 6.31814491409305e-06 7.16998751704717e-06 1.15271299008563e-05 2.34312551444765e-05 2.46131580805208e-05 3.36852573572472e-05 -9999 -9999 -9999 -9999 -9999 -9999 -9999 -9999 -9999 -9999 -9999 -9999 -9999 -9999 -9999 -9999 -9999 -9999
-9999 5.17372240452748e-05 6.45601798675019e-05 3.36943771237571e-05 1.22373528719145e-05 1.08474910539804e-05 1.04292040312725e-05 9.77250562798851e-06 8.82159603563738e-06 8.09245660043693e-06 6.02340722304179e-06 5.03691173765965e-06 4.8063330142789e-06 4.55503079673198e-06 4.36921320363691e-06 4.39263502047148e-06 4.67039490290045e-06 4.72247629112905e-06 4.67612531288787e-06 4.61840659270118e-06 4.62398563336818e-06 4.77133191452306e-06 4.74432048237562e-06 4.67713882920722e-06 4.95788849076006e-06 5.43695922734771e-06 6.02680128047487e-06 6.35967275808723e-06 6.58282498294613e-06 6.67669276525038e-06 6.90035268845107e-06 7.26899809551732e-06 1.04835841647708e-05 3.39840472332116e-05 3.24787216498049e-05 3.29883003558235e-05 4.50368281703983e-05 -9999 -9999 -9999 -9999 -9999 -9999 -9999 -9999 -9999 -9999 -9999 -9999 -9999 -9999 -9999 -9999 -9999 -9999
5.29331356948241e-05 6.59675384745855e-05 5.83768841555594e-05 1.48421274199305e-05 1.1889156425837e-05 1.15637217887498e-05 1.11924720772266e-05 1.00216256828478e-05 8.80710782925408e-06 7.78345634670984e-06 5.68212111550532e-06 4.92269089294232e-06 4.74837830838148e-06 4.55961794526826e-06 4.32539413582988e-06 4.36420955442394e-06 4.50599183782566e-06 4.69530220747581e-06 4.60991768839003e-06 4.55928888152821e-06 4.68484644218129e-06 5.3724157251924e-06 5.09036109086474e-06 5.17834333313268e-06 5.5428801443589e-06 6.06385385760438e-06 6.72367366550822e-06 7.10101575713291e-06 7.36268724321983e-06 7.67907732836631e-06 7.920008397009e-06 8.53998328690349e-06 2.07548387193413e-05 3.51410353432237e-05 3.72000341738156e-05 4.30824716091419e-05 5.49052616980431e-05 -9999 -9999 -9999 -9999 -9999 -9999 -9999 -9999 -9999 -9999 -9999 -9999 -9999 -9999 -9999 -9999 -9999 -9999
