raw_data/Abundance/Haemulon flaviguttatumGrid_precio_Teorico.asc
NCOLS 96 
NROWS 96 
XLLCORNER 0 
YLLCORNER 0 
CELLSIZE 0.0104166666666667 
NODATA_value -9999 
[rows 25 to 49 of 96, columns 0 to 56 of 96]
-0.376355509663645 -0.376172812553974 -0.37607788231918 -0.376193456551361 -0.37639634833819 -0.37640463190703 -0.376412586730105 -0.376410384442644 -0.375562027655617 -0.375185083020804 -0.374946665049772 -0.375040362745585 -0.375791871442429 -0.375460178301491 -0.375917743970632 -0.375949228333861 -0.375965802685398 -0.375858660421399 -0.375683997487229 -0.375562666597229 -0.375563027290075 -0.375342623350311 -0.374371370266334 -0.372677092914816 -0.37191295996837 -0.370506597951827 -0.36868024518571 -0.356306419475007 -0.353035656749877 -0.353427678345642 -0.343742354051952 -0.329957085708336 -0.321754518175915 -0.319367452922837 -0.301124433226325 -9999 -9999 -9999 -9999 -9999 -9999 -9999 -0.340249816754244 -0.338315369495016 -9999 -9999 -9999 -9999 -9999 -9999 -9999 -9999 -9999 -9999 -9999 -9999 -9999
-0.376336365117944 -0.376164433143892 -0.376165669805077 -0.376261492497026 -0.37627762577274 -0.376365278256458 -0.376377606737925 -0.376379699786982 -0.376358192187866 -0.37527081455748 -0.375144891532279 -0.375251718447676 -0.374891262628667 -0.375729356158407 -0.375668584566655 -0.375687903275473 -0.375842989863078 -0.375866954295749 -0.375638927370328 -0.375175467980087 -0.374336661309064 -0.37343623799448 -0.372943418206597 -0.37151203441207 -0.370281329811401 -0.368753311250747 -0.353123150528743 -0.350960127060416 -0.340119658164483 -0.336406789065581 -0.334090110444971 -0.32046591722075 -0.318723358555453 -0.310535527902158 -0.308727529249134 -9999 -9999 -9999 -9999 -9999 -9999 -9999 -9999 -9999 -9999 -9999 -9999 -9999 -9999 -9999 -9999 -9999 -9999 -9999 -9999 -9999 -9999
-0.376378249801742 -0.376206541457254 -0.376245551934347 -0.376269708049501 -0.376239116143428 -0.376328955456341 -0.376346059511086 -0.376371336865715 -0.376348839937651 -0.375373952100341 -0.375387132847475 -0.375358627807152 -0.374925384171874 -0.375650191292625 -0.375621583197203 -0.3756617983884 -0.375633960114566 -0.375096713273598 -0.374403368874506 -0.367376979489989 -0.372759372105683 -0.372132961993249 -0.371482807986056 -0.36991088795332 -0.368168679675359 -0.351505391588069 -0.345206870060737 -0.338937100905965 -0.335327802181338 -0.327386788489624 -0.312333014935106 -0.297074367844209 -0.311313696953057 -0.159744792089462 -9999 -9999 -9999 -9999 -9999 -9999 -9999 -9999 -9999 -9999 -9999 -9999 -9999 -9999 -9999 -9999 -9999 -9999 -9999 -9999 -9999 -9999 -9999
-0.376356646361384 -0.376237949559709 -0.376231830147944 -0.376236516063285 -0.37619843102098 -0.376211987919224 -0.376322577376278 -0.37633848908353 -0.376351090661009 -0.376361936179605 -0.375423851379171 -0.375502348447912 -0.375021132664152 -0.375658075007681 -0.375760647808601 -0.375733526798254 -0.375084995908867 -0.37383291768071 -0.372820978443734 -0.36227918383509 -0.354615697524396 -0.354975772039539 -0.357438170569826 -0.348846466984406 -0.34148761154571 -0.342239913766815 -0.329550842508939 -0.334131435539582 -0.330476483406195 -0.32162384431066 -0.301805112153778 -0.287586497119785 -0.289656358778813 -9999 -9999 -9999 -9999 -9999 -9999 -9999 -9999 -9999 -9999 -9999 -9999 -9999 -9999 -9999 -9999 -9999 -9999 -9999 -9999 -9999 -9999 -9999 -9999
-0.376264933506774 -0.376239165609875 -0.376212119829751 -0.376201997757948 -0.376169995027573 -0.376191539726524 -0.376306447192217 -0.376312749011507 -0.376328558694211 -0.376339883419016 -0.375386741238099 -0.375505594683524 -0.375113861642036 -0.375763569420651 -0.375482201176101 -0.374916871820715 -0.373863514739538 -0.371907796907921 -0.369940114379335 -0.367035413670587 -0.365031888578645 -0.348508240150205 -0.348917781112763 -0.340919571841226 -0.336041767905696 -0.324631198203304 -0.332505432191007 -0.327935763000834 -0.324154053095945 -0.316210566081861 -0.30185055945234 -0.286698883553979 -0.273021926119182 -9999 -9999 -9999 -9999 -9999 -9999 -9999 -9999 -9999 -9999 -9999 -9999 -9999 -9999 -9999 -9999 -9999 -9999 -9999 -9999 -9999 -9999 -9999 -9999
-0.376190954373563 -0.376203817710993 -0.376202790251658 -0.37619751280005 -0.376174356319353 -0.376194350039068 -0.376297743158574 -0.376312369768744 -0.376322942191328 -0.376332426352068 -0.375390502749205 -0.375441071886177 -0.375617842297117 -0.375353876967098 -0.374375471859266 -0.373638710347056 -0.372253155154958 -0.368520107867714 -0.365682475417253 -0.363558612886464 -0.363259031714306 -0.334301270342374 -0.330691044121858 -0.331348844817381 -0.320916371057524 -0.331445201334742 -0.32637983711943 -0.32124408627165 -0.313192803624241 -0.307933077492626 -0.289082032713303 -0.278614417164762 -0.270177605392811 -9999 -9999 -9999 -9999 -9999 -9999 -9999 -9999 -9999 -9999 -9999 -9999 -9999 -9999 -9999 -9999 -9999 -9999 -9999 -9999 -9999 -9999 -9999 -9999
-0.37618835326287 -0.376197870401242 -0.376200365365184 -0.376180322179022 -0.376170544311249 -0.376198998854574 -0.376301942653849 -0.376309092616602 -0.376326708855188 -0.375312500344937 -0.375305822374536 -0.374939172944091 -0.373832381794197 -0.374086855749618 -0.372705855592886 -0.371805720832578 -0.369846426989033 -0.364262994486636 -0.362428716783423 -0.361224621009259 -0.328721661184142 -0.320943371493405 -0.321185241810246 -0.323775943938516 -0.316575690296845 -0.329582995699759 -0.323040336643413 -0.312465543792139 -0.304521953722956 -0.295915822423707 -0.280308539933632 -0.274242098488756 -0.270439365343716 -9999 -9999 -9999 -9999 -9999 -9999 -9999 -9999 -9999 -9999 -9999 -9999 -9999 -9999 -9999 -9999 -9999 -9999 -9999 -9999 -9999 -9999 -9999 -0.138706093673203
-0.376181192994607 -0.376187962684045 -0.376188033792064 -0.376171224474901 -0.376163810691095 -0.376171367721489 -0.376181041503611 -0.376312895349747 -0.376335291283815 -0.375300298621241 -0.374637386392819 -0.373326123621432 -0.371061642408355 -0.370094748555057 -0.3676281041547 -0.366599078382346 -0.367075120800148 -0.361657349369042 -0.360197161674406 -0.327232824172045 -0.320636576464333 -0.319815948712735 -0.317319129779455 -0.318007743949513 -0.332829231311378 -0.327997493005004 -0.321685265149534 -0.308889428809319 -0.29601279727166 -0.280307303272447 -0.275957965883469 -0.276093586393466 -0.255996193249478 -9999 -9999 -9999 -9999 -9999 -9999 -9999 -9999 -9999 -9999 -9999 -9999 -9999 -9999 -9999 -9999 -9999 -9999 -9999 -9999 -9999 -9999 -0.00866189507172049 -0.00623700859739001
-0.376155765179533 -0.37616588209858 -0.376152586960287 -0.376160048149438 -0.3761503053204 -0.376146825149714 -0.376146204758019 -0.376293581793685 -0.375178209245715 -0.37455696219373 -0.372893055179822 -0.371225520626438 -0.374652185105004 -0.367269122023604 -0.364989635988145 -0.363219870776769 -0.36407234255389 -0.358463259637406 -0.356476357332897 -0.355596266789303 -0.35441494619197 -0.31201972743481 -0.314397414673898 -0.317073240313762 -0.33183949014268 -0.328094777018254 -0.322865349085682 -0.309479110084548 -0.292425243172876 -0.279070332921772 -0.27673015773864 -0.268987319001884 -0.207946753442568 -0.13739111061275 -0.173733491198073 -9999 -9999 -9999 -9999 -9999 -9999 -9999 -9999 -9999 -9999 -9999 -9999 -9999 -9999 -9999 -9999 -9999 -9999 -9999 -0.109967118275985 -0.0142124426920962 0.308702464932069
-0.376130885617585 -0.376122322769428 -0.376117926438914 -0.376126322337811 -0.376105833953622 -0.376092768628199 -0.376097645195473 -0.376208286180076 -0.373884239119903 -0.372159241043438 -0.370025598583774 -0.367889822883566 -0.368220227835769 -0.362782401882441 -0.359037997923311 -0.355541956752245 -0.345604456631836 -0.338751292562862 -0.353096047037763 -0.352610657522502 -0.310574894949892 -0.311013497450306 -0.3141181353562 -0.31641956182219 -0.330907459829299 -0.327458824003673 -0.321132374544571 -0.30309474365993 -0.285395545719689 -0.276014852297997 -0.271553390961545 -0.266374872247771 -0.148432433896208 -0.187292450544765 -0.141228882491376 -9999 -9999 -9999 -9999 -9999 -9999 -9999 -9999 -9999 -9999 -9999 -9999 -9999 -9999 -9999 -9999 -9999 -0.0972985549827661 -0.113152551379324 0.275605289407378 -0.0177719658040118 -0.0898363352799921
-0.37608370390171 -0.376085848478316 -0.376101129488363 -0.376078257439739 -0.375985300710088 -0.375910390989334 -0.375779590366308 -0.375516425774406 -0.370319017061025 -0.368558660780168 -0.366356352708186 -0.369196726424274 -0.366422668664252 -0.36516338688469 -0.361053858710577 -0.34384314193856 -0.337610060398954 -0.336189755027547 -0.342404595814668 -0.341191843412207 -0.311899874354927 -0.313082122448149 -0.315784021028004 -0.316380297829555 -0.329705115991815 -0.325542823607126 -0.319450309222258 -0.293077169727768 -0.267768177183298 -0.267883598893933 -0.275738355467966 -0.260633672694649 -9999 -9999 -9999 -9999 -9999 -9999 -9999 -9999 -9999 -9999 -9999 -9999 -9999 -9999 -9999 -9999 -9999 -9999 -9999 -0.139421296058747 -0.0380109566537255 -0.043014281699571 -0.0892602572778032 -0.112963960548553 -0.195148340724884
-0.376024292637263 -0.376083892492541 -0.376044451245135 -0.375951496576585 -0.375594232373986 -0.375133174167547 -0.374451031857692 -0.373530749825573 -0.366065325109227 -0.369240555757786 -0.368577365280597 -0.367813572415977 -0.365744720696917 -0.365330233089618 -0.355448279667452 -0.336080825788135 -0.335138902185271 -0.338214993828802 -0.34064008641333 -0.340935751491735 -0.341764726706334 -0.313735182609128 -0.318917926581952 -0.319296344904678 -0.325718120330153 -0.320971093314978 -0.303254169897745 -0.278863604393616 -0.256429024664361 -0.257605913892446 -0.260214238442608 -9999 -9999 -9999 -9999 -9999 -9999 -9999 -9999 -9999 -9999 -9999 -9999 -9999 -9999 -9999 -9999 -9999 -9999 -9999 -9999 -0.0668158873141638 -0.0276539192261772 -0.0615755355411207 -0.111371759272378 -0.164208108417692 0.225740018759937
-0.375950741182711 -0.376003805283625 -0.375900143190311 -0.375586606296676 -0.374593536448287 -0.373862071968156 -0.372672094742525 -0.371623869805268 -0.371585090171596 -0.367240483011653 -0.366831364575 -0.366450297736235 -0.362614628181624 -0.359108178445581 -0.351368225251591 -0.351725002003573 -0.336091749628605 -0.339524927189415 -0.339486590692668 -0.339910868534352 -0.281986895272389 -0.282569877966196 -0.312962269368266 -0.314520153296547 -0.318416048250886 -0.309144902399199 -0.288514405229214 -0.264929009211865 -0.251218558869964 -0.24686551149743 -9999 -9999 -9999 -9999 -9999 -9999 -9999 -9999 -9999 -9999 -9999 -9999 -9999 -9999 -9999 -9999 -9999 -9999 -9999 -0.0329396152426842 0.220189471139561 0.26705996061641 0.265912957366971 0.260014083512714 -0.177696990297212 0.207950647608262 0.215500464145
-0.375862537354215 -0.375793364710811 -0.37504409334016 -0.373891514809877 -0.373149074961725 -0.361310672016741 -0.358742126734709 -0.356986273961669 -0.369451725960699 -0.362884323375136 -0.360909993792678 -0.357780519607978 -0.348902425903044 -0.348251323788942 -0.349659880879089 -0.349748817429337 -0.353259183259134 -0.350753810752655 -0.337833586908212 -0.339365294841402 -0.275274195303054 -0.308062823861992 -0.308700528813253 -0.308744121120037 -0.312061258639619 -0.301180392144964 -0.272727188536667 -0.244000579751303 -0.246262639169558 -9999 -9999 -9999 -9999 -9999 -9999 -9999 -9999 -9999 -9999 -9999 -9999 -9999 -9999 -9999 -0.0493191926430279 0.00963553771694825 0.331107673958172 0.328677634728902 -0.00952858845247362 0.261777356252866 0.200704843612929 -0.0938338425617295 -0.105200819957337 -0.153736679830496 0.121899640125646 0.229172784100351 -0.138780293344326
-0.375751913888979 -0.375512942512067 -0.373592675634431 -0.372553509240357 -0.370578540716287 -0.35490631290296 -0.35358772291405 -0.350738146377641 -0.259033227010571 -0.350573979605281 -0.349565688518803 -0.35055800606497 -0.34404956130142 -0.345490683802781 -0.347016311485144 -0.348892738723759 -0.349595883662746 -0.349573108485915 -0.349439136857499 -0.350014596529095 -0.301902396167027 -0.30411313414609 -0.305487064723046 -0.304862035548935 -0.30780085780089 -0.289072036368721 -0.258318024625027 -0.0163704164605824 -9999 -9999 -9999 -9999 -9999 -9999 -9999 -9999 -9999 -9999 -9999 -9999 -9999 -9999 -9999 -0.155927631230592 0.00545459235937973 0.303862997493286 -0.0285010321381617 -0.0401761442791264 -0.0292059290138277 -0.0699827704997216 -0.0934092555547494 -0.0818753288991154 -0.097242905229424 -0.154121075348951 -0.123026260393586 -0.140496160739039 -0.14473275584995
-0.375603909247762 -0.374336609781515 -0.372283123577684 -0.367995794441643 -0.367835275819781 -0.277350034157811 -0.265249510569076 -0.236460038173455 -0.271199911972724 -0.291997049237439 -0.346319968182677 -0.34855853103841 -0.341735665168477 -0.344004423168154 -0.346409007788024 -0.347375870724793 -0.347716467826266 -0.348228857777408 -0.347650718673243 -0.295502674532692 -0.297564291783817 -0.298806724054728 -0.298856602722538 -0.304419001679273 -0.297759272030712 -0.281217279794688 -0.242173412849905 -9999 -9999 -9999 -9999 -9999 -9999 -9999 -9999 -9999 -9999 -9999 -9999 -9999 -9999 -9999 -0.144773977889462 -0.17359333626373 -0.165062435186591 -0.076172259732543 -0.107269135789884 -0.0964514420707815 -0.0813765422210126 -0.0891005218746917 -0.097936466044224 -0.0935916630795928 -0.102457493227772 -0.129469265169411 -0.136007080636114 -0.110866789288348 0.194510201625168
-0.374653102295383 -0.372640456827199 -0.366620008872909 -0.364952226987287 -0.25939701150927 -0.286869027522067 -0.276820743170469 -0.265377298891565 -0.25534900722913 -0.278666459989647 -0.285934420831217 -0.293092834102783 -0.275724133864334 -0.286013361036884 -0.289162106525056 -0.29137016507155 -0.292188422555876 -0.293781345217743 -0.291977984044164 -0.291040904030943 -0.293593475772664 -0.295512567822175 -0.288681457544339 -0.302201874284087 -0.287210861284726 -0.271289569908664 -0.0335960762219228 -9999 -9999 -9999 -9999 -9999 -9999 -9999 -9999 -9999 -9999 -9999 -9999 -9999 -9999 -0.180599021878902 -0.143547622213962 0.0921548469643195 -0.205125104837929 -0.111625274815381 -0.13486729124359 -0.145845750916791 -0.146271368474759 -0.143294106670959 -0.143868123571172 -0.147515243517052 -0.160342511662395 -0.170887109369726 -0.154918721813521 -0.0850112955550388 0.294805484861374
-0.372774108984809 -0.366950372603073 -0.364179313746425 -0.32776778318982 -0.283092985647612 -0.270748530640061 -0.257848093374583 -0.247857932098697 -0.242208451583491 -0.239972155939931 -0.275678583510672 -0.261877547736943 -0.268988349552871 -0.278253930429224 -0.281348675045635 -0.282868222477169 -0.285990791970251 -0.288042412876794 -0.287369360026652 -0.288527905447154 -0.292012507502256 -0.287561248620583 -0.288197716910658 -0.298559700982948 -0.28805714975592 -0.260210116238657 -9999 -9999 -9999 -9999 -9999 -9999 -9999 -9999 -9999 -9999 -9999 -9999 -9999 -9999 -0.236399235665174 -0.135420697124047 -0.191790805606581 0.150117156723029 -0.232696465965952 -0.158268012523922 -0.182912608846548 -0.184034878872279 -0.173498525572851 -0.168772418742728 -0.167000901594673 -0.170797451433786 -0.170371833875818 -0.16592191471043 -0.137141717273699 -0.0875917952285294 -0.0393980782833255
-0.344691697621928 -0.325222013084619 -0.235483075837005 -0.233937249355282 -0.271249378420139 -0.256426963562385 -0.240072119385749 -0.233452890391008 -0.228845296924484 -0.221651020478542 -0.231037278875568 -0.236246714118977 -0.250118960965965 -0.263506848848679 -0.276521058943212 -0.2783659513216 -0.277431138520552 -0.277768025638469 -0.280768268729297 -0.273415596596528 -0.278559797962408 -0.279696495701969 -0.28284111898619 -0.281020856776411 -0.252499533747819 -0.237050543889473 -9999 -9999 -9999 -9999 -9999 -9999 -9999 -9999 -9999 -9999 -9999 -9999 -0.230496239606965 -0.192299897794562 -0.141170141085071 -0.140271500623695 0.133130584790862 -0.201040000722227 -0.266125478908719 -0.198388393030577 -0.21582531574442 -0.209108184405837 -0.192966664283679 -0.18101948668193 -0.172668932027659 -0.174039564841454 -0.166579406240656 -0.137820850374669 -0.105986099810053 -0.0703764409770672 -0.0252929269130913
-0.337055830077707 -0.266623235035834 -0.272797266003838 -0.269763323895709 -0.256976247238891 -0.240977973704039 -0.222398169944709 -0.211088903404419 -0.208711422275528 0.0896464858599759 -0.186911146679273 -0.174638314965375 -0.211638187080924 -0.243553320622591 -0.250830041147558 -0.257803779682107 -0.252594344438698 -0.25294267067258 -0.256562996292777 -0.250661030785556 -0.251617382102249 -0.25393818292681 -0.245519611907343 -0.240078302691676 -0.231354688579816 -9999 -9999 -9999 -9999 -9999 -9999 -9999 -9999 -9999 -9999 -9999 -9999 -0.19576873241955 -0.213990934986108 0.150567507504704 -0.143518766786303 0.136923012426024 -0.202891900847332 -0.252948853978507 -0.28901123386044 -0.226472968550532 -0.235743805236923 -0.2246148851195 -0.206821391763874 -0.18754493553678 -0.171038600364935 -0.172703970761245 0.137275460863857 -0.109772344139288 -0.0697591409353656 -0.0466016296881577 0.344237924093932
-0.254381319851571 -0.2665923185062 -0.261822928534588 -0.257963515085218 -0.241017134641576 -0.227298439891773 -0.206847155538569 0.110823278108602 -0.151041788997358 -0.152419635668068 -0.132734050698811 -0.183979229118937 -0.205663052453569 -0.22051020053503 -0.229586263084724 -0.228573231463701 -0.21628288038301 -0.226463693591642 -0.216630176065904 -0.212627516029228 -0.218753111100804 -0.219583735196984 -0.224995158434004 -0.182211834174833 -9999 -9999 -9999 -9999 -9999 -9999 -9999 -9999 -9999 -9999 -9999 -9999 -0.221607737337054 -0.16636505163519 -0.135016721136823 0.126547425080695 -0.212048346374075 -0.232198709838837 -0.251601923837432 -0.282041720584941 -0.303239020798224 -0.239907231227698 -0.239409475100583 -0.231358810783767 -0.214416552544076 -0.189654473408839 -0.171453912413025 -0.163520730908819 -0.116484322722932 -0.0732671364978904 -0.0397824738017808 -0.0402616800111151 0.012221190145378
-0.241858064247634 -0.247229295996129 -0.244411769595441 -0.237735860296371 -0.222006560569339 -0.214529913152735 0.0565915629257854 0.0571892824987186 0.16459639810184 0.034354333710697 -0.101580494337141 -0.158630766471633 -0.225092030226859 -0.23267379384422 -0.236301333321331 -0.22423770345796 -0.218573795228924 -0.19368804997515 -0.181990265712453 -0.192450358238783 -0.209548229677634 -0.147442074396917 -0.209458571741694 -9999 -9999 -9999 -9999 -9999 -9999 -9999 -9999 -9999 -9999 -9999 -9999 -9999 -0.21047984777062 -0.153755229748277 0.14234577172391 0.065493462358538 -0.257816146293961 -0.288330142712593 -0.296883406746167 -0.30953558427868 -0.315869350649796 -0.253246683213986 -0.246044162360141 -0.234658635046753 -0.21384356619485 -0.182787912177022 -0.156198666140388 -0.129681558672901 -0.0799296486341193 -0.00538474293046642 -0.0188870219728285 0.0145275632561097 0.025142238430612
-0.215860354478006 -0.211773189260328 -0.226297774882604 -0.208437295712769 -0.20304854459748 -0.20467166240329 0.158783059979572 -0.138626741247141 -0.144484393061886 -0.0940461360652195 -9999 -9999 -9999 -0.287345245133537 -0.25487701487671 -0.237438031060892 -0.230151005026047 -0.21936835004053 -0.212976872814097 -0.217008388278432 -9999 -9999 -9999 -9999 -9999 -9999 -9999 -9999 -9999 -9999 -9999 -9999 -9999 -9999 0.107635783903288 0.0747179242504769 0.0513398750918764 0.150062537520675 0.11026265837123 0.00140761863022726 -0.302295242203583 -0.299851187480879 -0.304486605824074 -0.316091228277472 -0.276594640283742 -0.27122052299248 -0.250289001878954 -0.225393981666289 -0.202154026340056 -0.164795522480747 -0.122693392424522 -0.0777809498245234 -0.00570112208372586 0.0278525875285674 0.0217640922925519 0.0243353170071522 0.0267447452166655
-0.206368979880222 -0.198032852939781 -0.209170017465106 -0.195231815354898 -0.198516181353066 0.0907532976208901 0.269694048941267 -0.0593546981623777 -0.0278600294237403 -9999 -9999 -9999 -9999 -9999 -9999 -9999 -9999 -9999 -9999 -9999 -9999 -9999 -9999 -9999 -9999 -9999 -9999 -9999 -9999 -9999 -9999 -9999 -9999 0.198191329753646 0.128637382483985 0.0877492414914071 0.36787670265245 0.338324622525845 -0.0955661987722478 -0.198928401748193 -0.301794703588801 -0.277684447953357 -0.231573165389232 -0.264393122698201 -0.282773824006685 -0.276156965279217 -0.239506346893438 -0.201539817951318 -0.178224632402974 -0.142004887385201 -0.0929269576924516 -0.0204823149019673 0.0585125099670741 0.0505040982407577 0.0233841184453983 0.00638724100335297 0.219655645727873
-0.190796323903339 -0.176677775370263 -0.158376220377643 -0.15245158274869 -0.167693431858485 0.17540584741304 0.0259718319758037 0.0135258676959528 -9999 -9999 -9999 -9999 -9999 -9999 -9999 -9999 -9999 -9999 -9999 -9999 -9999 -9999 -9999 -9999 -9999 -9999 -9999 -9999 -9999 -9999 0.208887418456186 0.241920699819632 0.450266162475356 0.482918139973311 0.443339829286247 0.0499269896875809 -0.0233585827089611 -0.098563041044816 -0.187603676943085 -0.264444650247592 -0.177718631867957 0.171865904769893 -0.246625393117269 -0.274342577210068 -0.278351420552671 -0.270293027103446 -0.21442376640099 -0.176206813568831 -0.147892425178593 -0.11055453233904 -0.0628606326229269 0.013463004085696 0.0667002375652702 0.0568955754671912 -0.0585230435152103 -0.112761972554941 0.226532512469568
