raw_data/Abundance/Haemulon flaviguttatumGrid_precio_Teorico.asc
NCOLS 96 
NROWS 96 
XLLCORNER 0 
YLLCORNER 0 
CELLSIZE 0.0104166666666667 
NODATA_value -9999 
[rows 50 to 74 of 96, columns 0 to 56 of 96]
-0.182144848360625 -0.163278551426682 -0.11946261507772 -0.0934092555547494 -0.0460090628701636 0.0100652774788674 0.0107578077426796 -9999 -9999 -9999 -9999 -9999 -9999 -9999 -9999 -9999 -9999 -9999 -9999 -9999 -9999 -9999 -9999 -9999 -9999 -9999 -9999 -9999 -9999 0.108095409643854 0.194314396937483 0.478186880388249 0.222857567647016 0.44819784664281 0.389824347039962 -0.0461883787420435 -0.133781090502432 -0.200364989825208 -0.260919135318274 -0.283887128238823 -0.265104202879794 -0.243151405737343 -0.272245921225357 -0.280116136064207 -0.27727397949491 -0.255474734449643 -0.186674119952076 -0.147438982743954 -0.119752199905296 -0.081687768619333 -0.0154429205715482 0.0376057220772558 0.0746962826797327 -0.00572791640940906 -0.0784518385175915 0.245887290571735 -9999
-0.179315985899071 -0.144005186852552 -0.0783158057871998 0.301807048272594 0.289676432595015 0.0306330140936943 -9999 -9999 -9999 -9999 -9999 -9999 -9999 -9999 -9999 -9999 -9999 -9999 -9999 -9999 -9999 -9999 -9999 -9999 -9999 -9999 -9999 -9999 -9999 0.081714334906758 0.193419878680059 0.199921624862189 0.181149108068137 0.408783393562809 0.308857047580241 -0.143667166128548 -0.216181886386204 -0.268956402472249 -0.284107460040018 -0.286110748105233 -0.285932565839439 -0.286264506312615 -0.287061328336394 -0.282015235424554 -0.27186255625789 -0.231817405973345 -0.173690208056585 -0.133992353454934 -0.106334426043935 -0.0605089152687313 0.0292407397091553 0.056583318517883 0.0863559365558802 -0.00751180016931813 -9999 -9999 -9999
-0.171396201557707 -0.125892222690702 -0.0546832105346088 -0.0210120181097045 0.0712274480547449 0.0522601571239958 -9999 -9999 -9999 -9999 -9999 -9999 -9999 -9999 -9999 -9999 -9999 -9999 -9999 -9999 -9999 -9999 -9999 -9999 -9999 -9999 -9999 -9999 -9999 0.00469095407740827 0.159063369848258 0.173955862173183 0.44019149601847 0.325530332012113 -0.118060035183302 -0.199473563220747 -0.259763887660933 -0.290306121176631 -0.295220200506931 -0.296489736268821 -0.300179521025597 -0.299009330378932 -0.298158713593589 -0.290588182981996 -0.260639856000576 -0.208122977661485 -0.170239923349378 -0.138322728705736 -0.106382861940362 -0.0560888820819895 0.0162568278136645 0.0587382006334057 0.103212659063583 -0.0201710885036469 -9999 -9999 -9999
-0.170005988275143 -0.121428906362472 -0.0313010391720571 0.0218094365360158 0.0391742206807113 -9999 -9999 -9999 -9999 -9999 -9999 -9999 -9999 -9999 -9999 -9999 -9999 -9999 -9999 -9999 -9999 -9999 -9999 -9999 -9999 -9999 -9999 -9999 0.0715943242064073 0.0956690258327712 0.112870982921392 0.419946321862829 0.336176954267237 -0.0989000312178318 -0.185777540592676 -0.254423572442071 -0.292533347971498 -0.303599919754158 -0.310904568210894 -0.315699928067399 -0.313507636951018 -0.308061381090609 -0.307925657525514 -0.303024047862166 -0.232384209016643 -0.187140959549556 -0.156090458286667 -0.136538844945827 -0.108638738052691 -0.0281145755177308 0.0529475346328689 0.0806106147988073 0.423285307063352 -9999 -9999 -9999 -9999
-0.168939368002754 -0.102633717446688 0.00546902007320915 0.0688891278633909 -9999 -9999 -9999 -9999 -9999 -9999 -9999 -9999 -9999 -9999 -9999 -9999 -9999 -9999 -9999 -9999 -9999 -9999 -9999 -9999 -9999 -9999 0.0487449477045563 0.0471341965106002 0.365360097140204 0.38662654732477 0.382028228817136 -0.00957187159396183 -0.0791773464130138 -0.151868290889586 -0.228147613905733 -0.299995670729371 -0.30727218514414 -0.311728081505258 -0.314839933268066 -0.318361738213828 -0.321351366629481 -0.315832250814234 -0.314485320673159 -0.282768259031351 -0.207128495958243 -0.182150001115564 -0.150286395123289 -0.132296066528989 -0.0844486147156914 0.0205717447996491 0.0680873591948702 0.401768432988747 -9999 -9999 -9999 -9999 -9999
-0.144115455808248 -0.0308115274528447 0.118974936422225 -9999 -9999 -9999 -9999 -9999 -9999 -9999 -9999 -9999 -9999 -9999 -9999 -9999 -9999 -9999 -9999 -9999 0.0784938630698338 0.126144479644459 0.409094619961129 0.085937532854827 0.0821749911983117 0.0592854232079358 0.363378347590634 0.3617572908868 0.342363351847095 0.0108608628414612 -0.0505022651770403 -0.071457488963286 -0.141325754284231 -0.188409567815557 -0.262880273848087 -0.303709467324162 -0.312135870531137 -0.312642386341648 -0.312452455794594 -0.316146156645123 -0.319031184135513 -0.319633025912398 -0.315572242800008 -0.2460307651973 -0.196555042823253 -0.171360132273133 -0.135545393793572 0.326751534932674 -0.0317740620754645 0.0431109254541676 0.371218779505937 0.391007419573975 -9999 -9999 -9999 -9999 -9999
-0.0899496958886519 0.0112442278089287 0.0535802929393878 -9999 -9999 -9999 -9999 -9999 -9999 -9999 -9999 -9999 -9999 -9999 -9999 -9999 -9999 -9999 -9999 0.0783908079710522 0.385316717019256 0.421570470219627 0.345998105181121 0.0651791443072542 0.0804879792312573 0.0449896199049556 -0.0452732494648631 -0.0526396279257702 -0.0453711518087057 -0.0616074826217429 -0.0886584155009187 -0.132953558059216 -0.196954896606526 -0.234629779619094 -0.287651318776918 -0.296273011396084 -0.296197987284171 -0.303168221945362 -0.307857125884824 -0.310285619287612 -0.310673003403932 -0.309546817284447 -0.297190407885437 -0.227880701199889 -0.1839400681814 -0.149995779744725 -0.107025925756759 -0.0341432987964529 0.345109770229624 0.379847582926918 -9999 -9999 -9999 -9999 -9999 -9999 -9999
-0.0464748719166563 0.109447492539868 -9999 -9999 -9999 -9999 -9999 -9999 -9999 -9999 -9999 -9999 -9999 -9999 -9999 -9999 -9999 0.0559969350058158 0.385657829396223 0.399359004779233 0.387035676066933 0.362992921521191 0.369852268896093 0.346745254647288 0.280578728474577 -0.0255845728426431 -0.0743028402406452 -0.0944758758271387 -0.104474281510927 -0.0952364224561467 -0.150808884474112 -0.18873831358067 -0.233882630152928 -0.257224610026955 -0.289765081908027 -0.295242872628663 -0.298010005086047 -0.301863647449886 -0.30368514632085 -0.303464093133963 -0.302146842861337 -0.294216031624404 -0.279025813119098 -0.22043497031292 -0.172891531041028 -0.118378475438537 -0.0228154823383822 0.358026696310907 0.394439154363401 -9999 -9999 -9999 -9999 -9999 -9999 -9999 -9999
0.00923671448466357 0.0914355223748241 -9999 -9999 -9999 -9999 -9999 -9999 -9999 -9999 -9999 -9999 -9999 -9999 -9999 -9999 0.0350118252409235 0.0543016786308588 0.395980858641173 0.411375229297165 0.029980675318407 0.000753218752964246 -0.0264048914289445 0.269781645775231 0.31928004027101 -0.0452835549747413 -0.0874196932135642 -0.107450512763739 -0.121824637941793 -0.144872910784293 -0.200753507547614 -0.228239332943648 -0.256078637328503 -0.271509077269069 -0.2883041728277 -0.295480620741552 -0.300100889985227 -0.302320593757883 -0.302457657039263 -0.300602459150997 -0.298044013268645 -0.293620991484039 -0.283313832724301 -0.297575112569189 -0.16318992404173 -0.0754673628568771 0.0210138511734221 0.387277855549069 -9999 -9999 -9999 -9999 -9999 -9999 -9999 -9999 -9999
0.0239086688981965 -9999 -9999 -9999 -9999 -9999 -9999 -9999 -9999 -9999 -9999 -9999 -9999 -9999 -9999 -0.005437301030845 0.353318108847577 0.348822845438724 0.369699747349896 0.367860213836645 0.351244640260092 0.0102621127175402 -0.0626442169154856 0.285575870214496 0.29845878811318 -0.0373606789804138 -0.088897503330092 -0.113045374076591 -0.158765768651037 -0.221839611309313 -0.242741246444192 -0.255690119606097 -0.261447807975023 -0.271770837219974 -0.283810043024934 -0.291743533694436 -0.295801740429356 -0.297112704340956 -0.296951217001165 -0.29475428840534 -0.293920160435802 -0.294113697911313 -0.289555880057501 -0.22939458060099 -0.159683989581181 -0.0803655717019653 0.031697573264108 0.382658926021679 -9999 -9999 -9999 -9999 -9999 -9999 -9999 -9999 -9999
-9999 -9999 -9999 -9999 -9999 -9999 -9999 -9999 -9999 -9999 -9999 -9999 -9999 -0.0271314298753545 0.280425176377393 0.28375282551705 0.35610471871863 -0.0406419533256191 -0.0436006652116382 -0.0429802735169731 -0.0630337651888799 -0.0924559958910198 -0.11588145039506 -0.122525412613508 -0.125430535848161 -0.109583753308518 -0.124288685353661 -0.162625182100407 -0.216668306452453 -0.263576926315851 -0.25933105624605 -0.263188408593444 -0.268273147167327 -0.274286824401627 -0.282213410379511 -0.286891699643799 -0.288882208876766 -0.291131798628069 -0.287910708460552 -0.285754795794041 -0.287258575795462 -0.285733154223297 -0.276254970678158 -0.295978376868667 -0.14889412073875 -0.0488956361870355 0.369974904463643 -9999 -9999 -9999 -9999 -9999 -9999 -9999 -9999 -9999 -9999
-9999 -9999 -9999 -9999 -9999 -9999 -9999 -9999 -9999 -9999 -9999 -0.0143742391971833 0.296765592840199 0.286247789458552 0.218264401894322 -0.095486846346186 -0.127275222116351 -0.0976087508300986 -0.0917469768114026 -0.0645311557741762 -0.0709762216519759 -0.0981961648931536 -0.123566269111202 -0.153735649279508 -0.168414817549956 -0.176489184539492 -0.189966730358147 -0.221199639145879 -0.261648765417648 -0.279286645574114 -0.261007762703226 -0.259421744732978 -0.265537034294676 -0.272898260000644 -0.278640077884359 -0.28077816201878 -0.282441574368213 -0.276289803301546 -0.276221889991449 -0.272996162344487 -0.32296273615403 -0.249025546367892 -0.300809290734251 -0.268596740177501 -0.198123541426709 0.0282648079236937 0.399241521966623 -9999 -9999 -9999 -9999 -9999 -9999 -9999 -9999 -9999 -9999
-9999 -9999 -9999 -9999 0.125198433837644 0.117098303073412 0.107230777365076 0.0780198096154385 0.0534081909244226 0.0222649400726304 0.0239653492025264 0.305966352059418 0.284791620912768 -0.0959516248416908 -0.118270267584817 -0.141921412755188 -0.151493170330021 -0.115130178724942 -0.0803202274585015 0.276352438873545 0.285108000066027 -0.0665159969767093 -0.117758083743872 -0.197773154090851 -0.199534365729028 -0.200640146938955 -0.208717605581455 -0.268010356665434 -0.316801587073374 -0.301990920496881 -0.255227402212568 -0.258970363400314 -0.261922891980407 -0.269992106215004 -0.274043923533799 -0.275592326392992 -0.274103180215599 -0.263716050699206 -0.246098781562496 -0.24031223776591 -0.293677774843467 -0.273877180383971 -0.243385340811577 -0.187690243226062 -0.135825703662258 0.0889549861471516 0.0915128136989102 -9999 -9999 -9999 -9999 -9999 -9999 -9999 -9999 -9999 -9999
-9999 -9999 0.0374676282448884 0.0994738200797869 0.418565383539156 0.409148208612495 0.403172043434152 0.087794585734871 0.0473073290765533 0.0339771520491565 0.346774110074947 0.315586545530678 0.308851894825302 0.252695110397246 0.274541760787952 0.194731770087549 -0.125630462739797 -0.13353169716338 -0.120169573055361 -0.123610582803678 -0.149102292038289 -0.177836114680568 -0.220060880304343 -0.222113737872072 -0.221755106128312 -0.223329788037694 -0.267117899509986 -0.328402808708512 -0.331907918728271 -0.276172629654231 -0.249351200480042 -0.25716071586571 -0.263026612088357 -0.26662529613781 -0.270650628296218 -0.269023388286457 -0.265183555305856 -0.246475963224036 -0.201351227120548 -0.249415094641287 -0.191892830154374 -0.161429742954541 -0.145633457413301 -0.134011933923702 -0.102402874025418 -0.0840559747893336 -9999 -9999 -9999 -9999 -9999 -9999 -9999 -9999 -9999 -9999 -9999
-9999 -0.0190714905996475 0.0871247275927908 0.389008150657612 0.391719530306555 0.0285945842397948 0.0210128206224342 0.00303485863998831 0.0203532679902321 0.337560984243874 0.322029550306502 -0.00474167911406936 0.298373252381192 -0.103438577768172 -0.15498982983168 -0.1566881778596 -0.17799069732874 -0.212918131407792 -0.220654477673325 -0.218730438979072 -0.220066033059282 -0.229480116332979 -0.234841042571596 -0.234937914364451 -0.238371710255853 -0.267008661105277 -0.313933872839579 -0.323274477827845 -0.299599526929654 -0.245597933782417 -0.248635998094498 -0.253445579554634 -0.256469216152886 -0.262320684661703 -0.260041105876655 -0.250680611254324 -0.244561199488674 -0.289851339025707 -0.19976005639536 -0.165870387161039 -0.124546323100615 0.188375331594701 -0.0844094537781544 -0.100432460536714 -0.0782179034433573 -0.152968919344573 -9999 -9999 -9999 -9999 -9999 -9999 -9999 -9999 -9999 -9999 -9999
0.0607982720580494 0.107015392208623 0.112288721613276 0.119638611258378 0.0761122597369915 0.00644907406262196 0.00243404741409176 -0.0143505365244635 -0.0293522672540975 0.290209227455715 0.313455366087875 0.308337649882382 0.229700426206113 -0.176545864843822 -0.240120555282176 -0.245696866677247 -0.241140800760114 -0.243019495210902 -0.245527856315246 -0.247353992665655 -0.248712258867596 -0.250016936418171 -0.248181525108871 -0.242725788179375 -0.247611630412609 -0.308139393800387 -0.314043420409584 -0.306770925143667 -0.257556447445031 -0.241140800760114 -0.243030831271768 -0.245083688839497 -0.245224874324828 -0.246180195090533 -0.243292591222673 -0.231761756220003 -0.207609763269553 -0.214690679106835 -0.130943983632975 -0.0936267018131785 -0.192992428058374 -0.178422498192635 -0.172680268088525 -0.0993534736524707 -0.159757158701316 -0.159662348010437 -9999 -9999 -9999 -9999 -9999 -9999 -9999 -9999 -9999 -9999 -9999
-0.0205101397786383 0.085679895107873 0.43448224354597 0.124062766649071 0.0710172156532304 0.036133064715667 0.00777745428591642 -0.0219467278556535 -0.102377110250722 -0.158489580986302 -0.127876033342247 -0.156072938919874 -0.187768565101136 -0.242028105160623 -0.270878380064525 -0.268482349017854 -0.259491822200149 -0.260409012579305 -0.265455620766639 -0.270439365343716 -0.272045994333721 -0.271796600994669 -0.266893239394642 -0.256317725157677 -0.282362015831954 -0.316999762028331 -0.317556465671949 -0.304486193603679 -0.2455824755176 -0.239155959557581 -0.237919298372202 -0.23781624327342 -0.23614159791822 -0.232774787841026 -0.227453022539945 -0.276884740386812 -0.21563672491365 -0.112759911452966 -0.0751860224372033 -0.0671013499377887 -9999 -9999 -9999 -9999 -0.21829760756419 -9999 -9999 -9999 -9999 -9999 -9999 -9999 -9999 -9999 -9999 -9999 -9999
-0.0393300619181297 0.0882696697402541 0.13613670202232 0.410276661944154 0.114967123630609 0.388817498724866 0.354943287755362 0.284701962976828 -0.169894688768459 -0.205286901343016 -0.213690014097666 -0.230949682041604 -0.248337138308031 -0.271905839399378 -0.28683409184358 -0.287351840659859 -0.281975353101326 -0.279436178522446 -0.282671181128299 -0.28726805686455 -0.295978067703371 -0.293473313527485 -0.288010053575777 -0.291605852082464 -0.310562837503335 -0.315200110838308 -0.309799920607055 -0.255124347113786 -0.238292357829791 -0.232085349230177 -0.231524729492805 -0.227172712671259 -0.218909754850952 -0.216816705794699 -0.275284088592537 -0.187020385083982 -0.124625675526677 -0.0565464467205797 -0.018033725754917 -9999 -9999 -9999 -9999 -9999 -9999 -9999 -9999 -9999 -9999 -9999 -9999 -9999 -9999 -9999 -9999 -9999 -9999
-0.0510340294867533 -0.0542802650983729 0.369008247637072 0.388066227054748 0.398073907697427 0.352647220154509 -0.0343030341995644 -0.11745716285543 -0.162211931154293 -0.190726246436167 -0.215076105176278 -0.2478661765066 -0.2613313557134 -0.281392164297321 -0.303752647410552 -0.308265533241296 -0.303818911839068 -0.295094061066023 -0.295226486867957 -0.300236922715618 -0.306155480093743 -0.304751354372844 -0.300996438793639 -0.307906798442437 -0.311731791488814 -0.305335573727837 -0.267690885859211 -0.246234814292887 -0.232864445776966 -0.227252065097321 -0.224418049880828 -0.218690247490548 -0.20536522321809 -0.161015461457439 -0.194048742820885 -0.118474316680404 -0.0748315128973948 -0.00300726180157546 -9999 -9999 -9999 -9999 -9999 -9999 -9999 -9999 -9999 -9999 -9999 -9999 -9999 -9999 -9999 -9999 -9999 -9999 -9999
-9999 -0.0735258047958322 0.0636343483765183 0.380045448716578 0.294078946414963 -0.0963123176874264 -0.119989226632493 -0.138941059298425 -0.163042555250472 -0.185866167977628 -0.221209944655757 -0.271729615180461 -0.284431671380784 -0.302080063157327 -0.314453476647636 -0.315225462392608 -0.307580629054793 -0.302290192503742 -0.302134991524977 -0.305826012942938 -0.306954775439893 -0.305779535093388 -0.305851158387041 -0.30891560480441 -0.304321820721122 -0.28519582493825 -0.25411749879869 -0.237177301660975 -0.227506611191311 -0.221780869903007 -0.214162006450085 -0.201509931972671 -0.158191751750824 -0.0317812759323792 -0.134735380717149 -0.0951199701945235 -0.00925961464465369 -9999 -9999 -9999 -9999 -9999 -9999 -9999 -9999 -9999 -9999 -9999 -9999 -9999 -9999 -9999 -9999 -9999 -9999 -9999 -9999
-9999 0.0726289973981743 0.359413817940507 0.322285126951481 -0.0639921776075486 -0.0907257007824772 -0.116797610223228 -0.135436155388864 -0.16292095023391 -0.188425026080374 -0.248942071737879 -0.289021745480516 -0.301903632828213 -0.316868263722285 -0.330216681502167 -0.328187732717355 -0.30830067502998 -0.30431357631322 -0.305713579830168 -0.308477311469292 -0.308414241748838 -0.299070854272905 -0.300876688768854 -0.303211402031751 -0.284384781310839 -0.259383614346429 -0.232012180110042 -0.221054331456597 -0.213800283053362 -0.205821757305692 -0.1880591804797 -0.154358102076149 -0.0402070608087609 -0.100062492732088 -0.0605212818805851 -0.040608975694009 -0.0120709577394151 -9999 -9999 -9999 -9999 -9999 -9999 -9999 -9999 -9999 -9999 -9999 -9999 -9999 -9999 -9999 -9999 -9999 -9999 -9999 -9999
0.091352047744811 0.376817763022739 0.352344238164091 -0.0344741056635419 -0.0807633643832623 -0.0890314749585081 -0.105313150015009 -0.134436520930683 -0.16581782906066 -0.195669799524719 -0.259032196459583 -0.296744694583207 -0.306024084842797 -0.316598774638972 -0.334623420581166 -0.330656005388272 -0.319770810579468 -0.307023100970385 -0.311204870768744 -0.314069184184279 -0.305410907005046 -0.270229132942202 -0.281812732155448 -0.276320101500588 -0.25760900554541 -0.233354988047166 -0.209390555376498 -0.198009150267061 -0.18865380839967 -0.175055688115441 -0.150038032335225 -0.101970042610535 0.0899752316250891 0.137120878215684 -0.048641090093045 -0.0182851801959441 -0.0383355802148875 -9999 -9999 -9999 -9999 -9999 -9999 -9999 -9999 -9999 -9999 -9999 -9999 -9999 -9999 -9999 -9999 -9999 -9999 -9999 -9999
0.0197503956623599 0.0450339335974317 -0.017524633566936 0.283194266881654 0.279881045455826 -0.0539535804352353 -0.0946273668223476 -0.137009806747258 -0.16454406803972 -0.187202792608825 -0.259859728902799 -0.299984849943999 -0.30912027223059 -0.309055038353061 -0.308693727176733 -0.32675196908113 -0.344313382354301 -0.329168611147558 -0.322846696112802 -0.320754471497339 -0.292487797617837 -0.265946163036839 -0.273162081053525 -0.253025114751605 -0.22282687915564 -0.204344977740152 -0.184343013617636 -0.174175597571846 -0.156774744142577 -0.140692995977712 -0.0883616168164278 -0.0120194301900243 0.101650343766054 0.148832059641223 0.148894923251479 0.152577081930945 -0.0976221479929402 -9999 -9999 -9999 -9999 -9999 -9999 -9999 -9999 -9999 -9999 -9999 -9999 -9999 -9999 -9999 -9999 -9999 -9999 -9999 -9999
0.342095408590263 -0.0334301575128844 0.322687041836729 0.329108405041809 0.239969866799697 -0.0877484389786775 -0.101526905685774 -0.141060902680362 -0.170668632560309 -0.200859654299359 -0.275681469053438 -0.300918735249157 -0.310656720698325 -0.310853968157393 -0.31007270745353 -0.33293651166921 -0.350723306443416 -0.351828366267651 -0.341745455402861 -0.324255356258048 -0.271580185287228 -0.254790448593734 -0.250595075522336 -0.222016866079217 -0.196778672387609 -0.175895587170511 -0.157174597925849 -0.142318174885497 -0.125338816810245 -0.0937575817886311 -0.0301890746562039 0.0414331884460035 0.117902132843908 0.134618700417268 0.164241888562032 0.0555352481632743 -9999 -9999 -9999 -9999 -9999 -9999 -9999 -9999 -9999 -9999 -9999 -9999 -9999 -9999 -9999 -9999 -9999 -9999 -9999 -9999 -9999
0.316600607702689 0.27664717645606 0.309205373814123 -0.0844321258998864 -0.16926193046194 -0.0876876364703963 -0.0965802609442585 -0.149369204744133 -0.198662519593336 -0.248058889541321 -0.281323323491335 -0.298470249157206 -0.307121312479524 -0.311816296669815 -0.313358413167983 -0.330785442592342 -0.328192679362096 -0.342972120243659 -0.353115833616729 -0.321091976945848 -0.250243657635491 -0.236010717942767 -0.223804872043077 -0.183056885984842 -0.153960309394852 -0.140062298773169 -0.126411620388561 -0.108157470741381 -0.0889294504107143 -0.0430627175959983 0.0276021636385282 0.0890714384087747 0.128506502508533 -9999 -9999 -9999 -9999 -9999 -9999 -9999 -9999 -9999 -9999 -9999 -9999 -9999 -9999 -9999 -9999 -9999 -9999 -9999 -9999 -9999 -9999 -9999 -9999
