raw_data/Abundance/Lutjanus argentiventrisGrid_precio_Teorico.asc
NCOLS 96 
NROWS 96 
XLLCORNER 0 
YLLCORNER 0 
CELLSIZE 0.0104166666666667 
NODATA_value -9999 
[rows 26 to 51 of 96, columns 0 to 57 of 96]
0.160403276236504 0.160563699426761 0.16060968516341 0.16049149084521 0.16045048103024 0.160444250196854 0.160449414136664 0.160444373501767 0.160452509877041 0.160480671494942 0.160486433594757 0.160459793611957 0.16044254579064 0.160434245008815 0.160428441807362 0.160430849313932 0.160448892058414 0.160443848800008 0.160448303517941 0.160537274571682 0.160926194883887 0.161557677823189 0.162364957714283 0.164177793546114 0.162955107272531 0.169698775413072 0.18150045482364 0.189838927725147 0.222562827419371 0.219166520384565 0.22362027636406 0.197200930653416 0.198254444334914 0.206775425998211 0.202837976549433 -9999 -9999 -9999 -9999 -9999 -9999 -9999 -9999 -9999 -9999 -9999 -9999 -9999 -9999 -9999 -9999 -9999 -9999 -9999 -9999 -9999 -9999 -9999
0.160366204308235 0.160495836250276 0.160476325215373 0.160441911776015 0.160444893831011 0.160446028935816 0.160448411081801 0.160453698326525 0.160441840941277 0.160436927109306 0.160433382748925 0.160439646813423 0.160435791129998 0.160432301863301 0.160429913595796 0.160433592629628 0.160429838388544 0.160639169904247 0.160892230064533 0.161319917966191 0.161859634940384 0.162459587676493 0.163312901401898 0.165902820538601 0.16903712649515 0.17945560461907 0.188118605558432 0.215633353640989 0.232671556604978 0.236058069206953 0.241691179839778 0.202055996028146 0.209983802353052 0.443912811809629 -9999 -9999 -9999 -9999 -9999 -9999 -9999 -9999 -9999 -9999 -9999 -9999 -9999 -9999 -9999 -9999 -9999 -9999 -9999 -9999 -9999 -9999 -9999 -9999
0.160361327117936 0.160429073198479 0.160443702758019 0.16043836041961 0.160434153186007 0.160441854933324 0.160442504689002 0.160441301372969 0.16044053793191 0.160441967744203 0.160439343360905 0.160449330184382 0.160433000591144 0.160432534481081 0.160427052222204 0.160431722942361 0.160676712315093 0.161321754422347 0.161750820540626 0.162522534397498 0.164651057042547 0.164669080547964 0.164646658292802 0.177087538131043 0.177945163155899 0.186853374717235 0.22017657127037 0.23165057443253 0.237312980913559 0.239106411525342 0.24727575555991 0.203688605550838 0.20924563442863 -9999 -9999 -9999 -9999 -9999 -9999 -9999 -9999 -9999 -9999 -9999 -9999 -9999 -9999 -9999 -9999 -9999 -9999 -9999 -9999 -9999 -9999 -9999 -9999 -9999
0.160392994705539 0.160405619029858 0.160428161091921 0.160430260773459 0.160427794675193 0.160435882952806 0.160433125645063 0.160425489485466 0.160425069724058 0.160428197821044 0.160434933242622 0.160448960269642 0.160443743859656 0.160456824674505 0.160561809625926 0.160792901398072 0.161414985179867 0.162557051028202 0.165564239238638 0.180580390289479 0.18555176455409 0.167120382225005 0.166974112864694 0.191991166889697 0.227144085926269 0.218652837362641 0.232228271069035 0.237251940608945 0.238965004401329 0.242332103038226 0.251174989230583 0.26455575858444 0.306880825962867 -9999 -9999 -9999 -9999 -9999 -9999 -9999 -9999 -9999 -9999 -9999 -9999 -9999 -9999 -9999 -9999 -9999 -9999 -9999 -9999 -9999 -9999 -9999 -9999 0.560114137829656
0.160419722138633 0.160416578300594 0.160429054833917 0.160429135288187 0.160431101170777 0.160432382317571 0.16042748072864 0.160421934631049 0.160416432258605 0.160418747942367 0.160433329404246 0.160450623574218 0.160498606675563 0.160651786358038 0.161294583616268 0.161841252888765 0.162810936719255 0.177672668042465 0.187202039035997 0.192677301889699 0.193045555074126 0.190531971298308 0.211780905877147 0.215775985069106 0.262696565352214 0.221864974080088 0.235293054042535 0.238809080528655 0.242576351706975 0.246884502948387 0.259670785209455 0.266320505500072 0.289336548152458 -9999 -9999 -9999 -9999 -9999 -9999 -9999 -9999 -9999 -9999 -9999 -9999 -9999 -9999 -9999 -9999 -9999 -9999 -9999 -9999 -9999 -9999 -9999 -9999 0.580991146311757
0.160426581739627 0.160431446599434 0.160431220103175 0.160432446156285 0.160436138307662 0.160431051324109 0.160426346498338 0.160416715597554 0.160417060151709 0.160422320286842 0.160443782337785 0.160586728586957 0.160750024519344 0.161240539335105 0.161995943712306 0.162861028247168 0.16589644541223 0.190405955425888 0.196356248271945 0.201971781395849 0.211068448338909 0.214274288635249 0.243352910310087 0.248401940435009 0.292771595667127 0.224494866745786 0.234621435791194 0.238177601961867 0.246685378630899 0.252317090059035 0.261514237388916 0.269971555238805 0.302473331188445 -9999 -9999 -9999 -9999 -9999 -9999 -9999 -9999 -9999 -9999 -9999 -9999 -9999 -9999 -9999 -9999 -9999 -9999 -9999 -9999 -9999 -9999 -9999 0.61756548241308 0.792427590570703
0.16043112915487 0.160435057422038 0.160432831812078 0.160435722044266 0.160435046928003 0.160425779820439 0.160418126170783 0.160418733075817 0.160420558163435 0.160436804678895 0.160600802837136 0.161015210537277 0.161439497497035 0.161990145757871 0.163073514969447 0.164386030184147 0.168291464080605 0.196222536773729 0.20486909705798 0.211200235930676 0.226588076962464 0.230231168724521 0.260471829894648 0.275719663007114 0.289200125695154 0.301693274573607 0.234432630608298 0.239486995201102 0.248728130028434 0.255227435814844 0.267956700484783 0.278107930512858 0.309638133705676 -9999 -9999 -9999 -9999 -9999 -9999 -9999 -9999 -9999 -9999 -9999 -9999 -9999 -9999 -9999 -9999 -9999 -9999 -9999 -9999 -9999 -9999 0.602487302869312 0.606224053895325 0.603516592819609
0.160432072743533 0.160435959909064 0.160433931062263 0.160435666076079 0.160433415105533 0.160428404203736 0.160421653041105 0.160421377572682 0.160447293467055 0.16062770342181 0.161132477007868 0.161880701716002 0.162385648453641 0.163206640550699 0.165080166885972 0.167005603715255 0.181976796570392 0.209390102312902 0.223904314916189 0.23018105970655 0.260310046852333 0.251041190282074 0.273878834336448 0.280399128193212 0.289306815052789 0.30367839622796 0.318983072030969 0.24177941718556 0.251117272037109 0.263592930856932 0.279809713217427 0.29133303834492 0.343971993296668 0.371100823235583 0.337784885056779 -9999 -9999 -9999 -9999 -9999 -9999 -9999 -9999 -9999 -9999 -9999 -9999 -9999 -9999 -9999 -9999 -9999 -9999 -9999 0.581355814034164 0.585017357808074 0.789077369840383 0.583192270190174
0.16048694168096 0.160436356933394 0.16043650472439 0.16043297260705 0.160431086304227 0.160441533116246 0.160443947618839 0.160462133781801 0.1608302592888 0.161664682001879 0.162744623161965 0.164217819545286 0.164819407601878 0.165948189750683 0.179159410476194 0.187890097942449 0.215693781793551 0.247690444849995 0.258112420985642 0.270435041792464 0.255501155232383 0.281535982004075 0.279788725147072 0.287410018194511 0.293977535209573 0.308397214045972 0.323910896049594 0.244108305942259 0.25415704422677 0.266652816614017 0.284478684368348 0.295260431009985 0.352502769392797 0.337124635343547 0.333741183501833 -9999 -9999 -9999 -9999 -9999 -9999 -9999 -9999 -9999 -9999 -9999 -9999 -9999 -9999 -9999 -9999 -9999 0.583126682470316 0.580300288995924 0.761387109019488 0.563571047917611 0.408087924720544 0.283925998515682
0.160497017703736 0.160437532265334 0.160432606190322 0.160441388823262 0.160481165589098 0.160524993052513 0.160617521584179 0.160879615359747 0.16273893889291 0.164167981623224 0.165999925344107 0.167207377776624 0.167484551480742 0.168551410076973 0.193130556759061 0.224039600519682 0.264707047591578 0.263510727581378 0.263291227345588 0.262005708036381 0.263379552141663 0.265930477192653 0.278386896947985 0.293013832979134 0.300375398655937 0.316340324172178 0.329970326861494 0.348028812395586 0.259432045909174 0.273258811758062 0.281649667385162 0.295995013472389 -9999 -9999 -9999 -9999 -9999 -9999 -9999 -9999 -9999 -9999 -9999 -9999 -9999 -9999 -9999 -9999 -9999 -9999 -9999 0.513196181055342 0.572833782967349 0.569559643992064 0.466493352002161 0.37900720423867 0.267550931124598 0.317910931437032
0.160511574679533 0.160431485952066 0.160450092750938 0.160497802132866 0.160575045227793 0.160890411972938 0.161421902498055 0.163253391477414 0.165406347734367 0.1666018719469 0.167475255514581 0.168269085550589 0.180366224521571 0.180150397198094 0.232558133574771 0.267420630187815 0.257239667060071 0.254545323528326 0.258552295960152 0.259776600064159 0.261954112363427 0.265193271221455 0.285060228817751 0.299382837828761 0.304715556704639 0.318631521852533 0.337539149733047 0.360154670042836 0.377284433463746 0.416783107367782 0.410444710120756 -9999 -9999 -9999 -9999 -9999 -9999 -9999 -9999 -9999 -9999 -9999 -9999 -9999 -9999 -9999 -9999 -9999 -9999 -9999 -9999 0.523618506992161 0.548078353984343 0.538617981272101 0.417153022107778 0.32147977790021 0.646878820674715 0.710944905431499
0.160559249081343 0.160487623793247 0.160559091670815 0.160703272718126 0.161387377122322 0.162449347247166 0.164023933500358 0.166663297032804 0.168619140329013 0.169471492101193 0.181117160188793 0.184227329864435 0.186894301454426 0.205438136115463 0.264010943258157 0.257099746591042 0.253171479423045 0.255842211375641 0.257408446125838 0.259434669417968 0.267891112764926 0.309863755461986 0.302667470839223 0.311453601791331 0.313502562159678 0.325972973961913 0.362031353333692 0.389323715320785 0.417469592168957 0.449567347764275 -9999 -9999 -9999 -9999 -9999 -9999 -9999 -9999 -9999 -9999 -9999 -9999 -9999 -9999 -9999 -9999 -9999 -9999 -9999 0.502895411025993 0.677276542571328 0.717754659758568 0.743533257171351 0.744183012849406 0.320502083622868 0.680205252888697 0.66708683441427 0.398081862179087
0.160677736358026 0.160618948772963 0.161008359681313 0.161812000765709 0.162783276191534 0.166082478420834 0.167135616066071 0.177826930359569 0.185705677070022 0.189147633157849 0.204532325979085 0.231431598898499 0.245257840045628 0.268445547623454 0.266288148891609 0.253216079072548 0.255434693009594 0.256107185763866 0.25938657175674 0.269390010789402 0.317220948624132 0.330893801957087 0.315311034221882 0.318643764893573 0.317966025121713 0.342741567672142 0.355546914097116 0.372764127811169 0.411507231182447 -9999 -9999 -9999 -9999 -9999 -9999 -9999 -9999 -9999 -9999 -9999 -9999 -9999 -9999 -9999 0.530661753601923 0.516813125179749 0.75171598110077 0.783593361957367 0.471285628066414 0.658368914690814 0.599912766239173 0.416913408304566 0.398716751307307 0.35806373353378 0.532460606131881 0.742353552716848 0.369172544271774 0.374437051919
0.160737947633861 0.160921840733791 0.162699988532344 0.163368047556754 0.167369737990874 0.179068374721032 0.182217022525656 0.187976586282367 0.210238894858151 0.245562954118405 0.261131205104948 0.267597279779964 0.263217769099348 0.262060801721062 0.264220823961701 0.266760380474583 0.25639664623417 0.261109342531663 0.266396587255107 0.312426923554016 0.332701399516359 0.315362629894836 0.318185525357502 0.321567228193354 0.337173607507708 0.33992741723879 0.347550459292092 0.577607694470042 -9999 -9999 -9999 -9999 -9999 -9999 -9999 -9999 -9999 -9999 -9999 -9999 -9999 -9999 -9999 0.528592679666152 0.525364889346233 0.679771499434706 0.451339090703358 0.491637934789655 0.453722111191513 0.389948110413828 0.362568298133591 0.379563388103061 0.377277437440295 0.340985565785824 0.418922141538067 0.394064395712083 0.370653952237621 0.380991451390091
0.160795058796804 0.162175208068221 0.16643212218288 0.210463554661236 0.189774389408807 0.189681342296903 0.1988374754393 0.22575415096705 0.241852088379162 0.251306164670298 0.27579049774456 0.27712061670327 0.27146345723983 0.266298642926786 0.270646671501871 0.271334905308909 0.27595490429567 0.283452017926845 0.308258168079874 0.342806280889068 0.31438843362922 0.337441205404726 0.339002193137334 0.338723226702207 0.340656752683605 0.350131991945682 0.363524129837648 -9999 -9999 -9999 -9999 -9999 -9999 -9999 -9999 -9999 -9999 -9999 -9999 -9999 -9999 -9999 0.580549522331383 0.465324141582835 0.485779639651985 0.368284049293438 0.330248418793689 0.352062894418286 0.36939641702222 0.362880495680113 0.352145097693841 0.342527314453941 0.353128913491703 0.344734559852878 0.355420111172058 0.42959107730155 0.65964219095898 0.417833385388433
0.161572614333258 0.164762346285602 0.212426463941131 0.227321697471643 0.208088667050344 0.21257556669094 0.226250868632104 0.267804536974714 0.287472107902643 0.294064985502716 0.297042667984246 0.277708282673193 0.2746676359806 0.275245682418278 0.313235838765591 0.267158279308385 0.303332967570044 0.330230928735061 0.338800182960173 0.32549462085842 0.335273312637704 0.340520330226302 0.343565349433552 0.344684713185786 0.343611698088918 0.362876997668387 0.567920825498558 -9999 -9999 -9999 -9999 -9999 -9999 -9999 -9999 -9999 -9999 -9999 -9999 -9999 -9999 0.529310646572859 0.556617000606855 0.691253722924422 0.371998937746165 0.312393692442621 0.308863324108426 0.304691070622559 0.310176827511439 0.313588263446959 0.308626333814008 0.236824221225181 0.290121851784885 0.285757207654103 0.310293136401319 0.436836334088473 0.756609699505069 0.472920948548194
0.163765439178856 0.199026980224541 0.225271862600364 0.21801514982504 0.215048048828981 0.231383238886391 0.270107103193177 0.290674537637551 0.307562063746454 0.309886492538203 0.309053965747479 0.305163302205533 0.303979225236373 0.306644710171381 0.314349080997306 0.316845786866547 0.321095871113311 0.322319300714386 0.326818618296609 0.332218673898208 0.339898558642053 0.345405303601287 0.35243106015242 0.354286755372921 0.364476463529978 0.380347817232556 -9999 -9999 -9999 -9999 -9999 -9999 -9999 -9999 -9999 -9999 -9999 -9999 -9999 -9999 0.520319007431864 0.517663142029102 0.501642248325249 0.67215195539313 0.318440005710549 0.300894853397208 0.283621671495543 0.283228145176398 0.286285407424688 0.232760843354277 0.230425220925006 0.223694434212646 0.225804085084435 0.224579955881015 0.240612130672683 0.283231643188124 0.42700954464796 0.685447023459706
0.189384186200802 0.233610597852751 0.242164111025097 0.217842610396668 0.222375771242338 0.26250504921023 0.285443261101718 0.312656043322051 0.331605647343274 0.338683874070292 0.334933130997376 0.331701842665731 0.333564533909683 0.334462648420265 0.340661999701194 0.337295163415177 0.337640592073093 0.334878037312696 0.336295606564549 0.344288563357847 0.353522439810848 0.360591921508553 0.361250422215922 0.368112646718877 0.395381397126822 0.3984132987901 -9999 -9999 -9999 -9999 -9999 -9999 -9999 -9999 -9999 -9999 -9999 -9999 0.54267567487395 0.551101510618307 0.489976379219932 0.475934485649912 0.674548093425257 0.336961977798301 0.260029331411343 0.268551362478158 0.256028480500037 0.26199259049241 0.220651601262724 0.223900292202705 0.227598652550028 0.227254797997389 0.23176434726391 0.240433382273498 0.257535249050896 0.286151608476179 0.43493079220088 0.775456112180382
0.25282692526806 0.26446393577664 0.243028819523698 0.227367871226423 0.256582915358565 0.281553472062704 0.305523597413283 0.339540886943097 0.360148548522316 0.590943864174396 0.392806860496683 0.382388907074521 0.381663944144363 0.378926749968978 0.372841958572067 0.364116168322228 0.361054533559281 0.357100031303341 0.355129776198822 0.362395146553168 0.369360562402032 0.37457085086751 0.384106430831856 0.404965074752396 0.43934878101048 -9999 -9999 -9999 -9999 -9999 -9999 -9999 -9999 -9999 -9999 -9999 -9999 0.539131314492852 0.547809881584393 0.760960351588948 0.479421128837536 0.604872946866261 0.329464864167125 0.260477076912237 0.25918543608251 0.245317306244966 0.236851505716642 0.243341366871393 0.211944875176791 0.219047500535597 0.228483299715466 0.229778788358091 0.340245736305832 0.261897269672884 0.282097412886055 0.301633808374269 0.720763824345629 0.49515606008281
0.258729820055233 0.244475422272875 0.254824289963453 0.264369489460045 0.280157765384137 0.311932829397756 0.340450369991787 0.541208258955005 0.391790688090358 0.432712178263835 0.440878286637556 0.422354565543942 0.417990795916091 0.43488794155724 0.412198088498279 0.407397941907643 0.409489752919631 0.38056994097714 0.377871224930738 0.384468475045469 0.394718523904795 0.401602610981036 0.437219366372441 0.407479270680266 -9999 -9999 -9999 -9999 -9999 -9999 -9999 -9999 -9999 -9999 -9999 -9999 0.514666220483081 0.526833179768109 0.56539526103258 0.680201754876971 0.309332932182606 0.275287658558986 0.264510284432006 0.238670646714609 0.237709305642084 0.234062016265957 0.230861685338084 0.232623633844336 0.206236032590103 0.219064116091294 0.231991630575789 0.2366313933288 0.258232227887248 0.282517174293143 0.301366210477251 0.38835651507862 0.443051426422167 0.311080189039609
0.268509386337449 0.265564060464382 0.275898936108058 0.284239070565135 0.305062734368418 0.344540420202099 0.541964703990695 0.618909593418693 0.703135594253802 0.577885786402238 0.478265035962181 0.465225322751583 0.435812291155765 0.435759820979879 0.428722695890637 0.44042267061028 0.434092143889636 0.451816569303921 0.437089939938589 0.431919878607956 0.459151899892781 0.51992548111272 0.446546814639105 -9999 -9999 -9999 -9999 -9999 -9999 -9999 -9999 -9999 -9999 -9999 -9999 -9999 0.508424893061444 0.50375417290466 0.708031061663964 0.516913693016864 0.26891865370936 0.231142750580247 0.228538830651612 0.212013261306029 0.212530442339678 0.216948693500157 0.220882032785157 0.230741178834133 0.208071789143767 0.222786962520698 0.240312351067788 0.254265482590268 0.272250509878119 0.331035471431979 0.295527154404072 0.300859873279951 0.310990989740603 0.291864736127231
0.281710008087431 0.322029840244082 0.295701180487428 0.306194341161693 0.3412269285949 0.366794770801207 0.625768319909922 0.503153389390765 0.578609000326533 0.533283513390359 -9999 -9999 -9999 0.437229860407618 0.433610292774416 0.43763388076194 0.438485646617156 0.445386349249094 0.444618535675295 0.440197923356902 -9999 -9999 -9999 -9999 -9999 -9999 -9999 -9999 -9999 -9999 -9999 -9999 -9999 -9999 0.568730615213066 0.544784101441635 0.543001864467374 0.69704380683344 0.682645990570326 0.478216063798021 0.216066057691462 0.221543594252786 0.234631405124613 0.2132443865329 0.176698821578021 0.178886215760414 0.215196626877031 0.237941398720087 0.260042448955314 0.23477543575742 0.259513374681797 0.278142036127184 0.299531503327104 0.312790716773492 0.30172563118207 0.300542428715841 0.304398986643461 0.320639380583103
0.343484020660928 0.342469597260466 0.317025059967491 0.338794935942584 0.365043141429547 0.602094651053098 0.7677779764424 0.521776803818563 0.533941139594797 -9999 -9999 -9999 -9999 -9999 -9999 -9999 -9999 -9999 -9999 -9999 -9999 -9999 -9999 -9999 -9999 -9999 -9999 -9999 -9999 -9999 -9999 -9999 -9999 0.594113062797909 0.557713627282872 0.494406611070572 0.726016963454748 0.715999532375182 0.353593274548294 0.247120094038115 0.227171108066851 0.285215015836614 0.231165750007344 0.180070117828988 0.173717553634472 0.175331448794432 0.218489830016222 0.255278156984867 0.281488758845778 0.24771117056947 0.272448147540623 0.314356951523688 0.353973683323468 0.340719716894669 0.314757473866285 0.29428098772678 0.434200582253134 0.615715908713099
0.363466412644173 0.385263398210141 0.350360237210786 0.375518812045183 0.410244448949457 0.697641092335609 0.619921393310361 0.620847491914748 -9999 -9999 -9999 -9999 -9999 -9999 -9999 -9999 -9999 -9999 -9999 -9999 -9999 -9999 -9999 -9999 -9999 -9999 -9999 -9999 -9999 -9999 0.657619465678576 0.624060415684833 0.731975826429532 0.668562120859597 0.764821282031225 0.500020045387441 0.451355706259056 0.350334002122843 0.254810297916551 0.179218526874359 0.287266599713756 0.540323261988395 0.212602151580056 0.175596598083243 0.173926997086551 0.176165986941899 0.233105222608676 0.273890202874556 0.298389402498653 0.251147005136778 0.276414892837604 0.341655435031302 0.374305001976354 0.367177803085175 0.379726045648307 0.322289567614717 0.487156981768992 -9999
0.374348727122926 0.401375240218864 0.441152880558026 0.405967255111818 0.480240538084289 0.610727743992205 0.632286864760824 -9999 -9999 -9999 -9999 -9999 -9999 -9999 -9999 -9999 -9999 -9999 -9999 -9999 -9999 -9999 -9999 -9999 -9999 -9999 -9999 -9999 -9999 0.679257291711023 0.50401652378409 0.823410354928444 0.674526230851971 0.819993671975335 0.786391771337952 0.37993505184892 0.304360508514477 0.243026895617249 0.178571044903926 0.173046547535184 0.180225167198731 0.21644270610403 0.176629386045265 0.173301727490576 0.173535044872682 0.179133350288837 0.248781474707251 0.27986043438745 0.300314183450737 0.32764327456095 0.423699551052486 0.479013610471488 0.386212233890746 0.466586923815825 0.427201060789944 0.564473534942849 -9999 -9999
0.375330793914925 0.406912592780697 0.449165076415816 0.708628347166133 0.802973221420854 0.69238183170597 -9999 -9999 -9999 -9999 -9999 -9999 -9999 -9999 -9999 -9999 -9999 -9999 -9999 -9999 -9999 -9999 -9999 -9999 -9999 -9999 -9999 -9999 -9999 0.680395020024818 0.695132143425327 0.693074438027665 0.612147936752853 0.787448170879124 0.597160705513953 0.281885783176649 0.228106651302898 0.177119195137161 0.173078554342474 0.172110217246499 0.17276600699478 0.17248223079353 0.172282057072525 0.171873314402373 0.173944924396645 0.211532197243448 0.255123369966004 0.280616879423139 0.30372736839212 0.342020102753709 0.45424506394451 0.472765287026399 0.38774611203248 0.445792118609279 -9999 -9999 -9999 -9999
