raw_data/Abundance/Lutjanus argentiventrisGrid_precio_Teorico.asc
NCOLS 96 
NROWS 96 
XLLCORNER 0 
YLLCORNER 0 
CELLSIZE 0.0104166666666667 
NODATA_value -9999 
[rows 52 to 77 of 96, columns 0 to 57 of 96]
0.369275735617683 0.392772754882357 0.431632167143515 0.412001325338706 0.497158671795792 0.556282065984116 -9999 -9999 -9999 -9999 -9999 -9999 -9999 -9999 -9999 -9999 -9999 -9999 -9999 -9999 -9999 -9999 -9999 -9999 -9999 -9999 -9999 -9999 -9999 0.635567125256629 0.651051074160582 0.629476212339198 0.727608558789956 0.653240829500891 0.286831971756834 0.232562593539722 0.178362825755952 0.171025921061815 0.169932879847817 0.169487320604251 0.168967262455958 0.168937879157461 0.168909011815695 0.169613074125791 0.176110368555459 0.225656643890195 0.259244902281847 0.286961398190686 0.302709446979932 0.350894558501892 0.423626092806246 0.423278915142467 0.387041262669745 0.417224731348156 -9999 -9999 -9999 -9999
0.362994181061199 0.379452326230769 0.420165684706565 0.391205645629229 0.437043591283223 -9999 -9999 -9999 -9999 -9999 -9999 -9999 -9999 -9999 -9999 -9999 -9999 -9999 -9999 -9999 -9999 -9999 -9999 -9999 -9999 -9999 -9999 -9999 0.592243375530505 0.613578623548677 0.63235769949827 0.769819066284365 0.597367088205772 0.308265164103326 0.237782676438032 0.177787315376775 0.169765412536447 0.167975847227621 0.166868665301222 0.165902155916373 0.166260439767381 0.166567101710346 0.166769146867625 0.167308181729531 0.206653432839276 0.236121295768895 0.261531727447545 0.287210631526144 0.296566063886615 0.361406958240648 0.398306609432465 0.42145645103336 0.616202132342976 -9999 -9999 -9999 -9999 -9999
0.363113113459874 0.383583478078859 0.433298969730826 0.434434074535826 -9999 -9999 -9999 -9999 -9999 -9999 -9999 -9999 -9999 -9999 -9999 -9999 -9999 -9999 -9999 -9999 -9999 -9999 -9999 -9999 -9999 -9999 0.580155996012238 0.58999415399086 0.781498927436585 0.796666306279359 0.758997967010813 0.389853664097233 0.328070906494421 0.272730611987476 0.213727287051638 0.168051885257509 0.167168698511967 0.166725561641522 0.16609158199635 0.165324450534839 0.165020447080785 0.16531231243415 0.165648908612459 0.1719316437479 0.227077711153774 0.254292592181142 0.278637879289306 0.292359704786422 0.287058468016075 0.33490514690357 0.392179841894845 0.670900541698249 -9999 -9999 -9999 -9999 -9999 -9999
0.374812213676585 0.410982529423587 0.452203099599614 -9999 -9999 -9999 -9999 -9999 -9999 -9999 -9999 -9999 -9999 -9999 -9999 -9999 -9999 -9999 -9999 -9999 0.611255943762791 0.603065349306989 0.817402519789499 0.544369587052136 0.562513773873508 0.569489683757549 0.76993187716252 0.782110204985656 0.715861360912016 0.39988421272077 0.340801920170223 0.339380852906645 0.275105761949248 0.240965604757568 0.175956980741286 0.167299025683839 0.166199749263939 0.16631618058423 0.16612704309022 0.165704457038664 0.165208919952567 0.164895296966267 0.165570308288982 0.205579018537717 0.243116094916255 0.269451225994602 0.296515342716592 0.685630669075307 0.280645738019877 0.340436377944884 0.691739072051367 0.676060983496636 -9999 -9999 -9999 -9999 -9999 -9999
0.455292718456367 0.438852937848357 0.46009723756166 -9999 -9999 -9999 -9999 -9999 -9999 -9999 -9999 -9999 -9999 -9999 -9999 -9999 -9999 -9999 -9999 0.624450443992252 0.800441535434356 0.789634428207706 0.673578269674297 0.442560830277634 0.542152722120953 0.559341077238269 0.395445235840816 0.38914356771691 0.375898346317425 0.354386448707104 0.303964358686538 0.274525092002777 0.230321854678511 0.184113557033055 0.16992824498228 0.168582297520511 0.16876291735597 0.167275868846214 0.166641145873551 0.166450023257886 0.16633773708149 0.166540079569765 0.169089596671036 0.218186989651067 0.257425061681535 0.287041852460378 0.285569189523844 0.305931115779331 0.503835501677283 0.600241579341392 -9999 -9999 -9999 -9999 -9999 -9999 -9999 -9999
0.42058369710779 0.45087035713211 -9999 -9999 -9999 -9999 -9999 -9999 -9999 -9999 -9999 -9999 -9999 -9999 -9999 -9999 -9999 0.597516628207047 0.80212233006857 0.808235105559287 0.795244364512849 0.776228298268838 0.736875666354352 0.689735585835454 0.601134446834385 0.453120453174687 0.371364048617945 0.361750637892702 0.334501126549248 0.335428099656567 0.268208557329036 0.237486482295155 0.184347836368386 0.176845300819036 0.16967341482806 0.169196985631016 0.168759017072895 0.167868169681674 0.167306852485075 0.167294618189064 0.167627226634005 0.16911084709227 0.172828446504084 0.221701616932496 0.265110193442969 0.297242054652613 0.319409829461508 0.572430637115959 0.653266190085902 -9999 -9999 -9999 -9999 -9999 -9999 -9999 -9999 -9999
0.449236785656193 0.477017120279026 -9999 -9999 -9999 -9999 -9999 -9999 -9999 -9999 -9999 -9999 -9999 -9999 -9999 -9999 0.577030522535296 0.581587557310994 0.807497899588089 0.740584433286559 0.421031442608684 0.434472552664809 0.429534234611007 0.627006616060831 0.744623762326848 0.433268362128226 0.371382413179505 0.348053298477666 0.327815551638443 0.289918967104792 0.231535140045581 0.184187539981054 0.177267423384039 0.174037534257084 0.17048967586426 0.169490556265098 0.168684273307346 0.167980805659242 0.167814405241449 0.168093249246166 0.168663512607754 0.16985452438516 0.171487133907852 0.217118434519149 0.262037190141913 0.295705553002085 0.337366872655554 0.619699269565777 -9999 -9999 -9999 -9999 -9999 -9999 -9999 -9999 -9999 -9999
0.459950321069179 -9999 -9999 -9999 -9999 -9999 -9999 -9999 -9999 -9999 -9999 -9999 -9999 -9999 -9999 0.566476146655831 0.775378281419485 0.776733760963206 0.770672581145444 0.732204071694636 0.75250915525958 0.533328987542794 0.409938372923456 0.656578807190171 0.69629960483879 0.444022124676058 0.376278755092598 0.347773457539607 0.278759435196775 0.187099634742726 0.179939554541325 0.177232006015315 0.175100667470827 0.173325951221777 0.171880835127584 0.170642451526381 0.169769785051104 0.169028294015542 0.169098604051229 0.169254265573025 0.169763401179705 0.17024708875108 0.171093082886949 0.215114423601477 0.263907751912248 0.299390708355144 0.347069482679804 0.649368530520505 -9999 -9999 -9999 -9999 -9999 -9999 -9999 -9999 -9999 -9999
-9999 -9999 -9999 -9999 -9999 -9999 -9999 -9999 -9999 -9999 -9999 -9999 -9999 0.583658380252627 0.757126530737546 0.740698993170577 0.744001990742599 0.426068579493738 0.430194484324239 0.438291506966378 0.384809531188728 0.364291068908514 0.35310267840376 0.335882841180912 0.318668250975653 0.327784069532911 0.313748297483411 0.283146816403775 0.227054886627263 0.176009975618931 0.175999306683167 0.176226240193874 0.175174562968533 0.174000542783084 0.172969241476045 0.171927096332656 0.171119317974892 0.170507253373182 0.17050025734973 0.170389720179197 0.170892471914478 0.171568375230183 0.174545270659074 0.223430509227939 0.267257098139637 0.289544679850139 0.646122375639026 -9999 -9999 -9999 -9999 -9999 -9999 -9999 -9999 -9999 -9999 -9999
-9999 -9999 -9999 -9999 -9999 -9999 -9999 -9999 -9999 -9999 -9999 0.600936809171881 0.80040742982003 0.783161357509239 0.604539761249385 0.409822064033575 0.362037474854212 0.384306692003154 0.403354240352697 0.417815020826873 0.411683006271665 0.383720775039094 0.353152525070852 0.296842406812948 0.277494903957923 0.257005300274447 0.234812252330833 0.22136537055536 0.176997027077639 0.171997843619809 0.175719290844523 0.176411634815338 0.175264461869884 0.174428699418314 0.173827303752367 0.172965218762561 0.172110042345912 0.171577819861842 0.172242529540024 0.172552715729804 0.172675321040791 0.178062346548711 0.21170001435599 0.206452909317098 0.306825732278187 0.365037019909027 0.600890460516515 -9999 -9999 -9999 -9999 -9999 -9999 -9999 -9999 -9999 -9999 -9999
-9999 -9999 -9999 -9999 0.678521834745688 0.677664821872884 0.652320852417023 0.631056439136298 0.629652861931348 0.623418530533161 0.625733339792665 0.785070397408557 0.714455160198271 0.381340378059733 0.36700989852234 0.340222999229615 0.325717619105935 0.378441400842032 0.436200570457321 0.74299543786852 0.733375031119825 0.463170240862716 0.362135419182532 0.250467516359054 0.244667638017204 0.235100226146154 0.21876381178464 0.172974750844513 0.164512081036684 0.166846724022672 0.178393520808845 0.176424664909017 0.175397123964583 0.175276092758872 0.1748063972344 0.17397177163664 0.173447419678953 0.173726910815839 0.177202710167112 0.178769382168775 0.205941762353676 0.224654725881652 0.216515114946753 0.247306188261924 0.290504884068852 0.426205876453973 0.342752061707319 -9999 -9999 -9999 -9999 -9999 -9999 -9999 -9999 -9999 -9999 -9999
-9999 -9999 0.65367982997247 0.654628665653075 0.851361217622907 0.855485373447545 0.81004969914201 0.627794543202052 0.645025748963009 0.620831750861983 0.818869935708444 0.757304929335558 0.753676616673043 0.710801486950744 0.744385897529498 0.570615169030304 0.357860848853687 0.350906801542932 0.37247816535259 0.358775578919966 0.323122968908373 0.2846693260074 0.234088426254486 0.230738992576804 0.228535857341645 0.220773419521073 0.173366528157795 0.162897792350405 0.162482543378444 0.171839646039513 0.179961504564904 0.17596266501034 0.176067692812406 0.175737130704324 0.175714830879572 0.175745700833052 0.176174819421506 0.178153907005632 0.217560058499522 0.264627467824818 0.315496428843346 0.358092592130517 0.293140635904192 0.323348590664683 0.351798794532994 0.369294974682174 -9999 -9999 -9999 -9999 -9999 -9999 -9999 -9999 -9999 -9999 -9999 -9999
-9999 0.650375083394585 0.646225566984935 0.821346528010262 0.796033166157002 0.521044844864954 0.475649397694265 0.468717212956796 0.570778701078482 0.770342019037362 0.743856823255981 0.589129270591672 0.772912183152844 0.393056968335073 0.304800383488988 0.317601357399305 0.291014719277878 0.245372749730818 0.234182522769908 0.236505027655208 0.235475213003152 0.228750722711898 0.225317161852213 0.223896356939513 0.217696218605946 0.17610232312849 0.165121801970538 0.16359332825692 0.16685810130581 0.180553543049484 0.180144975279919 0.176665852817506 0.176812681859693 0.177047748247663 0.177568514743331 0.179380659717846 0.180823764455297 0.21133919444648 0.315510420890249 0.415156531915317 0.365480392895263 0.635266296248216 0.439817514581728 0.391620160018728 0.400211276817126 0.421021823076438 -9999 -9999 -9999 -9999 -9999 -9999 -9999 -9999 -9999 -9999 -9999 -9999
0.632543094119734 0.641556595834014 0.637311758604838 0.603922362179793 0.538410724077351 0.477675620986395 0.4623490826101 0.454231946400539 0.455189527110458 0.714377329437374 0.816312889136934 0.802633914283458 0.635791872510007 0.283891018398425 0.188493242614258 0.187959446024911 0.220466381541847 0.217143620203574 0.186109172722585 0.185363571523246 0.185143109334231 0.185210008808486 0.186805189605713 0.188028881557667 0.184800916337162 0.166372454847868 0.165450169076262 0.166544583259862 0.177547789023856 0.20672365542467 0.182645266611179 0.180602165412472 0.179808291651317 0.179799721522589 0.180265306883284 0.206790467448631 0.219822922284898 0.278418379053517 0.41532356197522 0.374911907010769 0.514910206800951 0.503339658515161 0.44050225037704 0.414681676823549 0.400505984305019 0.401314025013663 -9999 -9999 -9999 -9999 -9999 -9999 -9999 -9999 -9999 -9999 -9999 -9999
0.641947498644365 0.628631442507434 0.812878716125196 0.596545055450225 0.543864998860699 0.504152946241393 0.50327844330996 0.462872909866029 0.352414444596722 0.316815179263947 0.369163799242459 0.318453997757452 0.275382104875581 0.187315549516497 0.177648269410678 0.179002087398829 0.182171286022342 0.181452794413877 0.179138772207012 0.177092172996579 0.176711851671699 0.177486748719242 0.179055082276474 0.182375307556246 0.172925778680353 0.165096485110673 0.164871519231562 0.167214548700662 0.206630433412179 0.21132695140544 0.211652353946226 0.209714630350757 0.209606541788432 0.209278165937679 0.209511395869492 0.241787724963409 0.322814269373577 0.342800159368548 0.429741491805757 0.383149724624868 -9999 -9999 -9999 -9999 0.417622630181958 -9999 -9999 -9999 -9999 -9999 -9999 -9999 -9999 -9999 -9999 -9999 -9999 -9999
0.6471315520219 0.635817233095019 0.68578458159124 0.806773811160862 0.600034322146642 0.809162078666606 0.792927806247483 0.725250898886812 0.292117467474415 0.262069546750376 0.250290866766905 0.227948628623188 0.186759802903571 0.177471357467649 0.172707327848081 0.172478120629752 0.174116676772378 0.174742908321578 0.173612438382114 0.172017519935767 0.170055747509683 0.170921068160336 0.172718084234138 0.171637460961766 0.166994847329198 0.165711400591939 0.166151992658854 0.180241083152083 0.212684879557369 0.216382277951468 0.21646273222116 0.217827131694782 0.218712828263737 0.220652825566828 0.221363359198618 0.376418675561628 0.368204469526677 0.408919577008336 0.377956926218018 -9999 -9999 -9999 -9999 -9999 -9999 -9999 -9999 -9999 -9999 -9999 -9999 -9999 -9999 -9999 -9999 -9999 -9999 -9999
0.64348837280955 0.643632665793236 0.823909696102292 0.820030401098455 0.817114808325058 0.793473496076697 0.471610068653976 0.35622727737777 0.307967833106639 0.285599797126445 0.255295647043496 0.188789086955962 0.182698261488824 0.175039015014161 0.168487868693975 0.167416663818175 0.168385910397199 0.170379488494899 0.170266590166451 0.169148013466855 0.16790329846443 0.16837391221698 0.169356145164536 0.167867102788098 0.166820025448175 0.167810846014518 0.176883429146846 0.208747954810351 0.218089657474798 0.222059988233797 0.223464702292558 0.22410212747928 0.228225583701573 0.263863152262745 0.347043247591861 0.420971101906415 0.394308382029953 0.450640362861143 -9999 -9999 -9999 -9999 -9999 -9999 -9999 -9999 -9999 -9999 -9999 -9999 -9999 -9999 -9999 -9999 -9999 -9999 -9999 -9999
-9999 0.631000470948686 0.621080984197441 0.826146674600898 0.64639347154777 0.348326143392273 0.337455197451629 0.330636698095246 0.313269069876986 0.295413469022986 0.256606526937714 0.180537102394373 0.174989867949414 0.169524312078251 0.166372787158982 0.166312087910511 0.167862450432502 0.168887883824871 0.168729642519429 0.16813031942543 0.167890714367246 0.168333466456401 0.168455599535805 0.167491258918226 0.168131106478068 0.172975100645686 0.182135693753033 0.216742922960391 0.225172519067354 0.229002492105858 0.230083552629695 0.233438670576431 0.264257553084822 0.384604897502772 0.399731174707769 0.400429028047053 0.416261029117717 -9999 -9999 -9999 -9999 -9999 -9999 -9999 -9999 -9999 -9999 -9999 -9999 -9999 -9999 -9999 -9999 -9999 -9999 -9999 -9999 -9999
-9999 0.629170136313197 0.786884990991281 0.699771381476579 0.378206159553477 0.344717069794249 0.339494538287731 0.333433358469969 0.314427786261135 0.295492174286815 0.192948135447564 0.175227033144419 0.170761558825643 0.166591946338628 0.163917523983661 0.164214347768648 0.16801769219289 0.168679236170461 0.168144259002157 0.16760000335775 0.167848187289691 0.170045603275678 0.169706383588575 0.168816375720168 0.173181133536331 0.180542261961669 0.220749807941924 0.232432992205283 0.239668454559374 0.242469574899047 0.248502508272124 0.2606930791363 0.349597670654577 0.478272031985633 0.420084355933942 0.445333879073208 0.384652995164001 -9999 -9999 -9999 -9999 -9999 -9999 -9999 -9999 -9999 -9999 -9999 -9999 -9999 -9999 -9999 -9999 -9999 -9999 -9999 -9999 -9999
0.616802915856871 0.821850241698768 0.755851505463517 0.42336024391509 0.362455487255437 0.359725289103503 0.358870025236561 0.341022294908944 0.313315418532352 0.285051483788436 0.186833785851571 0.173246983607068 0.169923172865278 0.166751726769231 0.163327995322494 0.163831088113918 0.165717102351052 0.168222413329139 0.167181361314414 0.166663498168478 0.168677434694422 0.179158798324142 0.174855281948267 0.176295500826044 0.181665036275336 0.220442245260939 0.242613692982147 0.25497470446766 0.262743788510511 0.273166988950261 0.280822387612026 0.300620259476738 0.427387329914339 0.478444309063125 0.466040359483679 0.38181435864857 0.475477995119704 -9999 -9999 -9999 -9999 -9999 -9999 -9999 -9999 -9999 -9999 -9999 -9999 -9999 -9999 -9999 -9999 -9999 -9999 -9999 -9999 -9999
0.600189983668437 0.582157733222288 0.462595692436764 0.637614336619114 0.670657429883311 0.433981082017344 0.381764511981478 0.34189242532572 0.312258144488249 0.285555197476942 0.184439309375014 0.171605104353303 0.168914040207551 0.168600976903127 0.16845388551006 0.164518989609842 0.162118286672414 0.164091497596841 0.16491298816057 0.165388402934214 0.172408685096997 0.181122494656675 0.17811796493515 0.185431083149552 0.226952219983113 0.249049947107201 0.271953178881432 0.285275356538883 0.303573455876188 0.314531852109975 0.3233101125357 0.367709500867486 0.463810377008525 0.512260462918709 0.445016434509098 0.493969359604856 0.425875314345891 -9999 -9999 -9999 -9999 -9999 -9999 -9999 -9999 -9999 -9999 -9999 -9999 -9999 -9999 -9999 -9999 -9999 -9999 -9999 -9999 -9999
0.768466210249438 0.482203797165356 0.77387413637742 0.784886751792956 0.597728257916453 0.386597015180577 0.366026082724478 0.325861912089621 0.296421770902928 0.264588115192903 0.177020026504736 0.170662477643511 0.168851994224565 0.168562769870052 0.168210642519682 0.163653441588427 0.161506615597023 0.161389668320002 0.162262693341481 0.164729683601112 0.179477204841477 0.214215434587963 0.216192510815347 0.240338236354558 0.26334107401268 0.283435402371148 0.308518769953442 0.323207795692722 0.341004804850316 0.361956146081588 0.377811758731401 0.426577540199832 0.517422653722958 0.439480830953126 0.474773145756969 0.461295306577723 -9999 -9999 -9999 -9999 -9999 -9999 -9999 -9999 -9999 -9999 -9999 -9999 -9999 -9999 -9999 -9999 -9999 -9999 -9999 -9999 -9999 -9999
0.760516104099781 0.703287757763872 0.728333521720114 0.379217959445145 0.263174043952776 0.379523160968215 0.367227649752267 0.29569068645225 0.250467516359054 0.184182380413759 0.174271288890656 0.170538210776954 0.169356320065123 0.168582341245658 0.167939467905674 0.164113106564276 0.164425234150563 0.162304302190959 0.161256437798399 0.165409487199891 0.218210688680508 0.231921145639515 0.240865299271333 0.276443751434341 0.314663902052621 0.329566306507172 0.34405856908688 0.349458624688479 0.36728449244281 0.391601795457168 0.40884874227089 0.453624166863193 0.409059497477366 -9999 -9999 -9999 -9999 -9999 -9999 -9999 -9999 -9999 -9999 -9999 -9999 -9999 -9999 -9999 -9999 -9999 -9999 -9999 -9999 -9999 -9999 -9999 -9999 -9999
0.331870621731498 0.305876896597582 0.279718764912558 0.250624926886712 0.254526084463835 0.309846265403357 0.275656698796051 0.237389587370353 0.182138054910948 0.176249152170678 0.172566882677293 0.170214382341445 0.169006440187286 0.169146876613045 0.165854416801346 0.165092838433449 0.164765232145275 0.164338229853915 0.16412275233161 0.177691294954904 0.26077790592065 0.271968045431267 0.297404712197859 0.33309230232671 0.357040565104003 0.36251232994598 0.373106058457359 0.375843252632745 0.388620614963913 0.415689104200559 0.441941682202179 0.502015661076971 -9999 -9999 -9999 -9999 -9999 -9999 -9999 -9999 -9999 -9999 -9999 -9999 -9999 -9999 -9999 -9999 -9999 -9999 -9999 -9999 -9999 -9999 -9999 -9999 -9999 -9999
0.240168495335567 0.245658362388224 0.261093601478897 0.267049840944887 0.271241333495246 0.253131252288199 0.225470724566972 0.183731311801726 0.1753981733681 0.172444714617772 0.170518709361584 0.169877786163136 0.169881983777207 0.163462450148202 0.164296778414965 0.164585434342573 0.164720737436124 0.16507063480402 0.169206167911796 0.269583275937249 0.316329830137001 0.262604742544413 0.284591495246502 0.29986468894398 0.299974876313341 0.405364722592061 0.399696194590512 0.395176763440866 0.416517258476626 0.345641419392774 0.363875680016084 0.414630955653525 -9999 -9999 -9999 -9999 -9999 -9999 -9999 -9999 -9999 -9999 -9999 -9999 -9999 -9999 -9999 -9999 -9999 -9999 -9999 -9999 -9999 -9999 -9999 -9999 -9999 -9999
0.217820572922796 0.257881552211743 0.276209384648717 0.267189761413916 0.241946797046636 0.185535936051031 0.179834614189553 0.174275399054434 0.170149406773639 0.168983187154339 0.168467755126552 0.168892483710291 0.168749318835386 0.165397174198617 0.1648041999959 0.164816880288406 0.164974981673379 0.167579714889741 0.218731192825297 0.250600440804632 0.317673066639682 0.338740716760836 0.358987208629373 0.366045321788969 0.364499200606196 0.358327833419073 0.340441624962473 0.452496932584576 0.34847043637596 0.378917130436732 0.400484121731733 0.409738986255089 -9999 -9999 -9999 -9999 -9999 -9999 -9999 -9999 -9999 -9999 -9999 -9999 -9999 -9999 -9999 -9999 -9999 -9999 -9999 -9999 -9999 -9999 -9999 -9999 -9999 -9999
