raw_data/Abundance/Lutjanus guttatus Grid_Abundancia_promedio.asc
NCOLS 96 
NROWS 96 
XLLCORNER 0 
YLLCORNER 0 
CELLSIZE 0.0104166666666667 
NODATA_value -9999 
[rows 50 to 74 of 96, columns 0 to 56 of 96]
-0.275967481860079 -0.255598099034608 -0.235379105178302 -0.225270630311105 -0.0637356484006366 -0.0078391347449685 0.00456868525466231 -9999 -9999 -9999 -9999 -9999 -9999 -9999 -9999 -9999 -9999 -9999 -9999 -9999 -9999 -9999 -9999 -9999 -9999 -9999 -9999 -9999 -9999 0.472379125365479 0.416355584133915 0.6642958912388 0.537986678185368 0.594198570650158 0.483211511406579 -0.129331520523891 -0.160955546573786 -0.201428430367592 -0.236621347265345 -0.253274808474075 -0.252174194833722 -0.247392263640407 -0.261048020066689 -0.260210368109312 -0.253140480462782 -0.239787692105448 -0.210155954875217 -0.190369000785666 -0.177067607493523 -0.161462196790292 -0.0741402289275099 0.25046487044857 0.277680893606151 0.159913189966444 0.217674234822339 0.357211836813952 -9999
-0.274377447030755 -0.250868730976147 -0.222576477632437 0.0162669029337683 0.0501569841306889 -0.0115959387999285 -9999 -9999 -9999 -9999 -9999 -9999 -9999 -9999 -9999 -9999 -9999 -9999 -9999 -9999 -9999 -9999 -9999 -9999 -9999 -9999 -9999 -9999 -9999 0.464910779955017 0.503335891620148 0.513019189129862 0.442280890313421 0.545402460460977 0.0196616053930695 -0.171868237404245 -0.200777961573778 -0.241747128965828 -0.256636804982801 -0.256551097871247 -0.262506209032755 -0.266984296104874 -0.264984268823691 -0.255849234012243 -0.247139814584401 -0.228142767604736 -0.200910391471867 -0.183424826636661 -0.177540675707206 -0.145272751255354 0.124098713999047 0.262817207139189 0.295050089501139 0.150438684909066 -9999 -9999 -9999
-0.274481405230799 -0.25014730195028 -0.218958527858716 -0.202413551119975 0.0130167490953148 0.0240593876758288 -9999 -9999 -9999 -9999 -9999 -9999 -9999 -9999 -9999 -9999 -9999 -9999 -9999 -9999 -9999 -9999 -9999 -9999 -9999 -9999 -9999 -9999 -9999 0.0708230566506672 0.424816788758281 0.427062402686197 0.550633952465999 0.0811619332589734 -0.15059622874637 -0.198352464917695 -0.230693977758343 -0.253858551288367 -0.261636873185758 -0.265377470274138 -0.272500213072938 -0.272398591012221 -0.270498725704676 -0.260022016876086 -0.243374542024381 -0.217898358630458 -0.195368338945085 -0.181566135784752 -0.170348286754725 -0.125403886280656 0.167201944666157 0.281255186776202 0.322156606127774 0.203035401765585 -9999 -9999 -9999
-0.273387069964886 -0.247040674671719 -0.215118644848945 -0.176657323024248 -0.039299631041985 -9999 -9999 -9999 -9999 -9999 -9999 -9999 -9999 -9999 -9999 -9999 -9999 -9999 -9999 -9999 -9999 -9999 -9999 -9999 -9999 -9999 -9999 -9999 0.383608751120062 0.391300489853653 0.392446658210879 0.539008739140856 0.0731927779803213 -0.135338318768005 -0.182772167712228 -0.226122445113151 -0.252408976836068 -0.263365762296321 -0.271079256327393 -0.275601730046722 -0.277561312915809 -0.268902704518326 -0.270988876937186 -0.264420675211093 -0.227662544964364 -0.206023762432176 -0.187510150284457 -0.180399526208415 -0.169956983417481 -0.102527241922664 0.193557976534048 0.30933558148471 0.497386036772125 -9999 -9999 -9999 -9999
-0.269691589567256 -0.237894543198468 -0.200984563895494 -0.0208178487925936 -9999 -9999 -9999 -9999 -9999 -9999 -9999 -9999 -9999 -9999 -9999 -9999 -9999 -9999 -9999 -9999 -9999 -9999 -9999 -9999 -9999 -9999 0.368361061751252 0.384338794659697 0.548398559147637 0.557090457530528 0.505682251556534 -0.0830453000239736 -0.119674504581604 -0.163255183723635 -0.207479615258916 -0.254381262462745 -0.262782457508153 -0.272123510606487 -0.275938718144617 -0.276731253411245 -0.279577839180988 -0.270674812206436 -0.271714832232999 -0.258357371597011 -0.221697213193301 -0.214117025112566 -0.194293714854742 -0.183030603125259 -0.156312469661709 -0.079957215851319 0.207859529475491 0.469210736403465 -9999 -9999 -9999 -9999 -9999
-0.257380281323564 -0.216225098837615 -0.0575959822323091 -9999 -9999 -9999 -9999 -9999 -9999 -9999 -9999 -9999 -9999 -9999 -9999 -9999 -9999 -9999 -9999 -9999 0.450898324255269 0.46404494831701 0.636028605384145 0.37058477437298 0.368501230110862 0.343138057456875 0.545525107775635 0.567950585226133 0.182566441001308 -0.0617192681441657 -0.120349064812226 -0.126713584390761 -0.155481680113605 -0.185029462336778 -0.228129918838438 -0.257772314704348 -0.267297192765962 -0.27355089173518 -0.27247334747068 -0.274578793038986 -0.275126033676296 -0.273663172431576 -0.273330126568795 -0.242761597468504 -0.224276311010122 -0.214435032078431 -0.196930632119903 0.363691703271749 -0.128699302818567 -0.0430987776222438 0.42383853041517 0.459991746584958 -9999 -9999 -9999 -9999 -9999
-0.231641136246665 -0.200928204534234 -0.0145350940904977 -9999 -9999 -9999 -9999 -9999 -9999 -9999 -9999 -9999 -9999 -9999 -9999 -9999 -9999 -9999 -9999 0.469308562237776 0.620903563329994 0.637135351390232 0.174484859017552 0.0197871728818867 0.375430803389075 0.361154071927979 -0.0716098980191362 -0.0790694829071232 -0.0924175989858035 -0.121438289773361 -0.136342858678542 -0.155045114076903 -0.190589473934636 -0.215792475036028 -0.246657693830826 -0.253889359125739 -0.257604696707648 -0.263329114110632 -0.266777401765742 -0.268506436885013 -0.267681049659102 -0.266729802926958 -0.26223682296663 -0.232352636680393 -0.218594528149854 -0.205722692476431 -0.171231639437683 -0.136617355049445 0.0560659565404919 0.412490733635089 -9999 -9999 -9999 -9999 -9999 -9999 -9999
-0.21548877692354 -0.165770913761216 -9999 -9999 -9999 -9999 -9999 -9999 -9999 -9999 -9999 -9999 -9999 -9999 -9999 -9999 -9999 0.458797395354116 0.637316402188061 0.647839249768355 0.618383453031175 0.593522550332456 0.547820364664247 0.500605528781914 0.0846544615525857 -0.00695870223616907 -0.101435096787371 -0.112340487182434 -0.129899494397727 -0.133961456652254 -0.159873622048047 -0.181846472503971 -0.214481900873676 -0.229445895322983 -0.249472887728365 -0.261127302795093 -0.262559502211149 -0.263583169262424 -0.263343860990132 -0.262504894954384 -0.26006611150588 -0.25581068771335 -0.250049914142093 -0.224064014348797 -0.209177842540814 -0.189224292515519 -0.136316577111115 0.0831797736025236 0.437693296710357 -9999 -9999 -9999 -9999 -9999 -9999 -9999 -9999
-0.204006798140874 -0.0218734917509054 -9999 -9999 -9999 -9999 -9999 -9999 -9999 -9999 -9999 -9999 -9999 -9999 -9999 -9999 0.44430165083113 0.440432420071066 0.65118576935404 0.526484112174884 0.0207128680901434 0.0113639305215819 -0.0212938371804354 0.10045260375028 0.508929485220829 -0.0449589285612329 -0.115209558293198 -0.129030742585561 -0.140486585809509 -0.154509262118811 -0.184693642308546 -0.2016440852292 -0.228438143220872 -0.244145906028359 -0.258824599462378 -0.264007762585076 -0.264941196254853 -0.263298890308091 -0.262671344881421 -0.260592764915373 -0.25870399626963 -0.258112807011234 -0.247756993392808 -0.218867126407553 -0.196460484080378 -0.161979067616353 -0.0813501389249419 0.460118774160855 -9999 -9999 -9999 -9999 -9999 -9999 -9999 -9999 -9999
-0.0918189632833031 -9999 -9999 -9999 -9999 -9999 -9999 -9999 -9999 -9999 -9999 -9999 -9999 -9999 -9999 0.384616211204758 0.606368396455868 0.582488672274418 0.59946948500632 0.504752176087039 0.575823374757554 0.0642249231394491 -0.077333439369872 0.125954484676798 0.158775782131694 -0.0436433901028113 -0.127805729526054 -0.138262873187781 -0.160175860073456 -0.19212110528079 -0.206422950239649 -0.223374561229966 -0.227206559769508 -0.245234108928539 -0.258141132700572 -0.263729762005183 -0.263670774487181 -0.259676268255715 -0.258955861290804 -0.256271345186859 -0.257216021527147 -0.259144066515322 -0.255652706291373 -0.225042564709323 -0.193896571169181 -0.155159000869086 -0.0350055149418538 0.486455824896715 -9999 -9999 -9999 -9999 -9999 -9999 -9999 -9999 -9999
-9999 -9999 -9999 -9999 -9999 -9999 -9999 -9999 -9999 -9999 -9999 -9999 -9999 0.410858356280466 0.539515389357363 0.50213277986683 0.570591882752531 0.0100089697120199 0.00579223822709002 0.00238293489699615 -0.071484330530319 -0.0906435931844913 -0.107348449458412 -0.116136713588534 -0.132720382634875 -0.14144294284643 -0.151443079252346 -0.169466394158847 -0.19839933371294 -0.226578430308006 -0.220839996069062 -0.232972151628127 -0.243340960021558 -0.250965534749503 -0.258654937343767 -0.26035915098269 -0.257641636910754 -0.255614744027312 -0.250273453473929 -0.244903107187668 -0.249271395711426 -0.248534197745103 -0.245075689480438 -0.216217506384803 -0.181723825189313 -0.121689424750995 0.418747206769758 -9999 -9999 -9999 -9999 -9999 -9999 -9999 -9999 -9999 -9999
-9999 -9999 -9999 -9999 -9999 -9999 -9999 -9999 -9999 -9999 -9999 0.423923215465768 0.600424381956163 0.585113908842944 0.0974754861956497 -0.0458890040307275 -0.0993792941797597 -0.0698139909116349 -0.0556190243269784 -0.0390689372834604 -0.0668616948373523 -0.100985389966956 -0.12080023171972 -0.143833105395194 -0.164716730889983 -0.176267479774083 -0.182144330268142 -0.207727538044976 -0.232451922601783 -0.241132870331579 -0.225949862820381 -0.233228396910539 -0.242355693260467 -0.249241463926301 -0.25436052922622 -0.253469730099157 -0.249529101080917 -0.235268430577694 -0.239495528680886 -0.233296436968433 -0.223883693594507 -0.218991233809291 -0.209771805964661 -0.179460690216445 -0.134898832557145 -0.0447092536706779 0.515580181866901 -9999 -9999 -9999 -9999 -9999 -9999 -9999 -9999 -9999 -9999
-9999 -9999 -9999 -9999 0.559286428497749 0.524505694182474 0.507066414107681 0.46210741276282 0.463516396794315 0.426291476708343 0.4143070819617 0.582241917558022 0.416846173392549 -0.0735868559244668 -0.0852748529940179 -0.109681668611084 -0.116214098203735 -0.0866006120619945 -0.0159367776865963 0.505947987404961 0.488628434470668 -0.0315129866482415 -0.128705143166884 -0.18386723302168 -0.19046098627166 -0.191877270738552 -0.193763703244968 -0.231188071225968 -0.26841926968638 -0.260859668833463 -0.23129217543472 -0.234415009679861 -0.237662535361572 -0.247752905148986 -0.250184826188217 -0.246801074382011 -0.24093488252363 -0.226502359771176 -0.211464776933074 -0.204808823973516 -0.168307085017907 -0.157033752678868 -0.156563604639343 -0.126932597452651 -0.0517935961792927 0.216685755869674 0.332945189556495 -9999 -9999 -9999 -9999 -9999 -9999 -9999 -9999 -9999 -9999
-9999 -9999 0.515272103493175 0.523761049772047 0.714360817099866 0.689056047929049 0.647720982714934 0.485284835059141 0.22970243218136 0.420930036953266 0.603116782530335 0.564623046772478 0.492867067261787 0.216903308844485 0.572755731804009 0.0466965777528205 -0.100354632348712 -0.102733114200841 -0.0988726439632533 -0.114556899368765 -0.144057958805402 -0.164741552370331 -0.199602153448842 -0.205290798718383 -0.210759554873787 -0.21248771394081 -0.233665838999488 -0.273273913216243 -0.274147337307062 -0.245982987591496 -0.232185748727232 -0.231608284287381 -0.240820703714031 -0.243459665101103 -0.246038762917924 -0.241719095293906 -0.235368884568747 -0.21578108635681 -0.186746524741999 -0.146411619177184 -0.115479674402863 -0.0891178021866548 -0.0575770011002785 -0.0290527399196727 0.217317973574998 0.282908005349935 -9999 -9999 -9999 -9999 -9999 -9999 -9999 -9999 -9999 -9999 -9999
-9999 0.109283210405701 0.492871447523024 0.659528706924985 0.578892477798178 0.101632354110329 0.0234549116250112 0.00768597116890241 0.106621471660193 0.476331581089061 0.256293538069014 0.427027360596295 0.582149932072028 -0.0571345947152599 -0.109297665709236 -0.117095990799614 -0.146855485649282 -0.169143714914328 -0.18388767424079 -0.183002861470753 -0.192042260578509 -0.205397093057754 -0.207750315403412 -0.213088393765221 -0.223988673855506 -0.245940791074905 -0.270750298708434 -0.272912979690248 -0.256291348379845 -0.230534390240579 -0.234168838998296 -0.231733121732659 -0.232087922892921 -0.239707825342212 -0.235785009386339 -0.228383827981523 -0.220595139465869 -0.183670121265979 -0.126983700500426 -0.066838333444084 0.205878191308922 0.357712646682141 0.242869497462211 0.23096102724369 0.246407288455281 0.105339515204594 -9999 -9999 -9999 -9999 -9999 -9999 -9999 -9999 -9999 -9999 -9999
0.445014173325813 0.460112933812538 0.477181351769196 0.477842771216105 0.114338031874131 0.0496839159170057 0.0221714950823335 -0.0212850766579599 -0.0261938894184633 0.20726235386007 0.63563876213398 0.624035450115027 0.133180455632102 -0.134452045910889 -0.188008039978488 -0.197707398446074 -0.198244418473829 -0.202391211787662 -0.204734359532474 -0.21048111626777 -0.217217812042811 -0.219434662255265 -0.21685235224687 -0.215803279680415 -0.225175578642244 -0.267588772155692 -0.274067616552534 -0.269945352701633 -0.239365726939539 -0.230320779500882 -0.232135083705582 -0.229950793434995 -0.224879326973861 -0.223084587936023 -0.220984982716033 -0.215040384181496 -0.197280614992804 -0.126890254927353 -0.0363590156643365 0.215399419152838 0.0385974747241136 -0.0242125512518949 0.0388194079601625 0.223426977914661 0.0586254891904511 0.0886463396273079 -9999 -9999 -9999 -9999 -9999 -9999 -9999 -9999 -9999 -9999 -9999
0.286853160638121 0.424362701676628 0.64762899722894 0.404365349038955 0.0777219681002148 0.0759596429955366 0.0287886097255822 -0.0134210476490152 -0.0823021157006256 -0.113552359458227 -0.0967788790915811 -0.119557697615262 -0.149483642391966 -0.191729801943545 -0.222697664860016 -0.220379046578137 -0.216239407690992 -0.217560202462899 -0.223232202739737 -0.230940148439908 -0.236169742331727 -0.237673340005958 -0.234022830290369 -0.227044636112417 -0.249583416320266 -0.271678330056017 -0.273869628744585 -0.270583118737857 -0.237516526653645 -0.233782207939705 -0.231742612298674 -0.228326592568016 -0.22596402566505 -0.219399912182779 -0.211303291302106 -0.190652257679045 -0.152671012486011 -0.0605088559554514 0.275560847167052 0.300820353638411 -9999 -9999 -9999 -9999 0.065395912977023 -9999 -9999 -9999 -9999 -9999 -9999 -9999 -9999 -9999 -9999 -9999 -9999
0.0481260030034252 0.439331514413297 0.496074878574941 0.600516367442157 0.418352983258355 0.645320599556615 0.57501156634148 0.22776489662717 -0.123666382656326 -0.155883204060404 -0.171935401409891 -0.188920594403031 -0.205497255031392 -0.224455901720873 -0.241876784698467 -0.238318406477579 -0.233312643935012 -0.234462170492521 -0.24071090516567 -0.244207083676981 -0.255287684521556 -0.252944974802868 -0.249366885406411 -0.25437600614926 -0.269965355894619 -0.271402373598035 -0.267032040952366 -0.240577015180501 -0.232830669190146 -0.22932076586029 -0.226819198667378 -0.222549174004055 -0.214165500003598 -0.210362703205641 -0.195775703240201 -0.108896141762437 -0.0812158109136492 0.247318382792745 0.339479079236226 -9999 -9999 -9999 -9999 -9999 -9999 -9999 -9999 -9999 -9999 -9999 -9999 -9999 -9999 -9999 -9999 -9999 -9999
-0.045686051926709 0.0767291088863116 0.660204727242687 0.663962991384726 0.666697734484198 0.613471720096514 0.0164377331220428 -0.0935053638598592 -0.124392045934723 -0.145428980572835 -0.171878458013799 -0.202275572890984 -0.221174502018923 -0.241202078459136 -0.259398851710654 -0.257895400045131 -0.253152161159416 -0.248396073507404 -0.2517777811917 -0.254484344610542 -0.26158109785933 -0.261419320210947 -0.259950910635326 -0.269707650525128 -0.271414638329501 -0.266723816569933 -0.248440314145906 -0.236509358586365 -0.230544610850134 -0.225821229148697 -0.222018286342032 -0.214069864299906 -0.204247128474121 -0.182299099498545 -0.13438926216648 -0.06916425216136 -0.0152519968464189 0.33535433323729 -9999 -9999 -9999 -9999 -9999 -9999 -9999 -9999 -9999 -9999 -9999 -9999 -9999 -9999 -9999 -9999 -9999 -9999 -9999
-9999 -0.117347125777248 0.466258440329182 0.649805987064131 0.109598589214823 -0.104381552513336 -0.109975146114017 -0.118518115614822 -0.12871390368936 -0.145869926870775 -0.174785491388625 -0.225338816377707 -0.240067006763712 -0.259934119633914 -0.271076774179358 -0.266210011926738 -0.260024791041537 -0.25791584126424 -0.257856269711406 -0.260987134435483 -0.262336692922852 -0.264367966067532 -0.266483924262809 -0.269151941382758 -0.261703161139157 -0.254734749544636 -0.239841277301257 -0.231916946695939 -0.227577859913766 -0.222577353684685 -0.21085723469939 -0.20142434212377 -0.17709242897387 -0.0976666120357768 -0.062312063498349 -0.0330621390393463 0.318983836904522 -9999 -9999 -9999 -9999 -9999 -9999 -9999 -9999 -9999 -9999 -9999 -9999 -9999 -9999 -9999 -9999 -9999 -9999 -9999 -9999
-9999 0.474722565127707 0.576766591010762 0.187602281337708 -0.0913867775078394 -0.101278867469889 -0.11594398209407 -0.120239558281281 -0.137602913827952 -0.150213685931601 -0.200958866362899 -0.239553932164057 -0.254616628499923 -0.273375097250836 -0.283125558766197 -0.280630999991265 -0.264125737621081 -0.260810755916308 -0.259727955338322 -0.26205723225588 -0.261438009325562 -0.259086831101814 -0.262507085085003 -0.263658363747007 -0.248613918499631 -0.238452442471456 -0.224105480821848 -0.22130780796926 -0.218449395494174 -0.210286778677519 -0.193966655348986 -0.172385108230306 -0.126131009646133 0.276139041650442 0.232955506193972 0.21861161072723 0.338674571255548 -9999 -9999 -9999 -9999 -9999 -9999 -9999 -9999 -9999 -9999 -9999 -9999 -9999 -9999 -9999 -9999 -9999 -9999 -9999 -9999
0.465846695772828 0.658686236680247 0.533229714481108 -0.0558570185208992 -0.107555781823668 -0.102514101138951 -0.104425355125715 -0.127071305725182 -0.143307474046657 -0.160370051654999 -0.213292075912779 -0.249552608482894 -0.259276350404704 -0.270360601466977 -0.287148682704416 -0.282701111452253 -0.274737942530626 -0.265743806122327 -0.268427884200148 -0.26748116373795 -0.262233756783764 -0.238363815185745 -0.250791930395777 -0.248688236931966 -0.237712616348391 -0.22296223263878 -0.205630560981729 -0.204451686673927 -0.199401099458027 -0.186699801955463 -0.172729688781013 -0.147530045879904 -0.00682729439903484 0.319981076379663 0.289624405914574 0.318494707732967 0.312950757092981 -9999 -9999 -9999 -9999 -9999 -9999 -9999 -9999 -9999 -9999 -9999 -9999 -9999 -9999 -9999 -9999 -9999 -9999 -9999 -9999
0.445119299595521 0.415444489796451 0.0231351525546513 0.104391918690149 0.128493576107648 -0.0533573494411901 -0.102679090978908 -0.130019221538227 -0.146894908000422 -0.163690289673257 -0.217520342085635 -0.254670943739272 -0.263503448507896 -0.263057829931303 -0.265786732682458 -0.280455351515629 -0.29844698253251 -0.286243574723977 -0.279420733811259 -0.280584423213437 -0.256915827623649 -0.238440615766114 -0.243543474099453 -0.232771243646019 -0.210174059955 -0.202605260553483 -0.186111386862517 -0.184994420246876 -0.170745430440286 -0.159571384022638 -0.134333778857468 -0.0912860314993698 0.0173882498106471 0.331842823811647 0.331964011039226 0.330268849940195 0.198364583199003 -9999 -9999 -9999 -9999 -9999 -9999 -9999 -9999 -9999 -9999 -9999 -9999 -9999 -9999 -9999 -9999 -9999 -9999 -9999 -9999
0.549790022134181 0.0180584297800318 0.533520271809883 0.54625515131527 0.0103214283469835 -0.109665607653212 -0.120005944348598 -0.145002635145689 -0.162503238877811 -0.183253996448387 -0.241267636368996 -0.260040413973285 -0.267463788701706 -0.264430019768401 -0.26615000234778 -0.284670476904772 -0.328841294042502 -0.329562504055307 -0.296848333189418 -0.285780143085016 -0.247359995715955 -0.231520095027793 -0.225783996928176 -0.210842779837305 -0.196846385095429 -0.184522812120272 -0.171199517521939 -0.162850739602677 -0.148483482742667 -0.131585894974283 -0.0953363130572629 -0.019198612221684 0.276717236133833 0.33749190072134 0.349128794743117 0.134649303233847 -9999 -9999 -9999 -9999 -9999 -9999 -9999 -9999 -9999 -9999 -9999 -9999 -9999 -9999 -9999 -9999 -9999 -9999 -9999 -9999 -9999
0.524764129595505 0.154116644261745 0.182081692090991 -0.112880719401763 -0.178083828100694 -0.128445247666774 -0.125577636643089 -0.161589224366188 -0.191648037067106 -0.227280440175719 -0.250771489176668 -0.262845679278685 -0.264732695819933 -0.266306961708801 -0.267361144580034 -0.281545014502888 -0.281746360511119 -0.29458096396402 -0.329247826087983 -0.280729409860408 -0.231118425072286 -0.216430679098377 -0.204319256775837 -0.175248338992753 -0.158553703328388 -0.153688693180262 -0.14594001105058 -0.138481886249672 -0.124526373946016 -0.085964014095433 -0.0532639038681169 0.010312667824508 0.333567186652264 -9999 -9999 -9999 -9999 -9999 -9999 -9999 -9999 -9999 -9999 -9999 -9999 -9999 -9999 -9999 -9999 -9999 -9999 -9999 -9999 -9999 -9999 -9999 -9999
