raw_data/Abundance/Lutjanus guttatus Grid_Abundancia_promedio.asc
NCOLS 96 
NROWS 96 
XLLCORNER 0 
YLLCORNER 0 
CELLSIZE 0.0104166666666667 
NODATA_value -9999 
[rows 25 to 49 of 96, columns 0 to 56 of 96]
-0.342574480346685 -0.342505508753235 -0.341967714879327 -0.342504994802583 -0.342565064245111 -0.342568580134798 -0.342570995118827 -0.342569667899672 -0.342556734448324 -0.342503052886767 -0.342477578747495 -0.342525855066684 -0.342544650767656 -0.342550698448338 -0.342545481557204 -0.342544893142111 -0.342578574430855 -0.342575727261051 -0.34257115864858 -0.342565445327839 -0.342554852396079 -0.342498298843237 -0.341690058879985 -0.341241755203253 -0.340887362867373 -0.340322148558117 -0.330130653139593 -0.325429975792239 -0.320237322103525 -0.314578754627817 -0.303443984552601 -0.293608837986643 -0.282062469363781 -0.279368900719945 -0.232252912732879 -9999 -9999 -9999 -9999 -9999 -9999 -9999 -0.321914962157606 -0.320489771159531 -9999 -9999 -9999 -9999 -9999 -9999 -9999 -9999 -9999 -9999 -9999 -9999 -9999
-0.342571666758883 -0.342509998521003 -0.342499310683583 -0.342538181121808 -0.342555064108705 -0.342561443229154 -0.342564573655852 -0.342563237676175 -0.342554217258199 -0.342536329731391 -0.342523537908489 -0.342531201905569 -0.342534005272761 -0.342542611026006 -0.34253982956012 -0.342539568204533 -0.342576109803866 -0.342573432004162 -0.342561362924365 -0.34252205299993 -0.339391211637246 -0.341590098398364 -0.341344980439584 -0.340918506524774 -0.340434341649288 -0.330887956504997 -0.326569573757609 -0.319537794383847 -0.299194985143219 -0.295133752932232 -0.292009312591303 -0.284659672260385 -0.278974385191126 -0.230128340023834 -0.206060410617866 -9999 -9999 -9999 -9999 -9999 -9999 -9999 -9999 -9999 -9999 -9999 -9999 -9999 -9999 -9999 -9999 -9999 -9999 -9999 -9999 -9999 -9999
-0.342590267976256 -0.342526021516611 -0.342535112018767 -0.342549815095655 -0.342549883719748 -0.342555557618138 -0.342560215295921 -0.342560729246573 -0.342554433351087 -0.342551549679105 -0.3425485331392 -0.342541466317736 -0.342533834442573 -0.342532697034738 -0.342531651612389 -0.342531556706729 -0.342532972991196 -0.342503337603748 -0.341887499155279 -0.338398104208539 -0.337679974979471 -0.33707230133795 -0.3361726978858 -0.334139409820951 -0.331002179117208 -0.327247200171097 -0.320426403380291 -0.301211073382274 -0.291140706787846 -0.286721315216313 -0.283657614497883 -0.269589821497831 -0.198933287557829 -0.129700922554946 -9999 -9999 -9999 -9999 -9999 -9999 -9999 -9999 -9999 -9999 -9999 -9999 -9999 -9999 -9999 -9999 -9999 -9999 -9999 -9999 -9999 -9999 -9999
-0.342586986430545 -0.342543865240807 -0.342537905165349 -0.342542384712509 -0.342542335069548 -0.342549079211767 -0.342556537336568 -0.342556712547018 -0.342553706227721 -0.342551015287234 -0.342547257023092 -0.342544824518018 -0.342537230605119 -0.342534322111657 -0.342535728175514 -0.342529217647228 -0.342430308428304 -0.341690496906109 -0.341495671646774 -0.33665952011977 -0.333753231389355 -0.333992700271226 -0.334697031677395 -0.331028154066349 -0.32706950757355 -0.321322166803422 -0.302702990359872 -0.29247084611706 -0.287269577914579 -0.284589004045749 -0.269872786373793 -0.198784066658327 -0.202696954022061 -9999 -9999 -9999 -9999 -9999 -9999 -9999 -9999 -9999 -9999 -9999 -9999 -9999 -9999 -9999 -9999 -9999 -9999 -9999 -9999 -9999 -9999 -9999 -9999
-0.342557928799555 -0.342548149136298 -0.342538230764768 -0.342540407754603 -0.34254116407971 -0.342543679809748 -0.342553227319159 -0.342554471313351 -0.342553291562991 -0.342550456073883 -0.342547960785064 -0.342545796936013 -0.342537341571737 -0.34253518064286 -0.342486581644426 -0.341782349524179 -0.341380432813955 -0.340898182112631 -0.340638374217745 -0.339954104408046 -0.330438614706352 -0.331881341350249 -0.331940007649094 -0.328640254652558 -0.321176012086788 -0.304063645509043 -0.293664613313071 -0.287989108827243 -0.284713403464902 -0.231828757436351 -0.223213951651246 -0.178540835356506 -0.161238803467164 -9999 -9999 -9999 -9999 -9999 -9999 -9999 -9999 -9999 -9999 -9999 -9999 -9999 -9999 -9999 -9999 -9999 -9999 -9999 -9999 -9999 -9999 -9999 -9999
-0.342533606668988 -0.342539019211791 -0.342539011911356 -0.342541697011494 -0.342545407092763 -0.342546535740075 -0.342551923461398 -0.342553814274165 -0.342553250680553 -0.342551466454142 -0.342550111493332 -0.34254418353979 -0.342523110102975 -0.342470142524001 -0.341551233800488 -0.341262999470257 -0.340852028760055 -0.339544871201468 -0.339625555613469 -0.339317375033647 -0.339145917007929 -0.327372183625083 -0.324404994662592 -0.322149744159952 -0.313476388882969 -0.299843555823831 -0.291062154102981 -0.284936358761907 -0.27268038781852 -0.226416798668331 -0.212061806539787 -0.167343427545589 -0.159898443528395 -9999 -9999 -9999 -9999 -9999 -9999 -9999 -9999 -9999 -9999 -9999 -9999 -9999 -9999 -9999 -9999 -9999 -9999 -9999 -9999 -9999 -9999 -9999 -9999
-0.342529655673352 -0.342535917986835 -0.34254158896505 -0.342543751354015 -0.342546759133398 -0.342552492895358 -0.342552773232078 -0.342552193577507 -0.342553294483165 -0.342550616683462 -0.342541815278548 -0.342490798375911 -0.341887372127704 -0.341580178566748 -0.341167115551761 -0.340874572504559 -0.340110830155135 -0.338646450419852 -0.339163759272037 -0.32793650728122 -0.326200901770093 -0.323495798438331 -0.321248870432043 -0.319438800479873 -0.305565491078779 -0.298303747990033 -0.289818159911444 -0.283767559054952 -0.228458876457397 -0.201934496549267 -0.18608510529509 -0.160780336124273 -0.153931067635421 -9999 -9999 -9999 -9999 -9999 -9999 -9999 -9999 -9999 -9999 -9999 -9999 -9999 -9999 -9999 -9999 -9999 -9999 -9999 -9999 -9999 -9999 -9999 -0.274292761980157
-0.342529249769144 -0.342535554425152 -0.34254498366751 -0.342546744532527 -0.342547798715399 -0.342552138094198 -0.342552489975184 -0.342551184657335 -0.342549750851824 -0.3425428037575 -0.342476213566076 -0.341674865213838 -0.341424019333446 -0.341181103185981 -0.340810343273942 -0.340494292824763 -0.339677563915232 -0.338291766066556 -0.337772150276786 -0.326482990593808 -0.32409589422791 -0.321584982477691 -0.318583627477545 -0.31461730092671 -0.307206920973294 -0.297474856555132 -0.289634188939456 -0.272671043261213 -0.207276225128774 -0.193141706149199 -0.16786029837165 -0.159263305648912 -0.152086977654304 -9999 -9999 -9999 -9999 -9999 -9999 -9999 -9999 -9999 -9999 -9999 -9999 -9999 -9999 -9999 -9999 -9999 -9999 -9999 -9999 -9999 -9999 0.042990876745635 0.0405028883625601
-0.342528125502093 -0.342535539824281 -0.342543916343855 -0.342548284924396 -0.342547817696531 -0.342548502477371 -0.342550082291591 -0.342549375609444 -0.342537629208892 -0.342469805243885 -0.341601871080484 -0.341241667598029 -0.341025881328583 -0.340756758078133 -0.340286843652541 -0.33991144066359 -0.339276331985849 -0.337608313905621 -0.336873306069917 -0.337750059159276 -0.315756314857248 -0.313090487867918 -0.314499033873289 -0.313113119217646 -0.306539807186776 -0.297932885871899 -0.28898313611081 -0.27201342004071 -0.201831852427594 -0.177311442035761 -0.164634966013544 -0.175884936959315 -0.15237461480892 -0.130324379737794 -0.13383004881512 -9999 -9999 -9999 -9999 -9999 -9999 -9999 -9999 -9999 -9999 -9999 -9999 -9999 -9999 -9999 -9999 -9999 -9999 -9999 -0.121635401529062 0.04216154728461 0.19447199104567
-0.342527640753182 -0.342535094497722 -0.342541978808301 -0.342545659687828 -0.342542638767661 -0.342540978648651 -0.34253889948465 -0.342528680335183 -0.34182624558213 -0.341368416297293 -0.340913746640896 -0.340477209805936 -0.340268271344892 -0.340024699618328 -0.339374771056733 -0.338765447516813 -0.337249395299795 -0.335082567670676 -0.3340215077893 -0.334952196495368 -0.312350223718728 -0.31231561965495 -0.313141590915692 -0.311090022560611 -0.305142795869331 -0.29690308645489 -0.285564634232116 -0.266565689139248 -0.213987953414759 -0.170408150324975 -0.162798176467823 -0.182018762779325 -0.143971813667725 -0.150631270836272 -0.140298234576283 -9999 -9999 -9999 -9999 -9999 -9999 -9999 -9999 -9999 -9999 -9999 -9999 -9999 -9999 -9999 -9999 -9999 0.0492254485741151 -0.116492974835876 -0.0140299039610705 0.0422053498969881 -0.192773764205223
-0.342524294233597 -0.342535033174065 -0.342542878221942 -0.3425377299549 -0.342516418523891 -0.34250147161246 -0.342464421902824 -0.341753720136728 -0.340971069659628 -0.340525830705675 -0.340061333203147 -0.339786734626149 -0.339643149662774 -0.339435773494905 -0.338314382815414 -0.336712127057236 -0.333018354961488 -0.333239572754868 -0.333563347064696 -0.333608930983311 -0.314401938082517 -0.313919963337651 -0.313389075675628 -0.306990682076854 -0.303086701244304 -0.292878502429592 -0.282933703323981 -0.262817353589348 -0.1865844550762 -0.167596022610303 -0.177156672805358 -0.170005166291097 -9999 -9999 -9999 -9999 -9999 -9999 -9999 -9999 -9999 -9999 -9999 -9999 -9999 -9999 -9999 -9999 -9999 -9999 -9999 -0.0933637354131701 0.0494824239000665 -0.109099093866456 -0.248102449995763 -0.196086701788085 -0.197196513977038
-0.342518855409226 -0.34253569021325 -0.342529576828649 -0.34250503130476 -0.342464940233737 -0.341715670267443 -0.341387282082444 -0.34072171598823 -0.3401952815918 -0.339911922492326 -0.339730419067502 -0.339560829953245 -0.339373325570525 -0.339140470883123 -0.336155264446074 -0.332481933569435 -0.333300998618293 -0.333750223609972 -0.333730614640497 -0.333634409502844 -0.333493408893599 -0.31362911399146 -0.3109682512982 -0.303748412708629 -0.299309893996358 -0.287754618842312 -0.279541190995299 -0.209867003642229 -0.162472577049146 -0.157943386929253 -0.177061767145206 -9999 -9999 -9999 -9999 -9999 -9999 -9999 -9999 -9999 -9999 -9999 -9999 -9999 -9999 -9999 -9999 -9999 -9999 -9999 -9999 0.0579304877407189 0.0397918259549559 -0.114057549587654 -0.173202756994697 -0.203176154601477 -0.102902484302037
-0.342500732808398 -0.342517447885282 -0.342490697629903 -0.342437557760653 -0.341456517951656 -0.341015178890292 -0.340520296975645 -0.340020363159703 -0.339747794103745 -0.339561063567177 -0.3394047320436 -0.339150691492678 -0.338850439185697 -0.337375006591224 -0.332384428954282 -0.332992672029764 -0.33351221481518 -0.333517076905154 -0.333390793973668 -0.306893148259959 -0.304655710819687 -0.302064932306231 -0.303474646381266 -0.299068249584739 -0.293104377900755 -0.282696731191016 -0.262908463023094 -0.206287016132569 -0.162018489967494 -0.162252103900177 -9999 -9999 -9999 -9999 -9999 -9999 -9999 -9999 -9999 -9999 -9999 -9999 -9999 -9999 -9999 -9999 -9999 -9999 -9999 0.132800832991492 0.252062205713291 0.192566577407224 0.215930890849692 0.172723993999954 -0.209994177226834 -0.0873846788235621 -0.0855420489295242
-0.342480992431087 -0.342469035777995 -0.341668586839397 -0.341216393490687 -0.340858964173681 -0.339981904466035 -0.330350206433702 -0.329408742284989 -0.339073715701859 -0.338835458692264 -0.337923415298198 -0.336636728160463 -0.335766676870797 -0.332908089185262 -0.333144944511261 -0.33319374062145 -0.333155384133878 -0.333023129446237 -0.332727301203107 -0.332188193250828 -0.299508027813015 -0.296425345962553 -0.289465694890508 -0.295296406632862 -0.288759304761558 -0.281919088812597 -0.214109140642338 -0.208358879698052 -0.177559656839236 -9999 -9999 -9999 -9999 -9999 -9999 -9999 -9999 -9999 -9999 -9999 -9999 -9999 -9999 -9999 0.217028876333302 0.149453126130559 0.300890437818216 0.302297961762632 0.125928203109371 0.294914301402767 0.255186792062927 -0.144602571285969 -0.157560844114484 -0.204095717444001 -0.151848983460383 0.223513123052338 -0.201197152574236
-0.342470751380313 -0.342427916805668 -0.341156675929144 -0.340709305248056 -0.33983592495985 -0.328554445334909 -0.327435843421739 -0.325236368245528 -0.320978170287547 -0.336045684910774 -0.334542904885307 -0.333673043406962 -0.333702960591216 -0.33373379763033 -0.333298560272871 -0.332861468604821 -0.332601719113419 -0.332245063642566 -0.331838706807534 -0.298944726217833 -0.29451336193225 -0.289682225804364 -0.286179768918613 -0.279942422924682 -0.287568019713582 -0.27217329957589 -0.216249482291839 -0.0944106178490062 -9999 -9999 -9999 -9999 -9999 -9999 -9999 -9999 -9999 -9999 -9999 -9999 -9999 -9999 -9999 0.235553001107992 0.2362567630802 0.310531392802632 -0.112452913887537 -0.0869597934834948 -0.0949479298941773 -0.126868353621164 -0.131423825308484 -0.135792405849658 -0.153558745430207 -0.204039212074034 -0.166617764267192 -0.189348399917257 -0.1962969543275
-0.342457568254074 -0.341368138880748 -0.340444241039686 -0.338318164440949 -0.338830728010127 -0.325967871872242 -0.323454185956572 -0.317081635899101 -0.312093394401485 -0.309022831273781 -0.332636074962394 -0.332500170057056 -0.33279331173996 -0.333119538996082 -0.332483101639099 -0.332252305674479 -0.33173143420982 -0.331316638071471 -0.297996691677263 -0.294379033920957 -0.288482180233912 -0.285391613913223 -0.279722533810544 -0.274464614229387 -0.275737226127678 -0.223593574291856 -0.209166745879012 -9999 -9999 -9999 -9999 -9999 -9999 -9999 -9999 -9999 -9999 -9999 -9999 -9999 -9999 -9999 0.200499230508894 0.245293242013798 0.15986208691867 -0.141924771582589 -0.155656890563117 -0.158664669946412 -0.154900565456056 -0.150222446454077 -0.140672016868576 -0.125183413131687 -0.150102719313577 -0.164881720729941 -0.180875514596257 -0.14537933761214 -0.0440434539625311
-0.341562444349083 -0.340752217207316 -0.338295474687737 -0.337722828535248 -0.323943023110711 -0.320628771449477 -0.317397744751762 -0.312128582500095 -0.297427695742472 -0.294239595604887 -0.29815116889025 -0.301815987459216 -0.302451417356114 -0.302004630709857 -0.299848228102485 -0.298469613882238 -0.295250559898573 -0.295609449302658 -0.293493637116089 -0.28723920810333 -0.284269975018928 -0.278063874888494 -0.25941958494718 -0.256610231397958 -0.197895457661884 -0.211695762709014 -0.0941740837421645 -9999 -9999 -9999 -9999 -9999 -9999 -9999 -9999 -9999 -9999 -9999 -9999 -9999 -9999 0.159377338008353 0.176111396023859 0.410115171957118 -0.125072446513662 -0.169910260630944 -0.175981302706546 -0.174309503000783 -0.174556257717179 -0.17297644349741 -0.171979204022269 -0.167058710565131 -0.148540426138758 -0.164469976173587 -0.171152794735403 -0.110179558305115 0.382789642268592
-0.340911133085024 -0.338841459650159 -0.337752745719502 -0.337375269406899 -0.320364787705546 -0.316537753462073 -0.311458986565542 -0.296953897485249 -0.285320507672463 -0.277448448184582 -0.281652768929338 -0.288554016518212 -0.28995716020139 -0.294607829566279 -0.291005502724306 -0.289116734078563 -0.288701777330634 -0.287764985460575 -0.282194899261871 -0.279704282722053 -0.275919591003879 -0.257810568985825 -0.20053266694446 -0.197513498881947 -0.167096672829192 -0.156784077788313 -9999 -9999 -9999 -9999 -9999 -9999 -9999 -9999 -9999 -9999 -9999 -9999 -9999 -9999 -0.244565827072357 0.151227131931871 0.144014301760281 0.28551572087351 -0.17623389777126 -0.18900235927947 -0.200728902647914 -0.200508867525068 -0.188521990630391 -0.194222170587858 -0.193349038514455 -0.181474150298758 -0.164150217103227 -0.147416159087721 -0.150625430487955 -0.106962986469485 -0.0414269779164804
-0.339170154453445 -0.337238035822318 -0.320837855919229 -0.319168830378916 -0.315644618195684 -0.307851403410084 -0.291223055699117 -0.277546566036309 -0.271769439489764 -0.268097320485401 -0.266467571287521 -0.266519842404959 -0.267560884492478 -0.272250538182383 -0.273215363724364 -0.275376146592975 -0.273105127149879 -0.271754838618971 -0.271778200012239 -0.255925158540365 -0.199862048948952 -0.175882016785156 -0.174030626368642 -0.166807575587497 -0.13990401106488 -0.130918635179057 -9999 -9999 -9999 -9999 -9999 -9999 -9999 -9999 -9999 -9999 -9999 -9999 -0.11174769182825 0.180634745795435 0.162718017245721 0.149902832950974 0.292436533629247 -0.172828974702404 -0.207466912501326 -0.205632021068808 -0.216734231202157 -0.210460967066076 -0.20924924079899 -0.204970017587068 -0.202645996982995 -0.20339005735859 -0.191776524730082 -0.170348286754725 -0.142995015411693 -0.0968504233584652 -0.048266025795778
-0.336129274896063 -0.316388824579987 -0.317174935463466 -0.315223821099438 -0.306948777577679 -0.293513786317782 -0.277694180840023 -0.269707358507712 -0.265257743133638 -0.0491844205686384 -0.140109883343057 -0.137341558240763 -0.159274986345547 -0.185159410086833 -0.187899993534622 -0.191252353468624 -0.245782371626804 -0.246540010812237 -0.192934373783943 -0.188726402821488 -0.151637270833889 -0.147486243267526 -0.139781363750222 -0.128007221542994 -0.121506913866087 -9999 -9999 -9999 -9999 -9999 -9999 -9999 -9999 -9999 -9999 -9999 -9999 0.208119424975601 0.194302620944475 0.364072785999438 0.162980832919989 0.0404926677530051 -0.176057227234668 -0.202597084065839 -0.210075650085857 -0.218801714506402 -0.229510577180595 -0.218741412910028 -0.220882192585653 -0.219261203910248 -0.208116797260309 -0.205683270125291 -0.114374388483856 -0.176657323024248 -0.116509035793748 -0.0740029807420586 0.481640457709285
-0.312889725894518 -0.315569569719809 -0.31324949135085 -0.308338488459728 -0.293512180221995 -0.277040207837218 -0.268312829338302 -0.217461938602464 -0.145284431951988 -0.134913433427938 -0.119557697615262 -0.123762748403558 -0.1295140314088 -0.130030902234861 -0.135617195400145 -0.13636768015889 -0.130777006732368 -0.178952579912859 -0.137021799170403 -0.131362501651155 -0.129467308622263 -0.126074066250041 -0.111296524920756 -0.0812304117844418 -9999 -9999 -9999 -9999 -9999 -9999 -9999 -9999 -9999 -9999 -9999 -9999 0.143932536883842 0.206054861845514 0.24331190384723 0.302978362341571 -0.18134858280994 -0.181745726495502 -0.196844486982226 -0.217664306671651 -0.225830427697297 -0.23050402042933 -0.232147932471879 -0.22922074989536 -0.230350857294715 -0.227438275588988 -0.214028105809439 -0.201214819627895 -0.185541952901602 -0.148080498708789 -0.0916437528337908 -0.0420358342285357 0.302318402981742
-0.309111604568201 -0.31052453083481 -0.304288352910543 -0.294604471365997 -0.27876281857334 -0.26696838115571 -0.221613842221075 -0.0944412796776708 -0.0197578255730441 -0.0890155960911059 -0.0954575002848423 -0.100702133073578 -0.126170431997273 -0.126725265087395 -0.126805569876755 -0.12245889064177 -0.119719767281061 -0.111769593134439 -0.106024150477514 -0.104156699103129 -0.0994581388820402 -0.0911925859262965 -0.10147743931267 -9999 -9999 -9999 -9999 -9999 -9999 -9999 -9999 -9999 -9999 -9999 -9999 -9999 0.212714319014062 0.188230118781794 0.354745749737066 -0.0549853465345755 -0.196530568260183 -0.217377691577991 -0.233702049159054 -0.248446154494223 -0.244258770759587 -0.243641299933764 -0.241314943190364 -0.235617829415763 -0.234089848287308 -0.226825623050527 -0.210030533395107 -0.194860228641499 -0.155928466759861 -0.0716814422860204 -0.0360480171164521 -0.00246017394494025 0.316438905125355
-0.305344579903686 -0.301521049869203 -0.287677964270651 -0.279110611315622 -0.267229444725484 -0.259744308313609 -0.00299602590303211 -0.0942149661803841 -0.12077979050061 -0.11130820561739 -9999 -9999 -9999 -0.232227069191576 -0.123629880479344 -0.120344684550988 -0.116326524908839 -0.111736011131616 -0.108488777467321 -0.107954385596309 -9999 -9999 -9999 -9999 -9999 -9999 -9999 -9999 -9999 -9999 -9999 -9999 -9999 -9999 0.314813828206129 0.270662255016103 0.277369895058266 0.377591732266393 0.337561984901145 -0.112779973393294 -0.230313625074193 -0.235346691245143 -0.246158928084548 -0.250249800063245 -0.260630727179434 -0.254824106873888 -0.245027214589406 -0.232559531019525 -0.225417369062571 -0.217447337731672 -0.197200164194736 -0.156878983448466 -0.0925300256909072 0.242219758711936 0.274516884905374 0.308970559714893 0.318193929794637
-0.298522761051924 -0.28667152624691 -0.27271207170814 -0.264589169260041 -0.254053180896033 -0.0263486586488659 0.0649316052858154 -0.0633282841055205 -0.0528273378314154 -9999 -9999 -9999 -9999 -9999 -9999 -9999 -9999 -9999 -9999 -9999 -9999 -9999 -9999 -9999 -9999 -9999 -9999 -9999 -9999 -9999 -9999 -9999 -9999 0.472200994741809 0.326945691747778 0.188647703686465 0.420167871497887 0.390961749651262 -0.162560182273903 -0.205309049806874 -0.230283985306484 -0.218471442809071 -0.242424463361901 -0.257180395402412 -0.260650584363712 -0.252500232278523 -0.237993537102442 -0.221821904629871 -0.213539998698839 -0.202635630364732 -0.17523519820904 -0.0893076135069598 0.248597419074185 0.316758664195715 0.144031822805232 0.301585439267948 0.329363595951048
-0.285695896060543 -0.266468447339768 -0.251403852890699 -0.244315276129554 -0.220027311600741 -0.00790483866353564 -0.0281431056692879 -0.0195271318145195 -9999 -9999 -9999 -9999 -9999 -9999 -9999 -9999 -9999 -9999 -9999 -9999 -9999 -9999 -9999 -9999 -9999 -9999 -9999 -9999 -9999 -9999 0.480078164534467 0.517136634693402 0.753226875062937 0.612437978444391 0.52681263176772 -0.0170537443022373 -0.0667025453457119 -0.158841340483004 -0.196821417606373 -0.237865925491714 -0.211208823668078 -0.104913024210191 -0.249246428222371 -0.258108718767412 -0.255935817176043 -0.24902391095149 -0.225326843663657 -0.21217569333197 -0.199014322390728 -0.179256278025347 -0.129766626473513 0.217116481558059 0.269660635279724 0.307786429093605 0.172537102853807 0.19319441485131 0.332853204070501
