raw_data/Abundance/Mycteroperca prionura Grid_Abundancia_promedio.asc
NCOLS 96 
NROWS 96 
XLLCORNER 0 
YLLCORNER 0 
CELLSIZE 0.0104166666666667 
NODATA_value -9999 
[rows 25 to 49 of 96, columns 0 to 56 of 96]
0.00210602247481512 0.00224903233345563 0.00229223975754724 0.00223387189760267 0.00212677796335953 0.00211415959928678 0.00210363944494142 0.00210966640555546 0.00216186437506805 0.00229605728304828 0.00234127092203902 0.00219785670194992 0.0021420491048533 0.00212623275107218 0.00213550655740508 0.0021414098187585 0.00215482027389505 0.00218452732700101 0.00221479466499329 0.00221790897579006 0.00227132262837235 0.00250406226748277 0.00306729930423873 0.00365479283046151 0.00405352544293759 0.00450094255012883 0.00485206653961025 0.00508816061161158 0.00542813607529349 0.00556326452390026 0.00578419764030383 0.00616236395133997 0.00609097700408761 0.00617495217021475 0.00642819782036918 -9999 -9999 -9999 -9999 -9999 -9999 -9999 0.00194665422054937 0.00196369530095958 -9999 -9999 -9999 -9999 -9999 -9999 -9999 -9999 -9999 -9999 -9999 -9999 -9999
0.00215986283787206 0.00231215689774132 0.00231360438698849 0.00222142193084269 0.00219578863742049 0.00218183608846535 0.00219413740821466 0.00218078256577091 0.00219792634775212 0.00221638248533444 0.00221725201837232 0.00218437971947993 0.00215925681544399 0.00214180638403519 0.00213793584456531 0.00214592380228152 0.00217483252738617 0.00219500070431504 0.0022388021967045 0.00236257578082912 0.00278039498132084 0.00321067610270276 0.00355720554821832 0.00406636833676071 0.00444629138519556 0.00477036785567434 0.00508724586077675 0.00543527736874268 0.00595647744667979 0.00603985490629554 0.00612737473190765 0.00641692455581946 0.00582438950510925 0.00585874983334262 0.00578657287400564 -9999 -9999 -9999 -9999 -9999 -9999 -9999 -9999 -9999 -9999 -9999 -9999 -9999 -9999 -9999 -9999 -9999 -9999 -9999 -9999 -9999 -9999
0.00211893657367481 0.00229367841113293 0.00222662405647101 0.00219932238226482 0.00227860945036345 0.00229969549659591 0.00226796455726789 0.00223445920921822 0.0022240679515814 0.00219131571373608 0.00217650818459724 0.00216085866889453 0.0021578108854312 0.00215915650469903 0.00216424116800423 0.00217284086534124 0.00219022165094783 0.00246996700909358 0.00272071268679599 0.00305964866089286 0.00334034723098809 0.0035882654970192 0.00389725897361911 0.00447134308419493 0.00485295530320546 0.00515651744672355 0.00543390004504251 0.00612536851700853 0.00622562728748526 0.00614749405282602 0.00631797034477195 0.00656664224075221 0.00566362724333549 0.0219554279683041 -9999 -9999 -9999 -9999 -9999 -9999 -9999 -9999 -9999 -9999 -9999 -9999 -9999 -9999 -9999 -9999 -9999 -9999 -9999 -9999 -9999 -9999 -9999
0.00210365035958206 0.00221133836212305 0.00222748267486825 0.0022259925665481 0.00227569524131181 0.00232384699761464 0.00230826245001099 0.00228175598533736 0.0022674219437045 0.00224080425364528 0.00220387274792332 0.00216848592372473 0.00215911752383959 0.00216837989578705 0.00216622451413248 0.00218995138365572 0.00252931666695122 0.0030677462847603 0.00328612745423261 0.00365043217165229 0.00441960249009975 0.0044755270297747 0.0042919895511928 0.00500503262949624 0.00539736718357642 0.00561861734430343 0.00588940957865326 0.00596232977304354 0.00606017692768299 0.00624627155064408 0.00630412954094719 0.00634630163341211 0.0049447734182517 -9999 -9999 -9999 -9999 -9999 -9999 -9999 -9999 -9999 -9999 -9999 -9999 -9999 -9999 -9999 -9999 -9999 -9999 -9999 -9999 -9999 -9999 -9999 -9999
0.0021648965661876 0.00217305915815409 0.00220887633104089 0.00222749618823285 0.00225950830949362 0.00230526820026129 0.00229931660264217 0.00228393215678363 0.00228059123725733 0.00226756175505369 0.00222823838379657 0.00220648758397448 0.00219601680538441 0.00218398991088554 0.00232858499114323 0.00261729906542867 0.00311823949135342 0.00368806169463059 0.00440336046533357 0.00509417405886101 0.00538059501912186 0.00502574445947808 0.00494475782590792 0.00544447165412233 0.0059662226615395 0.00613927688765631 0.00620992059985537 0.00618793539513185 0.00607013004045971 0.0062764323409539 0.00652013547671769 0.00675456116793504 0.00769971187568119 -9999 -9999 -9999 -9999 -9999 -9999 -9999 -9999 -9999 -9999 -9999 -9999 -9999 -9999 -9999 -9999 -9999 -9999 -9999 -9999 -9999 -9999 -9999 -9999
0.00221022143056393 0.0021743231774895 0.00220767156261183 0.00221138981685751 0.00224542842306431 0.00229296947923593 0.00230561019233477 0.00229418100434729 0.00227518797039431 0.00225288572134736 0.00223210008760498 0.00223971850677371 0.00225282127299309 0.00238915968747684 0.00292881850172022 0.00336739994743865 0.00383672429763453 0.00493813627725124 0.00536339666393744 0.00562824301786086 0.00571023795632851 0.00580701443669537 0.0060079789581704 0.00605295767251492 0.00632137987061086 0.00641492873581619 0.00641947650275072 0.00636014763468479 0.0061993593856714 0.00625707184743261 0.0068169305430372 0.00732965358340834 0.00771634370904177 -9999 -9999 -9999 -9999 -9999 -9999 -9999 -9999 -9999 -9999 -9999 -9999 -9999 -9999 -9999 -9999 -9999 -9999 -9999 -9999 -9999 -9999 -9999 -9999
0.00224428134630722 0.00221971872715761 0.00221121622209681 0.00225439246150087 0.00228490511903522 0.00228803918013411 0.00228107615914874 0.00227700551793374 0.00226487415473158 0.00225781550070439 0.00227827421497228 0.0024386570630475 0.00258118719724452 0.00298320459680931 0.00350720609917809 0.00389866228455891 0.00466209462049698 0.00554293730506487 0.00574620429597076 0.00597654999056684 0.00612955766003623 0.00621683320559586 0.00634628604106833 0.00642436730124832 0.00647558295310305 0.00644462695326067 0.00641481958940976 0.00637357264267553 0.00630614095329424 0.00625500846060631 0.00723552780148332 0.00770205072724752 0.00755335174210811 -9999 -9999 -9999 -9999 -9999 -9999 -9999 -9999 -9999 -9999 -9999 -9999 -9999 -9999 -9999 -9999 -9999 -9999 -9999 -9999 -9999 -9999 -9999 0.0069694860345371
0.00227184341265445 0.00224423041131755 0.00221112786548208 0.00225346263806705 0.00229267894189692 0.00229657235013767 0.00227840103270165 0.00226288924936895 0.00225560762482577 0.00227613910336462 0.00255162411344609 0.00303163441657614 0.00335665162512938 0.00369378928224414 0.00419809765442441 0.00454376432358439 0.00516420966965282 0.00579352705932953 0.0058675179279924 0.00608419953199318 0.00632026241930695 0.00645686174567655 0.00652016666140525 0.00656620045767857 0.00657591968529866 0.00643043792042493 0.00645805715869934 0.00642205963436954 0.00629591757322541 0.00628884384659923 0.00751353929100123 0.00719997725767508 0.00731676391255389 -9999 -9999 -9999 -9999 -9999 -9999 -9999 -9999 -9999 -9999 -9999 -9999 -9999 -9999 -9999 -9999 -9999 -9999 -9999 -9999 -9999 -9999 0.00767954577773149 0.00800183952357194
0.0022852471111087 0.00226161431539291 0.00224231099379879 0.00225228801483596 0.00228300909003212 0.00229267946164171 0.00228814728705095 0.00226766050656427 0.00228829229584807 0.00257410827317042 0.00316152903512225 0.0036998702963166 0.00392454037777838 0.00434514904857154 0.00484392733615942 0.00512637744620543 0.00553411723593584 0.00598522453115396 0.00597317164941547 0.00625237855195617 0.00644660718092017 0.00660617922711906 0.00659155880610553 0.00650745890122818 0.00647324410153672 0.00640297460558827 0.00649492785428057 0.00639142587629852 0.0061359297311925 0.00617295635021148 0.00718677573994513 0.00689705440025179 0.00515465156291841 0.00479978541093086 0.00439753412620944 -9999 -9999 -9999 -9999 -9999 -9999 -9999 -9999 -9999 -9999 -9999 -9999 -9999 -9999 -9999 -9999 -9999 -9999 -9999 0.00742913273669629 0.00935593063151922 0.0392832515805428
0.00229160930711392 0.00229492008144226 0.00228899343157317 0.00229883012151637 0.00229073145815935 0.00231227020210609 0.00232053830226547 0.00233268058010828 0.0027778274420458 0.00346111513097758 0.00408746997533694 0.00461558265901454 0.00470848704067714 0.00512716226084213 0.00562557152962732 0.00593917514253686 0.00648584271530735 0.00660200047898721 0.00642144113806644 0.00652234958953382 0.00653928287487406 0.00669187994595736 0.00663696890862783 0.00650052550569599 0.00627185338933182 0.00617864235824163 0.00638917018389899 0.0065462266653021 0.00608394485704484 0.0062080287288106 0.0068174035107984 0.00629183757660414 0.00746146086279092 0.00420515059125888 0.00408514671611439 -9999 -9999 -9999 -9999 -9999 -9999 -9999 -9999 -9999 -9999 -9999 -9999 -9999 -9999 -9999 -9999 -9999 0.00781847356077157 0.00760839271563577 0.0278834811483273 0.0154747821248758 0.014840121758732
0.00232343691897334 0.00232110950179245 0.00231173694394897 0.00232068694927613 0.00238141600981311 0.00246963956987429 0.0026280993622172 0.00291651094503339 0.00400183682332167 0.00457626916290847 0.00512959986391904 0.00527834042864186 0.00531430157083618 0.00558590460706234 0.00626376096291231 0.00673491481477785 0.00682747616487739 0.0067687553982187 0.00670465527295745 0.00669171882507168 0.0067081531554111 0.00675518486168606 0.00657965665035686 0.00624353769303544 0.00612584668221765 0.00612633524232262 0.006411051439664 0.00685250187663714 0.00668634466391704 0.00675616198189599 0.00635642106452243 0.00540504901160983 -9999 -9999 -9999 -9999 -9999 -9999 -9999 -9999 -9999 -9999 -9999 -9999 -9999 -9999 -9999 -9999 -9999 -9999 -9999 0.00813281521128649 0.00833364459911546 0.0115468628298998 0.0145389296514678 0.0148691235181545 0.0138122744570483
0.00237270872530405 0.0023188969482107 0.00238136663405782 0.00243402561720137 0.00260283976530082 0.00300655153288922 0.00351541286945195 0.00447036596398499 0.00510355545236596 0.00535552253033079 0.00552745410769576 0.00564703698955832 0.00574384985206065 0.00581932719083013 0.00695148207492428 0.00707280610184177 0.0069830253863822 0.00688954928544783 0.00698208464830774 0.00689340059436038 0.00676484171993104 0.00678613046663258 0.00661360118275622 0.0063877460831675 0.00649162227740015 0.00642945560276707 0.0070046987442302 0.00739950728352277 0.00726151504110922 0.00744061909661094 0.00682969547514145 -9999 -9999 -9999 -9999 -9999 -9999 -9999 -9999 -9999 -9999 -9999 -9999 -9999 -9999 -9999 -9999 -9999 -9999 -9999 -9999 0.00883883653744301 0.00955566855528391 0.0156751957168707 0.014782534035721 0.014539813217615 0.0388916238793804
0.00246174464647595 0.00241525555376438 0.00256052734174193 0.00275754180279382 0.0034746388904789 0.00413833220073276 0.00477247282208404 0.00539163959596287 0.00576939011116499 0.00585249730348863 0.00596987646743091 0.00603496410779794 0.00616856970416263 0.00669208784387437 0.00710332551605843 0.00717258670710938 0.00713932304038823 0.00712050827889907 0.00712799260391133 0.00706023347531076 0.00689544838884291 0.00704873672050026 0.00716427079042909 0.00669721772497652 0.00695039061085999 0.00719945751288257 0.00723713901034013 0.00758162585882109 0.00742965248148881 0.00739420588663908 -9999 -9999 -9999 -9999 -9999 -9999 -9999 -9999 -9999 -9999 -9999 -9999 -9999 -9999 -9999 -9999 -9999 -9999 -9999 0.00914215959835655 0.0297199993726898 0.034200303433154 0.0379822783903909 0.0397193694359447 0.0144121119220934 0.0394598608610404 0.0400223806499827
0.00256224249955724 0.00265292237350786 0.00317541661597834 0.0038049938780513 0.00429551342088607 0.00541725261933816 0.00593448704450835 0.00617649061480061 0.00639155061504873 0.00653370081580242 0.00692410191925443 0.00725855249579187 0.00722461316084044 0.00723053825147515 0.00723365672023025 0.00723537187804556 0.0072465463910847 0.00719800222746352 0.00718480070973356 0.00717284657950564 0.00703981789986065 0.00730070379846508 0.00738698143402308 0.00732606734433996 0.00734841637041824 0.0073069407359753 0.00730652494014129 0.00747175180968278 0.00737507927827442 -9999 -9999 -9999 -9999 -9999 -9999 -9999 -9999 -9999 -9999 -9999 -9999 -9999 -9999 -9999 0.00859393279120851 0.0181168008286828 0.0311313143822934 0.0327296855427241 0.0193107585660553 0.0410908719944413 0.0407910831981169 0.0176023574330484 0.0170095884971816 0.0160709813763732 0.0400625569224444 0.0398355843715517 0.0158588215520674
0.00264916461865796 0.00284540985741692 0.00395763772616593 0.00459670033070236 0.00555042682752506 0.0061612153153485 0.00647084288059528 0.00672182244345433 0.00728921743855043 0.00762164620784498 0.00774440992783775 0.00753853901552134 0.00738407086318498 0.00736338502044276 0.00733547472508454 0.00731899881516172 0.00728786610208989 0.00724576677389592 0.00723116194522617 0.00734311497353456 0.00739524537622412 0.00747736505344197 0.00748453753157872 0.00754212525458972 0.00747980785396681 0.00729587017189467 0.00734685713604069 0.0257040872843406 -9999 -9999 -9999 -9999 -9999 -9999 -9999 -9999 -9999 -9999 -9999 -9999 -9999 -9999 -9999 0.00970649849407265 0.0166341248590665 0.042527186728565 0.0174369226655899 0.0151818019853333 0.0165914538116008 0.0164447818311522 0.0157520139972049 0.0154757176655023 0.0158721270187558 0.0164111543430763 0.0165427017500626 0.0159068979453753 0.0150887156929934
0.00271642998970564 0.00374208396836492 0.00512254172963665 0.00671006581624757 0.00628128675731602 0.00637847383606897 0.0068397369445329 0.00726655656559665 0.00755932880722207 0.00763656288339025 0.00779414950448172 0.00773126038458704 0.00750834184307605 0.00738999595381968 0.00735267827771689 0.00727144216664632 0.00723147379210168 0.00731712773390865 0.00736587979544685 0.00734030835165496 0.00747377881437359 0.00747882033886102 0.00743583744451978 0.00746608659144433 0.00744300992265653 0.00755329976762886 0.00748666848522804 -9999 -9999 -9999 -9999 -9999 -9999 -9999 -9999 -9999 -9999 -9999 -9999 -9999 -9999 -9999 0.00762424493180757 0.00919273076666855 0.0171053254879634 0.0158954635599399 0.0145535344801375 0.0143896589470566 0.0148905370036062 0.0146858615043126 0.014179006382649 0.0139891436099422 0.0145176201149745 0.0148243734915187 0.0152634538922379 0.0147593534179747 0.0386875720738379
0.00342864667378898 0.00470813881166615 0.00694550500981032 0.00692507903946436 0.00674611011760869 0.00668989971829787 0.00689876436061917 0.0072105280769632 0.00747180378416203 0.00763308059328038 0.00773375515959113 0.00782377495765525 0.00755361161450437 0.00740865479187108 0.00740797912364081 0.0073140612396328 0.00727404089060891 0.00737575494650469 0.00749498440190833 0.00741234497989796 0.00724930103848505 0.00707436533621932 0.0066872854019915 0.0067442338389077 0.00694427321465205 0.00747928810917429 0.0257606874922458 -9999 -9999 -9999 -9999 -9999 -9999 -9999 -9999 -9999 -9999 -9999 -9999 -9999 -9999 0.0067413024782779 0.00711365804253369 0.0336291039061766 0.014884092168179 0.0150250989303892 0.0143987025064464 0.0137355081511934 0.0137670566600992 0.013423973122558 0.0123888493937791 0.0118634393830226 0.0130889976037801 0.0137851957533581 0.0141916881555865 0.014308630733903 0.0375744346517019
0.00462509398871762 0.00675429090064293 0.0071931686008931 0.00720824119987612 0.00724254435618231 0.00724280422857857 0.00733100491986889 0.00739722040643569 0.00764742554955388 0.00773396305750813 0.00765553356831716 0.00777263207007148 0.00756473415306425 0.00752388221237234 0.00755683403221798 0.00752653291081418 0.00751385113787674 0.00744046317317319 0.00748058747115558 0.0072751323546732 0.00661205234327451 0.0059228551560518 0.00627464441886764 0.00655665794328794 0.00706995270293084 0.007363021199088 -9999 -9999 -9999 -9999 -9999 -9999 -9999 -9999 -9999 -9999 -9999 -9999 -9999 -9999 0.00587749183056082 0.00684371818964358 0.00615643886070526 0.0375016184062702 0.0137350923553593 0.0142249518223076 0.013624178816636 0.0130721578725026 0.0129298517483111 0.0125826102524298 0.0117625569187948 0.0112844436841575 0.0125847412060791 0.0131706495106847 0.0137293751626416 0.0138947059811416 0.0140394549058579
0.0066319481739321 0.00754425620823904 0.00741161733718844 0.00746062927112289 0.00758391273590817 0.00766062706728384 0.00761811194325586 0.00769763289651112 0.00780979382273652 0.00775631208358641 0.00765771649644573 0.00776675895391602 0.0078842212770251 0.00770797581788223 0.00775438902785409 0.00769934805432643 0.00761005589897183 0.00746068124560214 0.00719306465193459 0.00704693320607022 0.00623146402150524 0.00649574905105275 0.00631728428164582 0.00637189386699569 0.00695451738451258 0.00707992660549926 -9999 -9999 -9999 -9999 -9999 -9999 -9999 -9999 -9999 -9999 -9999 -9999 0.00602666378346143 0.00665680756735824 0.0111811184194049 0.0116191073560598 0.0351755525618349 0.0115139110100542 0.0118068911495966 0.0127422238782121 0.0127413403120648 0.0123391617916144 0.0123754919526114 0.0121375008121173 0.0117106344140223 0.0114839217355259 0.0123611469963379 0.0129352570941533 0.0135676825576893 0.0141776550461885 0.0144038999543716
0.00789534381558499 0.00790792163956392 0.00742627414033744 0.0072464424421262 0.00765044006935048 0.00791545793905544 0.00799414730064267 0.0078869239499462 0.00782367100869675 0.026521126098179 0.00751509852537878 0.00830178424333411 0.00833099390067362 0.00804326318353563 0.00799503086678995 0.00783276654256581 0.00774861986065714 0.00753188628217711 0.00710927659393276 0.00670420829243589 0.00631175939450136 0.00648546849905674 0.00642349932744481 0.00619569518488415 0.00643524555975572 -9999 -9999 -9999 -9999 -9999 -9999 -9999 -9999 -9999 -9999 -9999 -9999 0.00587357295482523 0.00581570456962627 0.0374815042827997 0.00995644376479458 0.0345671912821925 0.0118699881674083 0.0112526353028554 0.0112476457528472 0.0119140625258138 0.0122648902607635 0.0120446224176944 0.0117661431578632 0.0116778385176144 0.0117355301895839 0.011918220484154 0.0359486729407055 0.0127998635757024 0.0136125885077628 0.0142779657911444 0.0383271810347058
0.00865749757933346 0.00787663300305434 0.00782559406442907 0.0075891621583126 0.0078265296050556 0.00827506936099868 0.00834149274548249 0.027802089113819 0.00749051459669268 0.00712050827889907 0.00478118374480664 0.00540545960999592 0.00822969564061185 0.00871539714921997 0.00858177076306358 0.00798894985271749 0.00885697563070189 0.00757481720203911 0.00731380136723654 0.00720740960820809 0.00727456063540143 0.00662533702017127 0.00742102471793301 0.00745054622214804 -9999 -9999 -9999 -9999 -9999 -9999 -9999 -9999 -9999 -9999 -9999 -9999 0.00511309276930867 0.00510305649736514 0.00679472704550083 0.0315399897126503 0.00960805883036973 0.0106758225321188 0.0111790394402348 0.0108793026183896 0.0109893325909657 0.0116808010629317 0.011725031344775 0.0114834019907334 0.0114118851072829 0.0114285169406435 0.011753305461488 0.012472216458499 0.0126586489155752 0.0130424284703705 0.0136851448807984 0.0140864918095808 0.013387850859478
0.00941143937536015 0.00894403288344867 0.00888358656407882 0.00828021483444461 0.00834715796372093 0.00861877659229087 0.0276735562266293 0.0231163299368725 0.0183974110421633 0.00335486890049104 0.00659345587459822 0.00423523341984982 0.00838000583460807 0.00459130537975602 0.00469871064112987 0.00827148312193031 0.00821633819944414 0.00800407442617977 0.00862885964126572 0.008723453193504 0.00693473070026142 0.00715533117999778 0.00522328906021835 -9999 -9999 -9999 -9999 -9999 -9999 -9999 -9999 -9999 -9999 -9999 -9999 -9999 0.00479239983742918 0.00588433167203036 0.0329894020155454 0.0313796484441585 0.00836363387364376 0.00872153013777169 0.00883098839107599 0.00867558469811309 0.00940218791805333 0.010960694652898 0.0109712974466653 0.0112307020726111 0.011660634964982 0.0112224901048893 0.0115329856439396 0.0124436824693897 0.0127480450198883 0.0128774614732253 0.0131450260924136 0.013155836784098 0.0123860427718995
0.00971283938054137 0.00941206306911117 0.00932412225021712 0.00908997722118774 0.0090010488871879 0.00870375486586757 0.0287958411571135 0.00438726916655721 0.00238423250684377 0.00453073951908389 -9999 -9999 -9999 0.00430104350547846 0.00443424370090499 0.00445989830386368 0.00444563130930906 0.00439060592812517 0.00485415591367617 0.0046410657461917 -9999 -9999 -9999 -9999 -9999 -9999 -9999 -9999 -9999 -9999 -9999 -9999 -9999 -9999 0.0106463010279038 0.0118384396585025 0.00878228830401705 0.0307143751097354 0.026500700127833 0.0333714664125254 0.00863509657877594 0.0088011030655062 0.0087923713529919 0.00845313392691537 0.00868192558458181 0.00975925259051324 0.0109619420404 0.0118595932715579 0.0122365641695713 0.011927316018023 0.0117644280000479 0.012114528092288 0.0121663986225813 0.0118944161726567 0.0122800668087051 0.0116456143404783 0.0109233250023159
0.00977520875564354 0.00968716398779098 0.00960623972359592 0.00960176991838026 0.00929782316371571 0.0328992782685228 0.0243278030737528 0.00461622194510933 0.00876898283732859 -9999 -9999 -9999 -9999 -9999 -9999 -9999 -9999 -9999 -9999 -9999 -9999 -9999 -9999 -9999 -9999 -9999 -9999 -9999 -9999 -9999 -9999 -9999 -9999 0.00968440934039063 0.0152527991239913 0.015336322112149 0.0372049480787009 0.0365882189078989 0.0126265286873976 0.0114769571553061 0.009752391959252 0.0102438106605778 0.00967708093881613 0.00911996649571603 0.00882786992232088 0.00953560640629272 0.0112795061086285 0.0123176443572041 0.0125350536039144 0.0123208667749177 0.0117481080135628 0.0119846438686378 0.01161006379667 0.0115400541731178 0.0103910023858189 0.0097654375535442 0.030421187072276
0.0100905379212642 0.0101155896202636 0.0100241145367804 0.0106250954403691 0.0112672401315251 0.023980457628913 0.00617153744692791 0.00691377978767502 -9999 -9999 -9999 -9999 -9999 -9999 -9999 -9999 -9999 -9999 -9999 -9999 -9999 -9999 -9999 -9999 -9999 -9999 -9999 -9999 -9999 -9999 0.00990005145480638 0.013839041313863 0.0349088195343146 0.0321412304886352 0.0409047513842406 0.0165993539324471 0.0149260355729352 0.0142469890015104 0.012934373528006 0.0102068568058298 0.0119747687175799 0.0357585502956024 0.0102301413725346 0.00996590312001841 0.00929091055797522 0.00979360772129868 0.0114325709500251 0.0121232598048024 0.0120494040697855 0.0118287204308824 0.011041203121259 0.0113719687072175 0.0112986327169932 0.00995015485280512 0.00782829673735016 0.00629127105478029 0.0147126283611273
