raw_data/Abundance/Mycteroperca jordaniGrid_precio_Teorico.asc
NCOLS 96 
NROWS 96 
XLLCORNER 0 
YLLCORNER 0 
CELLSIZE 0.0104166666666667 
NODATA_value -9999 
[rows 52 to 77 of 96, columns 0 to 58 of 96]
10.7006667606807 11.4865031392179 11.9104269540657 12.3619613986686 14.1254063534873 13.9190326692782 -9999 -9999 -9999 -9999 -9999 -9999 -9999 -9999 -9999 -9999 -9999 -9999 -9999 -9999 -9999 -9999 -9999 -9999 -9999 -9999 -9999 -9999 -9999 23.0115225030198 23.9194585543805 22.453721684702 27.0767445823554 24.3431420155417 7.846106201055 5.3350861701945 4.15592900996363 3.85161089799826 3.83182858781765 3.7987219705749 3.75495086025501 3.75253170039877 3.7576821794618 3.78921598226747 4.04338039176368 4.90125077019303 6.12352137296865 7.61918227663648 8.85997813981147 12.0758804231207 14.7700349411113 14.3949329688664 15.9937356483225 18.4803147136707 -9999 -9999 -9999 -9999 -9999
10.2268094674292 10.8425355242322 11.8607037851377 11.8445700439206 12.298898600131 -9999 -9999 -9999 -9999 -9999 -9999 -9999 -9999 -9999 -9999 -9999 -9999 -9999 -9999 -9999 -9999 -9999 -9999 -9999 -9999 -9999 -9999 -9999 19.3158742611358 21.0612025568224 21.9182136708219 27.2452325167045 22.8900537586236 8.65510666614407 5.51951255839033 4.19398000298311 3.82177369177831 3.75478020913748 3.70845684310736 3.67524266758983 3.6731161383471 3.68016030401891 3.68822056490108 3.69967071409148 4.32735226371112 5.24539218317489 6.38654041228145 7.31958140621392 8.17539075178015 12.4545576564546 14.4197194428033 15.9163417612178 25.5707184259503 -9999 -9999 -9999 -9999 -9999 -9999
9.92098944536427 11.1209251818069 12.1119635203307 11.2064910942582 -9999 -9999 -9999 -9999 -9999 -9999 -9999 -9999 -9999 -9999 -9999 -9999 -9999 -9999 -9999 -9999 -9999 -9999 -9999 -9999 -9999 -9999 18.4637303092911 19.0556012626931 25.773396672227 27.3434770861271 25.9928996765698 13.7341405958145 9.44662140052856 6.75255701517052 4.6530435268207 3.76175226870329 3.73059552074357 3.69153714533488 3.68664594781134 3.65895419868694 3.64212763796805 3.65137013854647 3.65367212598047 3.82878060262868 4.89647674509173 5.70749918556982 6.65410213627213 7.31023765664499 8.23917461137774 12.4638413176019 14.9573906398633 24.1567777757471 -9999 -9999 -9999 -9999 -9999 -9999 -9999
10.3089803840563 11.8027184582308 11.3141695458821 -9999 -9999 -9999 -9999 -9999 -9999 -9999 -9999 -9999 -9999 -9999 -9999 -9999 -9999 -9999 -9999 -9999 22.3886759682494 21.8420816405722 27.8728260367864 16.0610947690092 17.9322782638735 18.0185652373847 25.3707441586486 26.4266479483599 24.6249266689405 13.8923534100589 11.0647124633392 10.3687383194023 7.05323947718304 5.64141393942247 4.08997896276502 3.7354680908564 3.68267680711825 3.67929803516801 3.68708609550004 3.66342327504829 3.6457200242573 3.64154387895157 3.65339992543032 4.2292639241849 5.22427711180175 5.98656784230939 7.2292084200295 21.4383775796147 8.65636852299903 13.1347585897044 23.8932600025345 23.892989604637 -9999 -9999 -9999 -9999 -9999 -9999 -9999
11.0950871604909 11.7429905670957 10.7408659147747 -9999 -9999 -9999 -9999 -9999 -9999 -9999 -9999 -9999 -9999 -9999 -9999 -9999 -9999 -9999 -9999 22.1189991318161 27.8706628536065 27.7733496547198 24.2672202947677 14.7370163534062 18.8688764923686 17.6733572549183 12.627311868742 12.2239983825254 12.6042679590334 12.0534974860504 9.3229293845308 7.29419404806039 5.31679525463962 4.52388947329357 3.81883086132725 3.7651409552431 3.74957414828441 3.70639460847582 3.68724412804902 3.67480822830119 3.67014536677997 3.67066122587997 3.72343147867054 4.41111251909129 5.38760645515094 6.45236126937348 6.7425823371741 8.28454136973494 18.2728293936609 20.995045204569 -9999 -9999 -9999 -9999 -9999 -9999 -9999 -9999 -9999
11.643874715559 10.8061820291248 -9999 -9999 -9999 -9999 -9999 -9999 -9999 -9999 -9999 -9999 -9999 -9999 -9999 -9999 -9999 21.473138731548 27.4946295108258 27.6574691335385 27.8148707540904 27.4347814428473 25.919471625295 23.0636792530251 22.0966762831675 16.6015901218874 12.1423081732716 10.8325007578141 10.2696224678656 10.8441278674063 6.81673144950892 5.4153042131175 4.47585478901443 4.10793338315858 3.7808345487715 3.75512091048832 3.7280742105705 3.69044624003955 3.68829477410183 3.68885990570759 3.69040237549174 3.7206839355899 3.8151300154369 4.36476631946094 5.62062334552632 7.16467345516111 8.43286963861542 17.6761213223149 21.1168744794952 -9999 -9999 -9999 -9999 -9999 -9999 -9999 -9999 -9999 -9999
11.5726398916749 11.4443811556306 -9999 -9999 -9999 -9999 -9999 -9999 -9999 -9999 -9999 -9999 -9999 -9999 -9999 -9999 18.9322998214361 19.9180804230641 27.7956124149467 26.4919039742883 16.4325914359541 17.6372140692867 17.542935335694 23.8829247940081 26.2267337694799 15.6086890422921 11.9223244615554 10.597254586995 9.54937260157601 7.67912047724749 5.22851935437131 4.51486719678055 4.10207175762514 3.93464738833947 3.79157775768102 3.73779591631171 3.69711785749704 3.6807191263404 3.68681870202363 3.69248834504984 3.69834936969907 3.72021314280616 3.75818602087746 4.27891198258575 5.34211351110824 6.95382318353801 8.76828320835042 17.6426220272365 -9999 -9999 -9999 -9999 -9999 -9999 -9999 -9999 -9999 -9999 -9999
11.0274275976959 -9999 -9999 -9999 -9999 -9999 -9999 -9999 -9999 -9999 -9999 -9999 -9999 -9999 -9999 13.182558929139 22.8567347288103 24.7905604032605 25.8431893739911 26.3320687726589 26.5168707134901 20.1621595918681 14.9500298082093 25.1112823538984 25.7041748104687 16.9041052807607 12.7037443411001 10.9220024618844 7.14616622128823 4.63054942617034 4.22352848433695 4.080992739305 3.96255245136077 3.87674318080182 3.81109387615365 3.75085913918172 3.71386900724675 3.69723442903507 3.69777552527216 3.70293862290374 3.70848298157079 3.70801759674499 3.71649907746303 4.15220352782039 5.19516727592606 6.21406561115482 8.19347736670137 15.4661292618915 -9999 -9999 -9999 -9999 -9999 -9999 -9999 -9999 -9999 -9999 -9999
-9999 -9999 -9999 -9999 -9999 -9999 -9999 -9999 -9999 -9999 -9999 -9999 -9999 12.6082337948633 18.7319049351828 18.0086806920208 18.5976073127611 10.5118989840196 13.4988343365737 15.3696873451189 13.2200541042581 11.8555061366637 11.0352390925124 10.2651158362407 9.57965716609525 10.4111006566763 9.42850474139651 7.55023081277569 4.93058593764997 3.97499375906655 3.97290568641368 3.95693418393508 3.91371859107349 3.85079279413729 3.79564003542769 3.76020769582439 3.73237894509859 3.7067007589842 3.71531233113514 3.71438306369409 3.70609386592538 3.71166316128742 3.76040839115275 4.14523627532832 5.02947645760542 5.81815201406624 15.1073412961287 -9999 -9999 -9999 -9999 -9999 -9999 -9999 -9999 -9999 -9999 -9999 -9999
-9999 -9999 -9999 -9999 -9999 -9999 -9999 -9999 -9999 -9999 -9999 15.9815977871461 21.0265615817324 18.5782888851958 14.7634252147281 8.98042538103931 6.54140029259693 8.51206617837012 11.8635880293777 14.3971862846789 14.5261059933615 12.8371406371968 10.482756099512 8.06119270640549 7.19976509341357 6.32963367254344 5.45540121689467 4.72155334078224 3.97987293890576 3.80570484605661 3.91703547194941 3.94404221306682 3.89485683551279 3.82442479294217 3.7872829377425 3.76937448499152 3.73661938501551 3.73037409490974 3.76113095442327 3.76676304218595 3.75634581296397 3.85767862681801 4.00542253579779 4.40714668326139 6.10589743889425 8.64110606389608 15.2554292113225 -9999 -9999 -9999 -9999 -9999 -9999 -9999 -9999 -9999 -9999 -9999 -9999
-9999 -9999 -9999 -9999 21.6160289982678 20.8905213950825 19.1091700906076 17.60269327104 18.7548587122589 19.8223896115624 19.5647605036729 24.3774224601016 19.4103332599934 7.94414046100174 7.8208390197448 7.10347339769513 6.45148698283825 9.0078857897403 13.5950058554488 23.0992215544401 25.0478590248308 16.9167839377321 11.4566391936503 5.78516347057206 5.66149849436405 5.40709313029696 4.79821715356375 3.86381275334369 3.62510308589976 3.66623991981385 3.98099058354873 3.92175842189229 3.86947518575931 3.82760407133248 3.79710258761102 3.76541135314059 3.75804090733914 3.78706752075083 3.88674189416691 3.91705049405482 4.00466842610589 4.24550882898208 4.91034815723313 6.21945854699927 8.34487014508678 9.6491193815402 9.47245942184458 -9999 -9999 -9999 -9999 -9999 -9999 -9999 -9999 -9999 -9999 -9999 -9999
-9999 -9999 20.2001655185713 20.0587173739715 27.274765975953 27.0270514576383 25.3505544489691 18.9476524131716 18.7209387982289 19.0241750181622 26.4386055442713 24.9610612997355 22.4614430468859 20.8885084329567 21.3463822060453 15.5733270061421 8.40853382784103 8.36908577901784 10.0936535250191 10.2106757262121 8.64212756706439 6.83223426229854 5.03593295851335 4.95750555055596 4.93337103599415 4.73569515082114 3.90212753453428 3.59712011823977 3.59014847929291 3.78182120065524 4.01608222180119 3.87936303598643 3.85326573313092 3.8147691844648 3.77900455588969 3.77138834844363 3.77555788402297 3.86186769113439 4.18643289722196 4.99084861573797 6.15936111207084 7.62855607041624 8.19017250350979 8.85457018186161 8.55442851564407 9.35183191535175 -9999 -9999 -9999 -9999 -9999 -9999 -9999 -9999 -9999 -9999 -9999 -9999 -9999
-9999 20.5622283033148 20.5527643769025 25.1040116548769 25.3844443187883 16.4902462765418 14.1612190527997 13.716114069315 17.8979677751027 25.6467603235676 25.094487640043 18.5463819332916 24.0915217498188 10.2186975305044 6.73657349500758 6.81670140529809 5.8605113469191 4.77750167019469 4.74782700315534 4.96030567100556 4.93100054775945 4.73154904972625 4.61310275293986 4.61957728037428 4.50022064399966 3.96409972821865 3.62938859213292 3.60239717356303 3.65654675607293 4.00207260628996 3.96741360467349 3.88800375102188 3.86158587643678 3.81286227840325 3.796253838655 3.84224491571331 3.86918706177743 4.05378770639609 6.44743702321802 8.69506546655141 10.2196289010402 16.4506780508753 11.2947008972626 8.65507662193323 8.88521527691085 10.3650428814699 -9999 -9999 -9999 -9999 -9999 -9999 -9999 -9999 -9999 -9999 -9999 -9999 -9999
19.9937017017298 20.8419098619554 19.5027192083036 18.1059638466967 16.8472616338655 14.7762240485428 13.9325826083637 13.5960874470388 14.2013881626829 24.455597496688 27.2007971288831 26.8868651698934 21.3947834296966 6.14448021444546 4.24964591681372 4.17460749583825 4.23926564197106 4.24542470519174 4.21430190719027 4.26105971250902 4.2745044968566 4.2645989205451 4.3162479233874 4.38534660388127 4.26778060247227 3.65906866713022 3.62749760950312 3.64348143010816 3.91123693925872 4.04531223452022 4.02068499490075 3.9710369364999 3.93346965527483 3.89751574817147 3.8723146641251 3.93702989425849 4.12549722881131 5.38111089676894 8.79763640233386 9.48255427668433 11.9005424087017 11.1619655738043 10.4438788906946 9.83689569924386 8.76428732830969 9.17487151354782 -9999 -9999 -9999 -9999 -9999 -9999 -9999 -9999 -9999 -9999 -9999 -9999 -9999
21.063245563159 21.0366564365722 26.4340388242247 18.2079639424733 16.8852976047795 16.1737906038422 14.9398748649479 14.0218139145365 9.11466291503931 7.80960248489341 10.6973318532783 8.14291295987013 6.03326856362756 4.22484742519251 3.89396752687215 3.91671099447241 4.00605646864636 4.00701187455084 3.95446154538356 3.91780159932564 3.92493109055621 3.9381775831123 3.99025020932734 4.11812437947299 3.81181283411887 3.62282182897124 3.61642751957974 3.65161590019109 4.05706252537684 4.10294604416037 4.09294132195312 4.04979483077644 4.04336236523718 3.99116956217881 3.95966520269976 4.44740592577706 6.47855681679841 7.88903937833477 9.100361870683 11.046445583153 -9999 -9999 -9999 -9999 9.98474326075102 -9999 -9999 -9999 -9999 -9999 -9999 -9999 -9999 -9999 -9999 -9999 -9999 -9999 -9999
21.2678165947181 20.4379354031004 21.2451933039612 25.8847405175725 18.3887700032638 25.3930069188756 24.2494641661657 24.6280212226563 6.69072602927705 5.65419775113173 5.38156155993142 4.73667759651537 4.23011417535146 3.85895460445207 3.76399897478935 3.75063440848469 3.7767966068356 3.80961720319122 3.79689197769308 3.78135130919782 3.72606305109737 3.73454633446806 3.77486386275274 3.74952607754708 3.64559353812969 3.62688140273894 3.63549597931097 3.95706938288383 4.15565560764506 4.23989957481963 4.19312674739546 4.21671445732012 4.20744882269935 4.09669985272827 4.26600799403315 8.2193153880174 8.80914333508274 8.67992318429178 10.9288525419542 -9999 -9999 -9999 -9999 -9999 -9999 -9999 -9999 -9999 -9999 -9999 -9999 -9999 -9999 -9999 -9999 -9999 -9999 -9999 -9999
20.8652241695614 20.9462834503878 27.5306525196141 26.369383682513 25.6365152476737 24.4787916274508 15.3689662840589 9.88454581762434 7.6396724284243 6.54778769181994 5.50024821040447 4.38866348475718 4.08529206587514 3.82604417590605 3.67337872474978 3.6465246082234 3.6604717317761 3.70264539140602 3.71305751311216 3.69645778618505 3.6686485641963 3.67299145487215 3.69432464721593 3.66225635789955 3.63852263311024 3.65771096924269 3.87263613718101 4.0788746224413 4.28384223758337 4.32330230409089 4.32779391361036 4.33417830841229 4.33449076820495 4.94020308953748 7.14253087177749 9.07281132934952 8.71204044567182 8.88746859272329 -9999 -9999 -9999 -9999 -9999 -9999 -9999 -9999 -9999 -9999 -9999 -9999 -9999 -9999 -9999 -9999 -9999 -9999 -9999 -9999 -9999
-9999 20.0679709909079 20.298380043783 27.6652806283549 22.2126769811921 9.04030349322866 8.95626983552991 8.72294649420405 7.85770326643638 6.97175957740507 5.31437369124651 3.98472808337631 3.81650934515622 3.68876676865401 3.63449640841657 3.62386646618189 3.64450653858177 3.67062186796378 3.6751549384942 3.66453190642801 3.66065650367272 3.6651700454661 3.66420111966675 3.65454761428413 3.66321446778301 3.74636362391484 4.0009159041729 4.25311602316489 4.40266408700517 4.42916608538059 4.40763339947688 4.50207737622912 5.11069497274916 8.68839565174657 8.9486986944001 8.43410145125956 8.32161592590235 -9999 -9999 -9999 -9999 -9999 -9999 -9999 -9999 -9999 -9999 -9999 -9999 -9999 -9999 -9999 -9999 -9999 -9999 -9999 -9999 -9999 -9999
-9999 19.8496397107875 25.0418501826643 24.1111406194924 11.0791637287497 9.66146755219239 9.22375344457243 8.96561358509885 7.9173710691499 6.54392701072795 4.39892959159868 3.78067471356987 3.67694587390193 3.62455147418887 3.59496892269994 3.59673516176637 3.6451389692198 3.66305012594975 3.65644310354556 3.64966482913962 3.65073981100321 3.69034048441742 3.6820398698486 3.67186359519749 3.76801378268291 3.96716423772358 4.34846433066318 4.56648315099093 4.69384056071027 4.72138809762266 4.87415990528528 5.17479730098156 8.17388854123853 10.300237518704 8.45170735880745 9.25376761119419 10.0300799748974 -9999 -9999 -9999 -9999 -9999 -9999 -9999 -9999 -9999 -9999 -9999 -9999 -9999 -9999 -9999 -9999 -9999 -9999 -9999 -9999 -9999 -9999
18.2120199109357 25.0999556864145 23.464258716056 13.0932074461229 10.2631028741149 10.2043964861481 9.95418829833428 9.09011679478909 7.33853930324929 5.8498156078627 4.0949542840789 3.72067402100033 3.66572916822969 3.6242888877862 3.58888034319787 3.59397076388345 3.61514252868243 3.65231412765083 3.63931339673936 3.62921073040479 3.65858285224105 3.88569936005102 3.79331581527768 3.83493245523876 4.02461177325656 4.33944806299232 4.8374939503852 5.19947561575945 5.42979153158098 5.67502439808088 5.89902201636431 6.44817010196233 10.9159335312962 10.3990228839216 9.92964217808406 10.1011345335165 11.6586264230778 -9999 -9999 -9999 -9999 -9999 -9999 -9999 -9999 -9999 -9999 -9999 -9999 -9999 -9999 -9999 -9999 -9999 -9999 -9999 -9999 -9999 -9999
15.1419822712187 13.8774214372751 12.5220069097738 20.2715505635095 21.8959208663842 13.2222473316489 10.4422865475205 7.89754189000039 6.76781947427347 5.8500319261807 4.03520235757505 3.71013421139815 3.6598293865485 3.64994243764771 3.64918652530316 3.60106260971785 3.57940397848233 3.59565588358063 3.60710900714791 3.61057460686745 3.71275827277227 3.92371430001749 3.85868841274409 4.08853383622398 4.45537965933203 5.02787810558913 5.6268184618 6.10253549170209 6.74838086986479 7.11041361039746 7.59178195635716 9.06746345982132 11.4417673092881 11.7250541732286 12.2416042900733 12.1830781673714 10.7162897503137 -9999 -9999 -9999 -9999 -9999 -9999 -9999 -9999 -9999 -9999 -9999 -9999 -9999 -9999 -9999 -9999 -9999 -9999 -9999 -9999 -9999 -9999
18.971627693416 9.49147740730161 21.3703574862897 24.3215702721639 18.1371196933301 10.4431277854238 9.37457538295202 7.00255489350847 5.94678329832488 5.06368479605941 3.81069458859168 3.68591377039335 3.64588676962742 3.64078946881756 3.64316266103123 3.59109607370257 3.57532397465126 3.57470500381969 3.58133618176939 3.60661387855339 3.8718129258042 4.06482594945598 4.08804111116632 4.61085845039066 5.30277061702296 6.02095344160728 6.77935645123318 7.47965696152995 8.24193867877434 9.16231303341979 10.0363592149614 10.6435226716771 12.2958040464152 13.0247066454246 14.0481326432259 11.3614290895218 -9999 -9999 -9999 -9999 -9999 -9999 -9999 -9999 -9999 -9999 -9999 -9999 -9999 -9999 -9999 -9999 -9999 -9999 -9999 -9999 -9999 -9999 -9999
21.2294200932741 18.3812589505557 21.554077835531 9.80934515791038 5.40632099407856 10.025663475905 9.42237572238666 6.30659276725593 4.75351737668703 3.97727711908983 3.73704360927246 3.67558667380386 3.65599183949885 3.63682243121923 3.6292434785946 3.59493064637534 3.5996851427396 3.58065928569933 3.57432088858419 3.6135931487298 4.14352375531086 4.34479593252052 4.52635009416076 5.50986836671307 6.74180118769245 7.52198925459306 8.14808056413333 8.62040560263243 9.62015676229758 10.8912672342027 11.6440850250348 11.4017183762483 12.1861126326655 -9999 -9999 -9999 -9999 -9999 -9999 -9999 -9999 -9999 -9999 -9999 -9999 -9999 -9999 -9999 -9999 -9999 -9999 -9999 -9999 -9999 -9999 -9999 -9999 -9999 -9999
7.31609627775734 6.30181874215464 5.67628925935693 5.1223701530787 5.34973272297538 7.10046897661187 5.81629528183679 4.68693339663985 3.97448901632456 3.77274814942591 3.69945409533138 3.66380213254689 3.64933013663094 3.63920163227506 3.60515793609644 3.60445790598404 3.60188161490515 3.59792917879328 3.59701186894814 3.82822057853876 4.86571748204133 5.05541662923828 5.69304491573827 7.22064581994222 8.24404177353262 8.6992115676463 9.39353327998738 9.99760218298737 11.2884216571986 12.4935550421153 13.3249384442747 13.192263209238 -9999 -9999 -9999 -9999 -9999 -9999 -9999 -9999 -9999 -9999 -9999 -9999 -9999 -9999 -9999 -9999 -9999 -9999 -9999 -9999 -9999 -9999 -9999 -9999 -9999 -9999 -9999
4.65722568096859 4.76607285239397 5.21603298034929 5.63095855405273 5.96914520444757 5.23661326476961 4.43303577973583 4.10212283278356 3.79998322654565 3.70718567254704 3.67179960102842 3.65842301703942 3.65616038752162 3.58535886124619 3.59171834939733 3.59481686894892 3.5977079332247 3.60314257043379 3.65379080061326 4.95330837430265 6.06070794138096 6.26579873778745 7.09968782713022 8.76777245676627 9.62370197917583 10.0864429144193 10.8202126755836 11.3526561799587 12.5012764042993 14.0521585674774 14.2092297017102 15.613195673917 -9999 -9999 -9999 -9999 -9999 -9999 -9999 -9999 -9999 -9999 -9999 -9999 -9999 -9999 -9999 -9999 -9999 -9999 -9999 -9999 -9999 -9999 -9999 -9999 -9999 -9999 -9999
4.56283277937477 5.13680940080484 5.65867433854579 5.49947306976499 4.83296628781273 4.17268767076605 3.97061631754824 3.80670682048787 3.6915449568297 3.65588968918202 3.6428366813437 3.64406669133518 3.63521596726601 3.60149164104854 3.59751910535962 3.59574559559417 3.59828625423902 3.62410772119488 3.97796212709681 5.70787173378415 8.5491106903267 9.08245552102678 10.2408701580988 11.1932115530702 12.2197321045871 12.6252989066162 12.2477032648723 12.6855976377572 13.5629787267013 14.5008688562621 14.5070880079045 13.9637384549971 -9999 -9999 -9999 -9999 -9999 -9999 -9999 -9999 -9999 -9999 -9999 -9999 -9999 -9999 -9999 -9999 -9999 -9999 -9999 -9999 -9999 -9999 -9999 -9999 -9999 -9999 -9999
