raw_data/Abundance/Mycteroperca prionura Grid_Abundancia_promedio.asc
NCOLS 96 
NROWS 96 
XLLCORNER 0 
YLLCORNER 0 
CELLSIZE 0.0104166666666667 
NODATA_value -9999 
[rows 50 to 74 of 96, columns 0 to 56 of 96]
0.0105123108203926 0.0104238502567061 0.0115034121652453 0.0116859985108569 0.0101712542875423 0.00694213186610688 0.00336009753310378 -9999 -9999 -9999 -9999 -9999 -9999 -9999 -9999 -9999 -9999 -9999 -9999 -9999 -9999 -9999 -9999 -9999 -9999 -9999 -9999 -9999 -9999 0.00915193080045589 0.0101020242811789 0.0437778486228012 0.0126689918369463 0.0434096094373021 0.0425076443243663 0.0175939375674096 0.0158485306051755 0.0139540088619679 0.0112344962095965 0.00994667256269524 0.0101965138844587 0.0107689607989381 0.00973440878943087 0.00914293921554533 0.00931180429863444 0.00998684883515689 0.0117736274828755 0.0120715971724261 0.0116148974232404 0.01210605625217 0.0126048553295496 0.0122224271112148 0.0105208346349899 0.0079287634057439 0.0048230959648753 0.0235452233396584 -9999
0.0114915100094967 0.0118109451589783 0.0122014294215971 0.0358424371051148 0.00981205866143307 0.00681643678548431 -9999 -9999 -9999 -9999 -9999 -9999 -9999 -9999 -9999 -9999 -9999 -9999 -9999 -9999 -9999 -9999 -9999 -9999 -9999 -9999 -9999 -9999 -9999 0.00973742330922748 0.0109353311070231 0.0194530127157675 0.0196282186853253 0.0441694243494843 0.042866112307766 0.0165242508099282 0.0142090476316566 0.0116195231518939 0.0103405351664654 0.00987318064903319 0.00916570403745762 0.00916232569630625 0.00908140143211119 0.00890016642296014 0.00923867620632715 0.010278113816884 0.0115679644684761 0.0116184836623088 0.0117105304650638 0.0120200904634875 0.012242489260206 0.0120026790129382 0.011106638990637 0.00776150953151159 -9999 -9999 -9999
0.0122189448211049 0.0123871342359638 0.0123739846927131 0.0121619807918449 0.00622553373342261 0.0100823259535425 -9999 -9999 -9999 -9999 -9999 -9999 -9999 -9999 -9999 -9999 -9999 -9999 -9999 -9999 -9999 -9999 -9999 -9999 -9999 -9999 -9999 -9999 -9999 0.00948888134944534 0.0112256085736444 0.0197425625396793 0.0424226140763103 0.0433316996929037 0.0174359351504841 0.0149103912546804 0.012285835975902 0.0100791555103081 0.00980982375882524 0.00876591634305273 0.0076091203583453 0.00758204165465511 0.00776733067318779 0.00822917589581934 0.00942287376079555 0.0104588810557218 0.0112914082643772 0.0114824664501068 0.0112030516496491 0.0113030505477296 0.0111797670829443 0.0111191128656575 0.0114176542744798 0.00549383181706777 -9999 -9999 -9999
0.0125260100445246 0.0126473704535776 0.0125878596748342 0.0119911406785443 0.00973908649256353 -9999 -9999 -9999 -9999 -9999 -9999 -9999 -9999 -9999 -9999 -9999 -9999 -9999 -9999 -9999 -9999 -9999 -9999 -9999 -9999 -9999 -9999 -9999 0.0126474744025361 0.0146576913365581 0.0208684337092319 0.0435727573276735 0.0428742723010085 0.0182540134539076 0.0158798712161643 0.0125842734357659 0.0104385070598551 0.00916934225100524 0.00794700644796128 0.00704012974673616 0.0064484106953502 0.0063569512042108 0.00669799214471737 0.00679654615227465 0.00935296808620187 0.0104266049041064 0.0112282592720863 0.0109246763387765 0.010703940725394 0.0110559118988873 0.0113767503593087 0.0130055265901017 0.0384172528072492 -9999 -9999 -9999 -9999
0.0128921702508536 0.0130007449380106 0.0126006973712094 0.011558037342939 -9999 -9999 -9999 -9999 -9999 -9999 -9999 -9999 -9999 -9999 -9999 -9999 -9999 -9999 -9999 -9999 -9999 -9999 -9999 -9999 -9999 -9999 0.0152937550136417 0.0161594939145391 0.0408079229293945 0.0437863724373985 0.0420125874094929 0.0183461122311418 0.0184299470661749 0.0178067730599458 0.0147627837336053 0.0103083109893293 0.00938233366697914 0.0076409287396474 0.00755423530825539 0.0065815017443703 0.00593035507340783 0.00597983477765555 0.00592890498543671 0.00761452570418748 0.00985566524952533 0.0106137130294129 0.0105681314111091 0.0103706803644315 0.0111504534766463 0.0114561673636054 0.0124952411528075 0.0387108566405427 -9999 -9999 -9999 -9999 -9999
0.0130248091219042 0.0130599438698784 0.0125232553971242 -9999 -9999 -9999 -9999 -9999 -9999 -9999 -9999 -9999 -9999 -9999 -9999 -9999 -9999 -9999 -9999 -9999 0.00955478498913663 0.010653161659165 0.042620065122988 0.0122367720674883 0.0117459770599135 0.0128976795456543 0.0397371447078488 0.0414454418918972 0.0401020055521965 0.0168188421583275 0.0169135916340035 0.0173501252852394 0.0165710278412549 0.0160210858762915 0.0130136865833443 0.00995129829134865 0.00830765735948956 0.00737923723661456 0.00759555501926058 0.00667205687957072 0.00596750643117702 0.00591279289686865 0.00612304525778598 0.00871139511431759 0.00971985593524037 0.00997759737785007 0.0106200019414024 0.0345686985420908 0.0113268548592269 0.0116844392764794 0.0374157045920669 0.0256142234097142 -9999 -9999 -9999 -9999 -9999
0.0127012679885617 0.0124048575333886 0.0110400596827155 -9999 -9999 -9999 -9999 -9999 -9999 -9999 -9999 -9999 -9999 -9999 -9999 -9999 -9999 -9999 -9999 0.0113202021258827 0.0353548645152536 0.0384366912624894 0.0406716458447963 0.0132504823108155 0.0167380738175702 0.0146626289120871 0.0154458323399325 0.0161783606505075 0.0166364117361536 0.0176542279633417 0.0168740910297721 0.0162306469766348 0.0150355458007188 0.0137404977012015 0.0109079925309366 0.0098534303469175 0.00904465547528016 0.00784934640144714 0.00726063147496194 0.00677588109932413 0.00639133232223587 0.00622333521295026 0.00664443244384839 0.0082801108854861 0.00897246292359941 0.0096086305496415 0.00956403644644345 0.0104481223385167 0.0347031565199152 0.0349647440739895 -9999 -9999 -9999 -9999 -9999 -9999 -9999
0.0124327678287469 0.0116886492092988 -9999 -9999 -9999 -9999 -9999 -9999 -9999 -9999 -9999 -9999 -9999 -9999 -9999 -9999 -9999 0.0100853924478183 0.0362990848798211 0.0431648616145054 0.0434732781743856 0.0426790041824595 0.0402019524757977 0.0372331702209346 0.0408276732315102 0.0184846761928271 0.0182527140919263 0.0182837428560396 0.0178892045840391 0.0182930462878257 0.0169394749246709 0.0147191251710338 0.0129485105863625 0.0117425467442829 0.00988752560530669 0.00961258061006464 0.0085102538796131 0.00719576732485569 0.00710597101705234 0.00684514229037508 0.00650837884951094 0.00663016544929377 0.00708334132878611 0.00786109263375805 0.00914990379576507 0.0100939682368949 0.0105807612095673 0.0339670939447511 0.0356613060449222 -9999 -9999 -9999 -9999 -9999 -9999 -9999 -9999
0.0122551190586642 0.0122325621346689 -9999 -9999 -9999 -9999 -9999 -9999 -9999 -9999 -9999 -9999 -9999 -9999 -9999 -9999 0.00979313995098541 0.0106623611419926 0.0436315924381866 0.0417133703324402 0.0182776618419671 0.0195995287727783 0.0194594055767154 0.0409841683885374 0.042787474920658 0.0191119561829171 0.0187472512620072 0.0189978722009594 0.0183210085576631 0.0178067210854665 0.0159154217599726 0.0139772934286728 0.0117336071338516 0.0106587749029242 0.00973799502849925 0.00881087426760554 0.00754794639626592 0.00693910695141442 0.00699820713177165 0.0067010326517536 0.00633247642193113 0.00633885369053532 0.0065014766386663 0.00772684255385064 0.00856472313386899 0.00983866959480999 0.0098949579558397 0.0314801151125522 -9999 -9999 -9999 -9999 -9999 -9999 -9999 -9999 -9999
0.0118191051522208 -9999 -9999 -9999 -9999 -9999 -9999 -9999 -9999 -9999 -9999 -9999 -9999 -9999 -9999 0.00985363824483452 0.0357075113569771 0.0398630268965967 0.0426758857137044 0.0427707391383389 0.0419711117750499 0.0203524830536992 0.0200447941365285 0.0437963515374148 0.0439854346929329 0.0195225025945271 0.0187397669369949 0.0181239213323403 0.0168923860464688 0.0144336813309829 0.0128620770273668 0.0119179606117577 0.0109862660966899 0.0102716689814568 0.00978648721764118 0.00858275827816937 0.00770090728870399 0.00720086082382237 0.00698920515196524 0.00669599112726618 0.00639607759219156 0.00609464120487486 0.00594094747227935 0.00728329234791573 0.0082569302677398 0.00879881618841912 0.00833172154338315 0.0221247088472273 -9999 -9999 -9999 -9999 -9999 -9999 -9999 -9999 -9999
-9999 -9999 -9999 -9999 -9999 -9999 -9999 -9999 -9999 -9999 -9999 -9999 -9999 0.0100669415076839 0.0381642410422514 0.036553344032321 0.0378492237235062 0.0149921471105435 0.0178575521261748 0.0198315428481584 0.0200135574744982 0.0205590296342459 0.0208155756638328 0.0201065398178797 0.0191678287481128 0.0181242851536951 0.017502982228719 0.0172379123845348 0.0143983386850916 0.0114213444625067 0.0112382903465819 0.0109908918253433 0.0104829972140946 0.00996023790177997 0.00889522884743122 0.00830074475374907 0.00767819444127095 0.00697781234611324 0.0070184044144089 0.0065909143225628 0.00608143968714491 0.00602102455246261 0.00623435380255164 0.00696108695869001 0.00789617540725302 0.00834014140902194 0.0285589414806838 -9999 -9999 -9999 -9999 -9999 -9999 -9999 -9999 -9999 -9999
-9999 -9999 -9999 -9999 -9999 -9999 -9999 -9999 -9999 -9999 -9999 0.0169183213116154 0.0415734550342943 0.0385704735720835 0.0389457812867608 0.0147240627465627 0.0120968047948632 0.015028997016333 0.0175294372386581 0.0183641473754421 0.0197977074621654 0.0205167743826142 0.0197834144803712 0.0189916872379284 0.0180321863764609 0.0169313149314284 0.01556895988128 0.0138090520393347 0.0111960350949501 0.0101462025885429 0.0106690138753368 0.0106135571059752 0.0101653291969076 0.00902376173462094 0.00847610664674466 0.00816425977123383 0.00742034904970274 0.007125445854428 0.00762039882034294 0.0073184790703692 0.00665091885885901 0.0068592221768044 0.00702377337811561 0.00740938243458061 0.00926014166625815 0.00995654771375309 0.0301156291087546 -9999 -9999 -9999 -9999 -9999 -9999 -9999 -9999 -9999 -9999
-9999 -9999 -9999 -9999 0.0104852840911817 0.0115207716413154 0.0144529638627853 0.0118719631976199 0.0114061159400859 0.0102549331991377 0.0118064753537626 0.039232940284627 0.0404267420985618 0.0157015467778514 0.0162536716709433 0.0159539868235774 0.0148529594551072 0.0163899487555416 0.0175584389980807 0.0394693202162643 0.0419708519026536 0.0201625163320339 0.0197353900615425 0.0173245538414475 0.0169354728897685 0.016324408937205 0.0146048852656383 0.0105350236678257 0.00730475780784672 0.00822688901873226 0.0107220278441737 0.0102714610835398 0.00956034625841658 0.00888961560367203 0.00838270850752917 0.00781140503159332 0.00770049149286997 0.00817226384103861 0.00878005340140922 0.00809466594351566 0.00823520493541255 0.00840656479350575 0.00837626367210195 0.00877740270296738 0.00889554069430673 0.00928794801265786 0.00782195585088144 -9999 -9999 -9999 -9999 -9999 -9999 -9999 -9999 -9999 -9999
-9999 -9999 0.00890058221879416 0.00930660685070926 0.0357081870252074 0.0391925041397691 0.0428794177744545 0.0200926626319194 0.0156936466570051 0.0117595943734775 0.0391268083979949 0.043440950048291 0.0419709558516122 0.0420841562674226 0.0416698676933064 0.0407898877850941 0.0167905680416145 0.0163849072310541 0.0171023629426461 0.017546952638166 0.0176582299982441 0.017984733676904 0.0164703013004649 0.0160589752716661 0.0157203095648613 0.015048383497094 0.0115272164767426 0.00613545676343131 0.00557334237542718 0.00930541143768647 0.0102781657913633 0.00952916157086549 0.00914912417857629 0.00843977648574765 0.00769856843713765 0.00753796729624957 0.00739805199810371 0.00826488236306533 0.00923566168653055 0.00974755833268158 0.00904652655653323 0.00902194262784712 0.00804820075906455 0.0075372916280193 0.00743277095024392 0.00803359593039479 -9999 -9999 -9999 -9999 -9999 -9999 -9999 -9999 -9999 -9999 -9999
-9999 0.00892313914278944 0.0093740697247781 0.0313813116274946 0.0426975590715524 0.0196511914051546 0.0190223002062078 0.0184659653802964 0.0195137708820128 0.0435971853329219 0.0434113765695967 0.0162629231282501 0.0430229193116687 0.0179161793387708 0.0169729464893091 0.0162695758615944 0.0154913619837571 0.0143216763281952 0.0146187624515985 0.015372860171063 0.0149042582661287 0.0152049826030797 0.0152682355443291 0.0150747345580746 0.0144862795039857 0.01217830077833 0.00735501712928322 0.00623518539421967 0.00772455567676356 0.00962484658716807 0.00924018346622545 0.00943690687019354 0.00902745192264781 0.00794674657556502 0.00758547197028572 0.00796405407715588 0.00777647818153611 0.00866196738454912 0.01002692115866 0.0091032826878762 0.00620068473489232 0.0217707106690432 0.00818671274627061 0.00657667851269573 0.00718802312744717 0.0078696684228346 -9999 -9999 -9999 -9999 -9999 -9999 -9999 -9999 -9999 -9999 -9999
0.008766384113366 0.00994422976217041 0.019093141421428 0.018807281785543 0.0190834741682871 0.019345997262988 0.0189971445582499 0.0190025499040921 0.0197741630230644 0.0436952611752701 0.0441925529927513 0.0446759676242724 0.0433753062809959 0.0170073016200945 0.0141671562013796 0.0137006332756154 0.0136200728327751 0.0136306756265425 0.0134588999726152 0.0135632127524736 0.0134544821418788 0.0138143014617391 0.0142894521510591 0.0142736519093665 0.0136226195822584 0.00873556324716968 0.00706899117506468 0.00728542330156505 0.0095537454995516 0.00934423637368757 0.00941216701806968 0.00960374494859183 0.00938254156489615 0.00890978170162173 0.00828083852819563 0.00847631454466167 0.00902220250024338 0.00972484548524854 0.00930374825435041 0.00776234112317962 0.0032124380375494 0.00386284147345856 0.00507636760226934 0.00405436223205354 0.00383376175231718 0.00518206810072374 -9999 -9999 -9999 -9999 -9999 -9999 -9999 -9999 -9999 -9999 -9999
0.00936357087996924 0.00890234935108872 0.0437343979581467 0.0196111190816515 0.0193578994187367 0.0193988033339078 0.0175489796428568 0.018446682848494 0.0191818618575108 0.0192563412862786 0.0198656900810268 0.0189839950149992 0.0173377033846982 0.0141874262482878 0.0125658224956315 0.0126004894732924 0.0129658180879534 0.0129037605597267 0.0125028814012575 0.0121657229543511 0.0120931665813156 0.0125648349805257 0.0127065174109661 0.0127077128239889 0.0108798743376614 0.00735777177668357 0.00675757049028372 0.00736925813659821 0.00977146659313741 0.00950026376040149 0.00958285120793261 0.00950863165156103 0.00960286138244455 0.00910915580403165 0.00857007650523193 0.00954880792402267 0.0103266060060259 0.00959283030794895 0.00834357172465256 0.00853395424215192 -9999 -9999 -9999 -9999 0.00349605237593065 -9999 -9999 -9999 -9999 -9999 -9999 -9999 -9999 -9999 -9999 -9999 -9999
0.00974615502174178 0.0191320183319083 0.0219491910307939 0.044147906915074 0.0190748464047313 0.0424043190596137 0.0418962685249273 0.0433921979867528 0.0185723051648456 0.0184287516531521 0.0177230421738711 0.0162910413215254 0.0143103978661976 0.011632152950352 0.0111227510792051 0.0109665157945742 0.0112377706017893 0.0115838686591271 0.0113392767597681 0.0114380802448258 0.0106097629689898 0.0106242118742218 0.0109636052237361 0.0102627813455047 0.00801576868401142 0.00731743958078416 0.00732242913079234 0.0094919478437212 0.0100165262628097 0.0104668851255266 0.00984568614950899 0.0104244219759778 0.0102614819835234 0.00882495935148278 0.00858618859379999 0.010335701539895 0.00987396026622197 0.00894730727564153 0.0107484828541128 -9999 -9999 -9999 -9999 -9999 -9999 -9999 -9999 -9999 -9999 -9999 -9999 -9999 -9999 -9999 -9999 -9999 -9999
0.0101287911379936 0.010211846355838 0.0339862205531158 0.0370593675623165 0.0426112814359944 0.0408663942185528 0.0183318192493475 0.0192685033144236 0.0194595095256739 0.0191858638924132 0.0179958042409846 0.0155086694853479 0.013941223140072 0.0120528863598954 0.00994745217988402 0.00904865751018255 0.00939491149095808 0.0101970856037304 0.0104145987993992 0.0102406921918227 0.00968129087163553 0.00960779895797347 0.00986086269745052 0.00872927433518021 0.00765267497195831 0.00793229767033302 0.00935177267317908 0.0096603971309763 0.0106361660044497 0.0105702623647584 0.0104165218551316 0.0107845531427136 0.0101813373365171 0.00993643359028264 0.00971465848731519 0.00947276926087728 0.00946845537909938 0.00921944564900398 -9999 -9999 -9999 -9999 -9999 -9999 -9999 -9999 -9999 -9999 -9999 -9999 -9999 -9999 -9999 -9999 -9999 -9999 -9999
-9999 0.010349526751376 0.0109708296763521 0.0409980975489769 0.0439199988235549 0.0179179464710654 0.0192926194727964 0.0194869000762396 0.0193906433406653 0.0186149242378321 0.017186977394868 0.0134583802278227 0.011723576059356 0.0101529072963664 0.00881321311917187 0.00800293098763622 0.008658641017877 0.0095537454995516 0.0096705321544304 0.00943113770299659 0.00937339405654783 0.00942406917381834 0.00886695473071824 0.00845308195243611 0.00834081707725221 0.00863384919127389 0.00942484879100712 0.0103158992633001 0.010955341281535 0.0104675607937568 0.0099598740804252 0.0106313843523585 0.0111178135036762 0.0105547219954621 0.00892968792717517 0.00866763260278756 0.00900021729551987 -9999 -9999 -9999 -9999 -9999 -9999 -9999 -9999 -9999 -9999 -9999 -9999 -9999 -9999 -9999 -9999 -9999 -9999 -9999 -9999
-9999 0.012243112953957 0.0425717288572838 0.0438902694214228 0.0190915821870504 0.0195494773492588 0.0192813410107987 0.0194603930918212 0.0187370642640738 0.0174209665004596 0.0141350879476812 0.0103985906597897 0.00852532647859612 0.00777356761069801 0.00644612381826312 0.00660514493498195 0.00874356731697445 0.00941694867016084 0.00912843833583407 0.00902511307108148 0.00927209579648606 0.00996902158877352 0.00925011059176255 0.00881529209834194 0.00959184279284317 0.0102168878803254 0.0110611093468125 0.0110183343503882 0.0108841882194393 0.0104967704510964 0.0103183940383042 0.0108326815105008 0.0116613106332123 0.00998175533619021 0.00819196216867504 0.0093610241304859 0.00969599964926379 -9999 -9999 -9999 -9999 -9999 -9999 -9999 -9999 -9999 -9999 -9999 -9999 -9999 -9999 -9999 -9999 -9999 -9999 -9999 -9999
0.0106444299466507 0.0421163804445587 0.0428283268613499 0.0190711562167044 0.0190626324021071 0.0193358622395339 0.0188430922017475 0.0184587409276804 0.0173036601007883 0.0151882987952398 0.0123643174395722 0.00931502671634805 0.00851446381243249 0.00763578326620147 0.00610408496775492 0.00665954142496689 0.00786275581709411 0.00903223357473898 0.00871861956693359 0.00833260510953043 0.0093351408398185 0.0119057985836128 0.010694637293608 0.0104055552400094 0.0111737380433511 0.0115601682965883 0.0120132818067055 0.0122780398040142 0.0122034044518086 0.0119225863404111 0.0114978508959654 0.011615832963867 0.0117356861130216 0.0104471348234109 0.00956460816571522 0.00984667366461477 0.00797424107508923 -9999 -9999 -9999 -9999 -9999 -9999 -9999 -9999 -9999 -9999 -9999 -9999 -9999 -9999 -9999 -9999 -9999 -9999 -9999 -9999
0.00947391269942082 0.0196095598472739 0.0203439592391019 0.0425504193207905 0.0432360666510804 0.0195546228227047 0.0185248524652887 0.0164635446181621 0.0162969664121601 0.0154100738982073 0.0126258530191673 0.0100603927232982 0.00898322164080453 0.00880827554364295 0.00878078104411874 0.0071614641685495 0.00521913629932613 0.00666385530674479 0.00746707410655011 0.00745210545652559 0.00989807642459481 0.011658348087895 0.0108094489182752 0.0115476424470886 0.0120386453525804 0.0126968501578253 0.0128050610236275 0.0130488733057978 0.0131954933117671 0.0130318256766032 0.0130409731849515 0.0123878618786733 0.01201853122911 0.0115463950595866 0.0103697448238049 0.0101157455437014 0.0083878539809751 -9999 -9999 -9999 -9999 -9999 -9999 -9999 -9999 -9999 -9999 -9999 -9999 -9999 -9999 -9999 -9999 -9999 -9999 -9999 -9999
0.0407476325334624 0.0158459838556922 0.0406459704520459 0.0426015102338951 0.042960030191774 0.0190472479562486 0.0182967884503318 0.0159647975152618 0.0151406381977659 0.0142298893978365 0.0109298737867016 0.00942937057070203 0.00819159834732028 0.0083491329939325 0.00837054647938425 0.00632821451463248 0.00444801174045879 0.00422083648909707 0.00552492814800412 0.00727035070258203 0.0108777953584913 0.0119201955143655 0.0113966046103829 0.0123321972113946 0.0132585383550995 0.0134849911611997 0.0132224160920195 0.0133096292682041 0.0136422659354156 0.0139711084656418 0.013676205270367 0.0125561552424906 0.0118672854944872 0.0117323077718703 0.0124270506360292 0.0082095815171414 -9999 -9999 -9999 -9999 -9999 -9999 -9999 -9999 -9999 -9999 -9999 -9999 -9999 -9999 -9999 -9999 -9999 -9999 -9999 -9999 -9999
0.041346534457881 0.0400171832020575 0.0414884767607176 0.0180093695800693 0.0167907759395315 0.0187373761109494 0.0183331705858081 0.016517805974501 0.0140104531464354 0.0113853261483852 0.00946512901242727 0.00872532427475707 0.00846020245609361 0.00784201799987264 0.00732679498704949 0.00655848224750968 0.00699793686447954 0.00542871299201318 0.00408063533131533 0.0073040301651372 0.0116788780071994 0.0121316276959619 0.0122020011408688 0.0129000703716998 0.0135840545186536 0.0137400819053675 0.013754842657475 0.0132840578244122 0.01394761600102 0.0142691301296716 0.0136711117714004 0.0127022555036675 0.0110070558883906 -9999 -9999 -9999 -9999 -9999 -9999 -9999 -9999 -9999 -9999 -9999 -9999 -9999 -9999 -9999 -9999 -9999 -9999 -9999 -9999 -9999 -9999 -9999 -9999
