raw_data/Abundance/Mycteroperca jordaniGrid_precio_Teorico.asc
NCOLS 96 
NROWS 96 
XLLCORNER 0 
YLLCORNER 0 
CELLSIZE 0.0104166666666667 
NODATA_value -9999 
[rows 26 to 51 of 96, columns 0 to 58 of 96]
3.57130697653473 3.57284690758306 3.57323030776634 3.57200339232857 3.57163212700205 3.57156075697921 3.57167984922653 3.57153697999076 3.57153342876504 3.57164839293779 3.57147144455367 3.57117643143424 3.57104422188447 3.57116557045203 3.57098422359544 3.57098307891101 3.57136600439575 3.57137909465841 3.57113029253967 3.57122398240673 3.57324726772335 3.5784015533879 3.59017506841949 3.6157548296992 3.65404617640533 3.73616421522139 3.93094293714381 4.39974378971224 6.11422869855813 6.03053454044179 6.36465320468991 7.42933290838536 7.17957538373407 7.39643449752368 7.13381805063604 -9999 -9999 -9999 -9999 -9999 -9999 -9999 -9999 -9999 -9999 -9999 -9999 -9999 -9999 -9999 -9999 -9999 -9999 -9999 -9999 -9999 -9999 -9999 -9999
3.57103265786772 3.57229787066104 3.57188442626693 3.57155009128437 3.57183763240856 3.57198339490184 3.57191219012216 3.57188071881132 3.5715870606858 3.57140232484223 3.57130954531476 3.57117894613469 3.57105293470562 3.57111783320543 3.5710206131436 3.57107733360923 3.57101902680927 3.5725000621911 3.57389149672297 3.57611476832458 3.58100605598076 3.58775876276328 3.59921474053059 3.64303827799838 3.72924052683502 3.89604959068284 4.30240655545683 5.99878081401283 6.63550476976676 6.72107068221797 7.08439532381644 7.81137509333253 8.3237791090823 14.909169681477 -9999 -9999 -9999 -9999 -9999 -9999 -9999 -9999 -9999 -9999 -9999 -9999 -9999 -9999 -9999 -9999 -9999 -9999 -9999 -9999 -9999 -9999 -9999 -9999 -9999
3.57092314371482 3.57147091577556 3.57161918395602 3.57157476058588 3.57162967539444 3.57193367173291 3.57195232017457 3.57188491899199 3.57182807234068 3.57173550312268 3.57152173255376 3.57142498719046 3.57119095180134 3.571230462943 3.57121893497931 3.57124694219265 3.57350875450791 3.58058588769227 3.58214947855663 3.58948954966093 3.64092046157679 3.64067319772164 3.62281551968697 3.74607399772241 4.00436497957648 4.33060004290213 6.06166334728544 6.55412401588453 6.77415880275915 6.94571124661322 7.19634005337865 7.4963014543312 6.89030972183793 -9999 -9999 -9999 -9999 -9999 -9999 -9999 -9999 -9999 -9999 -9999 -9999 -9999 -9999 -9999 -9999 -9999 -9999 -9999 -9999 -9999 -9999 -9999 -9999 -9999 -9999
3.57111432704603 3.57119079857586 3.57140328024813 3.57147132437683 3.57151410132421 3.57178120938062 3.57179657098562 3.5716918008136 3.57170365025035 3.57169245878182 3.57160029816509 3.57165001232075 3.5715110788766 3.57160854530096 3.57264087940728 3.57541624042273 3.58477561298129 3.59690187709228 3.67988870435298 3.82829538862374 3.86709868868245 3.72082003586497 3.71324258545089 3.90709985142707 4.62429722589608 6.34161830824456 6.87123164795923 6.88357981861143 6.76902124270677 7.02271455897714 7.41821655037731 7.9320326440362 9.69469644937323 -9999 -9999 -9999 -9999 -9999 -9999 -9999 -9999 -9999 -9999 -9999 -9999 -9999 -9999 -9999 -9999 -9999 -9999 -9999 -9999 -9999 -9999 -9999 -9999 17.4915597351703 16.7099295461497
3.57127570351568 3.57119775681509 3.57139557390806 3.57141747313333 3.57154283260303 3.57174229010991 3.57177751694711 3.57172383695561 3.57160648727252 3.57154523914432 3.57164805343821 3.57179330818432 3.5722121485187 3.57399523938298 3.58610630112328 3.60087032676852 3.61968341070767 3.84526646199674 4.01120604638306 4.04511694714981 4.04172495574681 4.11374994237577 4.37594877473283 4.44274606867692 5.89106931375693 6.86128701417365 7.22043551046639 6.97719757956577 6.9019969198518 7.08673877226138 7.65845006019467 8.28457141394578 9.17168682719956 -9999 -9999 -9999 -9999 -9999 -9999 -9999 -9999 -9999 -9999 -9999 -9999 -9999 -9999 -9999 -9999 -9999 -9999 -9999 -9999 -9999 -9999 -9999 -9999 17.6891605098162 17.5567857168878
3.57145682203626 3.57145604689562 3.57143384722824 3.57158855087865 3.5717547434353 3.57179046600198 3.57171813756882 3.5716105883073 3.57159299441744 3.57162836546685 3.57185296997819 3.57358044900822 3.57576382189785 3.58603449545939 3.60353074163775 3.62580762264378 3.74685034013033 4.0834323292246 4.15695652197411 4.32164386365293 4.58937984406645 5.01926443034343 5.39329983310372 5.51891167417368 7.02595933374706 7.02319526635046 7.20517305136343 6.99618552081196 7.18378157325063 7.2307707189928 8.20720757105186 8.74541956390682 10.0356081096906 -9999 -9999 -9999 -9999 -9999 -9999 -9999 -9999 -9999 -9999 -9999 -9999 -9999 -9999 -9999 -9999 -9999 -9999 -9999 -9999 -9999 -9999 -9999 18.1003756234818 24.7528248744548 23.8397212188308
3.57159949898908 3.57157042220184 3.57146132265904 3.57163272488184 3.57177297726685 3.57172118104738 3.57157981402214 3.57158402021166 3.57160408674008 3.57179416744875 3.57406013487838 3.58127987891829 3.59057802137518 3.60685303047161 3.62935313996414 3.68426314145021 3.81461716075798 4.17399759835835 4.40657584325557 4.62414099599975 5.20148557346415 5.77691333027743 6.11208354190468 6.68225356182226 7.07282830264589 7.10461507770677 7.22431121366379 7.16037713301205 7.49819423961365 7.49579070274704 8.58564445069912 9.22961206568479 10.6213800882935 -9999 -9999 -9999 -9999 -9999 -9999 -9999 -9999 -9999 -9999 -9999 -9999 -9999 -9999 -9999 -9999 -9999 -9999 -9999 -9999 -9999 -9999 18.809569220185 18.5251406762329 17.3960792331443 13.6041993839636
3.57163055568982 3.5716179130859 3.57155293046229 3.57162680016347 3.57170425413899 3.57167309829236 3.57156418502367 3.57158718386706 3.57185284379251 3.57456211355297 3.58397069852888 3.59933548821393 3.61626227642016 3.64343726511824 3.7219686260451 3.80842775288436 3.86813491351407 4.60711494172092 5.07271909025677 5.35187187078666 6.62036248750714 6.96355750784777 6.72407510330122 6.88598335547803 7.04185272127749 7.15851439194043 7.26270771510784 7.26952775096684 7.58403054996235 8.1066495973952 9.02456032675238 9.4757041966145 13.1726743837751 17.2027447364366 15.0892246369967 -9999 -9999 -9999 -9999 -9999 -9999 -9999 -9999 -9999 -9999 -9999 -9999 -9999 -9999 -9999 -9999 -9999 -9999 -9999 18.4207971320114 17.3195265839429 24.824390184658 17.4315314019268 5.95448362956127
3.57166169651435 3.57169229353866 3.57170816889966 3.57173544603868 3.57164703794388 3.57176490739182 3.57179799207679 3.57197023854191 3.57786691665613 3.59994099923905 3.63399977761151 3.67973157313033 3.69170178761025 3.75234001833366 3.90557660993786 4.14354779067953 4.9800387086804 6.4937411609532 6.78488458602638 7.21758131043729 7.07673405005413 7.14280126967498 7.04194285390999 7.05612372142297 7.04086126232002 7.11675293888313 7.32156432412888 7.59271332689297 7.82008791447399 8.45540279673986 9.2075896591445 9.94727812984278 14.4787863613002 15.6058047980522 15.4083842886712 -9999 -9999 -9999 -9999 -9999 -9999 -9999 -9999 -9999 -9999 -9999 -9999 -9999 -9999 -9999 -9999 -9999 18.7844823041398 18.7692198450369 25.5893758808774 17.4199944249671 12.8414970477675 7.1983229712936 6.61780872958637
3.57176296353138 3.57175856205449 3.57174127461558 3.57179636668498 3.57212085918408 3.57263224470108 3.57389293884509 3.57819554023422 3.64260474003607 3.7167289156759 3.82394017982144 3.87276833170867 3.85884253954566 3.8804987071559 4.38047042846314 5.72344965710084 8.29175198033476 7.7161950334149 7.93227299772286 7.09557177024616 7.0187186789364 7.09178619968125 6.99224972919289 6.99426269131868 7.05618380984464 7.21019043457248 7.46842042667856 8.16809000854784 8.61187304675597 9.27816351039025 9.75069885836517 10.3581627571892 -9999 -9999 -9999 -9999 -9999 -9999 -9999 -9999 -9999 -9999 -9999 -9999 -9999 -9999 -9999 -9999 -9999 -9999 -9999 19.1320036908403 19.4826797196783 17.8462015998381 15.4578671039125 12.2480037069806 6.57255313480924 9.30237914432131 23.8454897073107
3.57194822514864 3.57169561342396 3.57202262963676 3.5724423052002 3.57232747923082 3.57551400428478 3.58144238805468 3.63125734204671 3.7974267646459 3.88081717579072 3.91758528100764 3.91530192098437 4.02052576058333 4.07354177501852 7.15397771610471 8.42728141540056 7.43404984948608 7.72184334505143 7.44156090219423 7.15184457713559 7.07679413847579 7.18876891224884 7.21364551881822 7.25204202026227 7.47956682889745 7.56972950560604 8.36514998739877 8.94542387541935 9.23871546156706 10.1514886308719 9.82562912018164 -9999 -9999 -9999 -9999 -9999 -9999 -9999 -9999 -9999 -9999 -9999 -9999 -9999 -9999 -9999 -9999 -9999 -9999 -9999 -9999 19.9737823899478 19.4996246545879 17.0069766586515 13.8995640206587 8.97558826309527 22.5602584563143 24.6464383238966 15.3497980775477
3.57249508386537 3.57215950204805 3.57316286752628 3.57415858975727 3.58103009134943 3.6004736530529 3.62404162393105 3.69753427025918 3.82913211989542 3.95814797005272 3.99744279340066 4.06334777428302 4.15769260513951 5.40427197889978 9.6408271793504 9.18860171789831 7.63372367467945 7.31474428826988 7.24242787279584 7.24465114439745 7.39595379015036 7.7605402886038 8.06152319272465 7.8370628935944 8.1707338991011 8.58651573281327 8.78426672851336 9.3740946755787 9.59567073046902 10.2906233712376 -9999 -9999 -9999 -9999 -9999 -9999 -9999 -9999 -9999 -9999 -9999 -9999 -9999 -9999 -9999 -9999 -9999 -9999 -9999 20.2586916412732 26.2116816198527 25.6776758165143 26.0754611679378 24.6078615571876 9.30913909175865 23.6093722543774 24.2168661974123 14.7441668755844 14.4070407858319
3.57336221386958 3.57404376078347 3.57769163873013 3.58433189003151 3.59915975962477 3.67973217401454 3.76182347348296 3.84887206773876 3.94872009669345 4.17022704989886 4.71170484847132 6.08636569743199 6.50732114424953 8.40108286355455 8.35832995153977 8.06512849802456 8.45627407885401 7.4547202665389 7.3609522845304 7.60863675863424 7.90784705431597 8.39243013083476 8.61265419623762 8.61589897100754 8.7409730207036 8.8695021546454 8.76047171353395 9.32322982663913 9.65864339637413 -9999 -9999 -9999 -9999 -9999 -9999 -9999 -9999 -9999 -9999 -9999 -9999 -9999 -9999 -9999 18.6795378757016 17.6839628613422 26.3294549263165 26.1677569836155 18.2076935445758 24.878589941 24.2863284128572 16.9899415911094 16.6400467117531 12.1748160093924 19.3616315942338 25.7424811792802 14.0868896751999 14.2757175402827 14.4817006497509
3.57431238607253 3.57633778650159 3.59103796819882 3.61114364422062 3.71601837008971 3.86035826998216 3.95374048432358 4.13003390464703 5.01830902443895 6.31659148062102 7.11711346941312 7.38468721108814 6.99170893339791 7.01703620312978 7.4052074070868 7.56435159186701 7.40136174810023 7.56981963823854 7.60563233755098 7.97169100233522 8.42929437752634 8.64957853135087 8.75560455137907 8.92511398889652 8.9715623388437 8.90705741818614 8.82876220475642 15.5790053619895 -9999 -9999 -9999 -9999 -9999 -9999 -9999 -9999 -9999 -9999 -9999 -9999 -9999 -9999 -9999 16.7610047045651 17.1903965657844 24.3412191860484 15.2307328700181 15.6581117691117 16.1367761360965 15.5420509826654 15.4738506240754 15.8783658787254 15.6826278451511 12.640050614135 16.59591176604 14.8944179739582 14.0728289845303 14.5837608339492 14.8711036663521
3.57508884865728 3.59683583991687 3.712127945229 4.63350878093735 4.00030901111409 4.1139422253251 4.44783555799196 5.65152682078871 6.66795251746595 7.20168792290685 7.76402541706038 7.82934153141042 7.43197679893863 7.02496787478958 7.20862813560918 7.34412752646415 7.42055999882225 7.70610017857515 7.94492161048338 8.21174424688759 8.56530451996546 8.69269197389563 8.78793212223493 8.9167917424959 9.00713468446948 9.11222933396187 9.28555438625506 -9999 -9999 -9999 -9999 -9999 -9999 -9999 -9999 -9999 -9999 -9999 -9999 -9999 -9999 -9999 17.9122387752482 16.3863533954828 16.0084573116305 11.2383980461624 9.60219032421969 10.7811251572904 12.3747301882725 13.0223631969797 13.5021391997653 14.5331663829071 15.3942334653691 14.3708074675678 14.2194747776041 17.1346945989008 24.6480907554924 16.1836451049953 23.3984618943326
3.58609506458843 3.65197913470005 4.62448950884541 4.78881932441532 4.49298900245226 4.87385345433479 5.47950869166674 6.44499743329841 7.49789379750533 7.7378569094252 7.80167081323361 7.83180515669869 7.55206350963648 7.4116669124158 7.6036193754252 7.70604009015349 7.82183047870227 7.95772044429807 8.20002700466288 8.29643887722465 8.32080473220987 8.29502679931552 8.09129700565975 8.26215843266466 8.4122893541951 9.07299159461451 15.6652022028682 -9999 -9999 -9999 -9999 -9999 -9999 -9999 -9999 -9999 -9999 -9999 -9999 -9999 -9999 16.7361280979957 17.7435104872124 23.7082477522274 11.4909496824211 8.72105370892159 8.14549676200173 8.73436329432043 9.79666650093903 10.5618324624233 11.3629313000634 11.4067057152465 11.615332715268 11.252098206302 12.2544632123096 18.7404074468484 27.3134328752945 18.9727693734276 26.9149565070219
3.62274701888627 4.10675565009394 4.71358561606944 4.94289505082808 5.13046706789808 5.87230970851306 6.59010796719872 7.42377472938134 7.92163734708813 7.8072890806593 7.72400652823137 7.9160791680841 7.87107294025689 7.98298762560827 8.21961583012572 8.33768957869779 8.39188933503977 8.22231980910066 8.23424736080119 8.09415120568884 7.6504583001132 7.0602097340962 7.40346484285851 7.77439066979762 8.4403206029019 9.49279935257825 -9999 -9999 -9999 -9999 -9999 -9999 -9999 -9999 -9999 -9999 -9999 -9999 -9999 -9999 14.6758463401511 15.2792843147236 15.8082426906421 21.8446353984929 8.4056495836011 7.57096131825018 7.08505629645475 7.73689549467855 8.68289756116421 9.46551920914226 10.0271957306575 10.0216375516534 10.9036454490657 11.5039888699224 13.3015340040361 16.725131916831 18.6339608078686 26.2746542857578 28.5562417005953
3.9526588927336 4.9904310012074 5.20807126447865 5.35972843191938 5.59023062184807 6.48801473436851 7.2318823547936 7.85103345163155 8.16517572009708 8.13591265874614 8.01699767227076 8.09550319517631 8.26327006846547 8.35445424834237 8.57539937480521 8.75854888404066 8.63212284485714 8.37326192432357 8.10544782896189 8.09258890672555 7.50651648601428 7.78154119197578 7.49600101222287 7.88414217196906 9.11174862658855 9.59525011151737 -9999 -9999 -9999 -9999 -9999 -9999 -9999 -9999 -9999 -9999 -9999 -9999 14.4255780639157 15.3193933361851 12.4782925830124 13.1826190175607 21.1012815340731 9.55946745641576 6.4561258089908 6.23456477620589 6.03104228760487 6.67690569229406 7.68065273199995 8.60394137509617 9.45356161323089 9.98912971553258 11.3521454283745 12.8663436101261 14.9641505873006 17.1957744795235 18.717694023459 27.9581816397618 -9999
5.63370159050174 6.02670690798172 5.57402477452497 5.67956708275877 6.19821728994063 7.34376699593416 8.04722214836834 8.48220223280253 8.67568695056439 15.1232346836591 9.06659217770717 9.71843137593097 9.68309938399185 9.33017003934146 9.26127866390233 9.11895923718837 9.16168210499231 8.97925365681684 8.60448217089116 8.47481135693771 8.19467913513468 8.32305804802232 8.41841837320495 8.9366209216454 10.2297838443016 -9999 -9999 -9999 -9999 -9999 -9999 -9999 -9999 -9999 -9999 -9999 -9999 14.1611589643781 13.933423846267 21.1153121805319 11.1544244768853 18.5451501206474 9.4317194719556 6.54473820442043 5.49973144997815 5.34773177853393 5.33940652771222 5.92409090588302 6.81183424314321 8.02225540916646 9.18277314099678 10.0477760150778 18.9831045819541 13.9877137352415 16.7139554704013 18.0557299261846 27.4801782454154 27.2169609143111 22.423377031761
6.78022773334733 5.79338657107694 6.1810650499763 6.4278602154395 7.10224158505099 8.26945917589698 8.78564876221165 14.2142170407084 8.90023738232714 10.0076069051946 10.1756742205921 10.6122766924113 10.3907306817318 11.656793726217 10.7468447127304 10.3148690493795 11.4356082460675 9.75833008791665 9.64431230780698 9.88151135233025 10.1159463294569 9.44550976472775 11.1521711610728 10.546990622272 -9999 -9999 -9999 -9999 -9999 -9999 -9999 -9999 -9999 -9999 -9999 -9999 12.5362478657084 12.3697728934851 13.3313679053928 17.7089896889657 6.94898606559397 6.26109982321323 6.20070495059757 5.3321418375329 4.95605741959383 5.04488312892038 5.22662656908886 5.61053449952873 6.3850051531079 7.80338333325107 9.25169456064674 10.4996409459999 13.1577724552022 15.4228355540817 17.7657732474393 18.4587129260821 19.9664816467154 19.2969464083112 21.1207802269034
7.67236052981016 7.22779634212037 7.58814660684642 7.59571774797623 8.23436753764452 8.85928712296232 14.2373210388387 14.0586481170173 16.0353168361148 12.2616738229094 10.3997739891924 12.2286852794153 10.697572206965 11.9663993188468 10.3452437465312 11.5289255649135 11.479292528618 12.5961860663195 13.0983450061753 12.9900957145455 12.4215691129605 12.8738546628342 11.4266250270285 -9999 -9999 -9999 -9999 -9999 -9999 -9999 -9999 -9999 -9999 -9999 -9999 -9999 11.7520038303454 9.35282337430922 18.1491974660848 13.3606309667438 5.16829272933631 4.58742697036233 4.66426503956667 4.42150481161828 4.39640888230982 4.65807292771407 4.96620034517091 5.53769831920729 6.51592580623198 7.86686675074032 9.73796011297215 11.8135944625522 14.0587082054389 18.3248659668229 18.6244067488238 18.8625972523045 18.8774991808775 18.155446661938 19.4617989931497
8.45372032093324 8.48391475281999 8.63738058175284 8.94683595332848 9.37962281037189 9.32485221402409 17.1468024158664 11.9919669422653 12.9742624154367 10.8730003540164 -9999 -9999 -9999 11.6256378795836 12.0513343028705 12.5827262598665 12.8758375807492 13.4991648228928 13.0239555401538 12.8113026158808 -9999 -9999 -9999 -9999 -9999 -9999 -9999 -9999 -9999 -9999 -9999 -9999 -9999 -9999 17.8321108649577 16.2681895142782 13.3496948740007 17.0572105791636 17.9422829860808 12.1530339565388 4.28061849376104 4.4824464888711 4.58881200848171 4.27934762364282 4.03379929292917 4.21268252422639 4.81285168866031 5.85043151418477 7.04251369391581 8.83080521109303 11.1418359525464 13.5200455494215 15.7648888944107 17.4911391162186 18.0441028165924 18.2868299959089 18.0458754250315 18.3397678953959 26.6569969128133
9.02621275834818 9.28056704725685 9.35047992586428 9.85176758360599 9.72843609813822 18.3500730597114 19.4182949758641 12.4940958379103 12.1129549792881 -9999 -9999 -9999 -9999 -9999 -9999 -9999 -9999 -9999 -9999 -9999 -9999 -9999 -9999 -9999 -9999 -9999 -9999 -9999 -9999 -9999 -9999 -9999 -9999 23.4304890230802 19.1062558021568 16.0380208150897 20.8710827906738 20.1779328025552 8.15832564002725 4.97418008756805 4.48586552006385 6.06539183384976 4.74703984483153 4.1572629729246 3.94569164024153 4.04907677413754 4.87303625180015 6.54560347769241 7.95192191160737 10.0304405054274 12.7127275601391 15.8413514109796 17.2515665790396 17.5069123269057 17.5795892729098 16.8003626207558 23.8958137604553 25.0947880821513 -9999
9.97942543543365 10.012023404187 10.0750561585138 10.7605749170809 12.0182556267438 22.5346607886849 15.1614208756274 14.9627685536023 -9999 -9999 -9999 -9999 -9999 -9999 -9999 -9999 -9999 -9999 -9999 -9999 -9999 -9999 -9999 -9999 -9999 -9999 -9999 -9999 -9999 -9999 24.2460391261307 24.1409444766384 26.832755546184 29.0301891264793 27.4906035865743 17.5929889909411 12.8970788378078 8.83441051639294 5.46500635109785 4.04505385430706 6.43307889486112 16.2853147144528 4.43715484104098 4.03830592455406 3.95872782332179 4.06530966125039 5.25604886475721 7.15118360449728 8.80280400659706 10.5009028028549 12.9798205944407 15.739351315203 16.6484891349971 17.0774002888431 17.9503047903731 16.0049120947522 23.9996165088819 -9999 -9999
10.2305049053616 10.4612444445558 11.7862542306946 12.3899025147429 14.0708160224045 15.9631506416949 17.669271242245 -9999 -9999 -9999 -9999 -9999 -9999 -9999 -9999 -9999 -9999 -9999 -9999 -9999 -9999 -9999 -9999 -9999 -9999 -9999 -9999 -9999 -9999 24.7363005584969 23.4461721011348 28.7771868270581 24.3181752763398 28.5719548228607 27.6194331626244 12.5956753147353 7.48311204577569 5.32175254942699 4.15017854801028 3.8910322074738 4.13441435058642 4.51019832641716 4.03270267923378 3.92576932403844 3.94069829240115 4.19039272420969 5.86748761267443 7.59556752692207 8.99785102332221 11.2945206319976 15.7175091739277 16.2384157013431 15.8862675061743 18.0365316754626 19.2394117445668 24.7861138600573 -9999 -9999 -9999
10.6852240363128 11.646909180853 12.435119052046 20.3903754173524 23.1313388158201 16.8130112335163 -9999 -9999 -9999 -9999 -9999 -9999 -9999 -9999 -9999 -9999 -9999 -9999 -9999 -9999 -9999 -9999 -9999 -9999 -9999 -9999 -9999 -9999 -9999 24.4913501075788 25.2863499704199 24.3699114073935 22.7544341909253 27.7701649683715 22.1500348016062 7.21439662408904 4.94765104940288 4.08915274696713 3.92764107837331 3.88889906850469 3.89008581483258 3.88144509979712 3.8691714387878 3.86968279125617 3.95358125000616 4.49477963741788 6.05094056843929 7.72508811982135 9.30977002018613 11.8601629893427 16.1581976584201 15.6907698262867 16.2459868424729 17.4050624521833 -9999 -9999 -9999 -9999 -9999
