raw_data/Abundance/Panulirus.interruptusGrid_abun_Teorica.asc
NCOLS 96 
NROWS 96 
XLLCORNER 0 
YLLCORNER 0 
CELLSIZE 0.0104166666666667 
NODATA_value -9999 
[rows 50 to 74 of 96, columns 0 to 55 of 96]
0.00517822802646571 0.00545689085001224 0.00561552665409068 0.00537334427789843 0.0042741794376941 0.00427899620095787 -9999 -9999 -9999 -9999 -9999 -9999 -9999 -9999 -9999 -9999 -9999 -9999 -9999 -9999 -9999 -9999 -9999 -9999 -9999 -9999 -9999 -9999 0.00541877681046579 0.00533979496167753 0.00921698134019749 0.00560611716306378 0.00909778511904429 0.00910438483150065 0.00480969896272482 0.00433400625117761 0.00392884738308201 0.00345718731054633 0.00325528465040672 0.00356390288735136 0.00380714009735913 0.00346965862008198 0.00334897816373703 0.00343957251930848 0.00372484439012389 0.0044435409413657 0.00476702953466535 0.00487106602027523 0.00516283492060921 0.00562675643356028 0.00573282790830097 0.00552418551351709 0.00547478568562589 0.00531477766410602 0.00918613911960934 -9999
0.00527516071974278 0.00543782916283275 0.00918513095985645 0.00794056707973652 0.00423962196172032 -9999 -9999 -9999 -9999 -9999 -9999 -9999 -9999 -9999 -9999 -9999 -9999 -9999 -9999 -9999 -9999 -9999 -9999 -9999 -9999 -9999 -9999 -9999 0.00542027971528259 0.00553696487186612 0.00548784508835072 0.00532918127983469 0.00911369163958975 0.00884178722031255 0.00427656914970093 0.00375144860582494 0.00330880113062219 0.0031926573931652 0.00319577522054912 0.00323979819642495 0.00325900924060486 0.00325481790978038 0.00328831121712612 0.00345969837511601 0.00393190920159076 0.00450506669072906 0.00476000975564529 0.00490283238730353 0.00521990796439735 0.00561955929310221 0.00562142625560754 0.00554980023909031 0.00540609080024203 -9999 -9999 -9999
0.00520382408241388 0.00532723963882915 0.00550937116603725 0.00549661047731327 0.0045819762111364 -9999 -9999 -9999 -9999 -9999 -9999 -9999 -9999 -9999 -9999 -9999 -9999 -9999 -9999 -9999 -9999 -9999 -9999 -9999 -9999 -9999 -9999 -9999 0.00525913284663447 0.00540453188655008 0.00534872837726557 0.00903814500181131 0.00892903037818692 0.00432409268027427 0.00382492291522246 0.00327920044010008 0.00300026690699028 0.00299150151802772 0.00298424836869449 0.00294156027100997 0.0029544796515469 0.00300847220720123 0.00313066490317551 0.00351737818171838 0.00407974462757583 0.00452130926452549 0.00476411707315703 0.0048312437100364 0.00519458261801246 0.00544068561546592 0.00544296330972243 0.00549379136393021 0.00558301350206024 -9999 -9999 -9999
0.00516506594080309 0.00535550545115994 0.00552841418359168 0.00539643860408944 -9999 -9999 -9999 -9999 -9999 -9999 -9999 -9999 -9999 -9999 -9999 -9999 -9999 -9999 -9999 -9999 -9999 -9999 -9999 -9999 -9999 -9999 -9999 0.00490831192225669 0.00517410203932892 0.00535439460846926 0.00901824318150443 0.00879252741460924 0.00437380989179138 0.00385438358355667 0.00326271516117795 0.00286818864455025 0.00276922096214236 0.00267933605232294 0.00263944839839642 0.00268030687282571 0.00273223643491165 0.00281251582264112 0.00288527135147408 0.00370837778082683 0.00416900410495597 0.00450999547174315 0.00466014593123484 0.00468913052413019 0.00514783387687884 0.00542559122361027 0.00568380147291083 0.00934926496851311 -9999 -9999 -9999 -9999
0.00518496776110998 0.00545114994030833 0.00560942168669823 -9999 -9999 -9999 -9999 -9999 -9999 -9999 -9999 -9999 -9999 -9999 -9999 -9999 -9999 -9999 -9999 -9999 -9999 -9999 -9999 -9999 -9999 0.00457302412592331 0.0047347217485105 0.00877353107111745 0.00901740304837702 0.00886112895186783 0.00464636774794546 0.00437365119997843 0.00408022070301469 0.00349692560747242 0.00274678940764074 0.00267604086350102 0.00262055473784242 0.00262844265442746 0.00255423089484034 0.00255703133859834 0.00263048697837081 0.00267605019831354 0.00314931585860382 0.00394666754019545 0.00426195083328415 0.00453269773580804 0.00456102889182653 0.00470345946135865 0.00523592650269314 0.00555401023953984 0.00933642026647639 -9999 -9999 -9999 -9999 -9999
0.00519209955788036 0.0054436540858494 -9999 -9999 -9999 -9999 -9999 -9999 -9999 -9999 -9999 -9999 -9999 -9999 -9999 -9999 -9999 -9999 -9999 0.00432720117284566 0.00440394266662751 0.00846786263493123 0.00389367380948147 0.00413317709447856 0.00438335940500618 0.0085268026412247 0.00869655620702242 0.00864958343038816 0.00454981778198198 0.00435472020017432 0.00428779892917053 0.00390398877732346 0.0036987815935494 0.00309085192774921 0.00265949957570374 0.00256905457713271 0.00261413238682406 0.00264461988453621 0.0026025665541035 0.00257535557558822 0.00259338109857725 0.00270219700820078 0.00353728000202526 0.00399760761215355 0.00424341189560616 0.00454644791465985 0.00901985810407154 0.00482809787821491 0.00533659312098088 0.00929591651492312 0.0092769481758689 -9999 -9999 -9999 -9999 -9999
0.00506574353551919 0.00518528514473589 -9999 -9999 -9999 -9999 -9999 -9999 -9999 -9999 -9999 -9999 -9999 -9999 -9999 -9999 -9999 -9999 0.00433089775860622 0.00832464794114687 0.00842560393862294 0.00805349964168432 0.0038244841790337 0.00420616599362469 0.00424352391335648 0.00409694868706251 0.00418996075907837 0.00428942318655017 0.0043361719276838 0.00411935223712655 0.00385972309632193 0.00346808103676497 0.00325131735508288 0.00276694326788585 0.0027102156121612 0.00274277543825427 0.00267240028661561 0.00265798733607441 0.00267256831324109 0.0026820151435181 0.0026982857217521 0.00289727592038339 0.00360873799191702 0.00399077452938402 0.00427878150026976 0.00442463794599917 0.00474893866798864 0.00896327047053479 0.0091523657678878 -9999 -9999 -9999 -9999 -9999 -9999 -9999
0.00484768231489589 -9999 -9999 -9999 -9999 -9999 -9999 -9999 -9999 -9999 -9999 -9999 -9999 -9999 -9999 -9999 0.00411263117210734 0.00824791578217754 0.0083891701653313 0.00830953487966617 0.00818635269356407 0.00804014152495864 0.00781482715500211 0.00792849716713952 0.00418407982718656 0.00405938540145514 0.00406933631160858 0.00409334544942721 0.00420953586094683 0.00378273889741438 0.00346233079224853 0.00312797647716782 0.00298013171637022 0.00272309765344802 0.00274364357581925 0.00272757836346083 0.00266976786948309 0.00267635824712693 0.0027136414883585 0.00274571590420018 0.002836263585709 0.00306729086093186 0.00359622934313126 0.00405247764018539 0.0044092541749552 0.00477046474567517 0.00898383506253107 0.00914022117679058 -9999 -9999 -9999 -9999 -9999 -9999 -9999 -9999
0.00477135155286521 -9999 -9999 -9999 -9999 -9999 -9999 -9999 -9999 -9999 -9999 -9999 -9999 -9999 -9999 0.00396177126686362 0.00412625066358376 0.00827208361180912 0.00819456732858755 0.00393777146385752 0.00396935113463529 0.00401964710452905 0.00797986664047385 0.00824615150261 0.00414319334831969 0.00401702402220905 0.00399032645838274 0.00397965676766474 0.00385067766298357 0.00341335103092103 0.00314457377384026 0.00292205984764173 0.00284103367491013 0.0027355782977962 0.00269569064386968 0.00267038396710985 0.00266955316879497 0.00270612696427452 0.00274802160289427 0.00276964102870606 0.00283883999396636 0.00297292524109963 0.003554680092575 0.00398749801018716 0.00442184683705369 0.00484442446532408 0.00905011223147052 -9999 -9999 -9999 -9999 -9999 -9999 -9999 -9999 -9999
-9999 -9999 -9999 -9999 -9999 -9999 -9999 -9999 -9999 -9999 -9999 -9999 -9999 -9999 0.00367700347592465 0.00787285234966797 0.00811129146603701 0.00800018852734444 0.00807981447819704 0.00803544611425772 0.0041480941248962 0.00389078935241073 0.00810993791822065 0.00828545106334733 0.00427473019163318 0.00409132912992145 0.00397832188947343 0.00364958713153378 0.00316115240088765 0.00298464976563314 0.00288121070802497 0.00282471642261349 0.00280207016742376 0.00277889182792001 0.00274000299893385 0.00272583275351834 0.00272092264212931 0.00273836940674168 0.00277946125148413 0.00280782041194019 0.00282953318587726 0.00288784775973144 0.00346612072613436 0.0040114791435682 0.00436161862663154 0.00484139065125291 0.00887902378748148 -9999 -9999 -9999 -9999 -9999 -9999 -9999 -9999 -9999
-9999 -9999 -9999 -9999 -9999 -9999 -9999 -9999 -9999 -9999 -9999 -9999 0.00375250343964045 0.0075872817648517 0.00752327295535624 0.00769241975833972 0.00355876874046169 0.00369630786822983 0.00385950839563381 0.00377183583638321 0.00370534396675565 0.00368925074995965 0.00363053477916682 0.00366104094650402 0.00381784712732723 0.00378926393137053 0.00365247158860453 0.00321673187467152 0.00280894992425592 0.00284740935186585 0.00284128571484835 0.00280404914767941 0.00281058351644809 0.00279674932428355 0.00278649970012925 0.00279332344808626 0.0027554147744154 0.00277431776978193 0.00281778999171869 0.00282878640087512 0.00285772431970784 0.00301595872684763 0.00354321694279223 0.00402583608523424 0.00441564852153597 0.00893705831695987 -9999 -9999 -9999 -9999 -9999 -9999 -9999 -9999 -9999 -9999
-9999 -9999 -9999 -9999 -9999 -9999 -9999 -9999 -9999 -9999 0.00389856525124545 0.00794389960780855 0.00774509610542779 0.00742275569406892 0.00362422444589878 0.00347259908602788 0.00354556931554896 0.00367900112580536 0.00383835571044835 0.0038773098831222 0.00383815967938529 0.00373410452415036 0.00347363525021834 0.00341077462266366 0.00336160816508563 0.00325871052660401 0.00312750973654149 0.00281223577826531 0.00265950891051626 0.00281699653265392 0.00286712447592221 0.0028284970216868 0.00279998850423031 0.00281346797351884 0.00280933265156952 0.00279530242834191 0.00281490553464795 0.0029036796017767 0.00296128472987885 0.00297848878936553 0.00314865308691442 0.00340677932290224 0.00385836954850556 0.00450639223410785 0.00503023390866769 0.00902962231797445 -9999 -9999 -9999 -9999 -9999 -9999 -9999 -9999 -9999 -9999
-9999 -9999 -9999 0.0037270847451303 0.00377656858633424 0.00369142576127837 0.00360049535245596 0.00378111464003474 0.00389348711323094 0.00400872537387283 0.00789224075528589 0.00765012372278132 0.00340944907928488 0.00345725265423402 0.00344928072433623 0.00338108058401629 0.00360581619559617 0.0038641571322721 0.00787987212868803 0.00809563698542977 0.00414276394694347 0.00382089961102346 0.00323113549040019 0.00319746482161644 0.00319585923386186 0.0031023617515946 0.00263564912969806 0.00223393854134982 0.00241407801956473 0.0028800998653343 0.00285009777787354 0.00284936032768393 0.00285042449631197 0.00284327402991653 0.00282594861786701 0.00286276511847225 0.00295382621467003 0.00313723661119429 0.0032040271948227 0.0033801751072012 0.00363252309423501 0.00401768679389845 0.00450563611429319 0.0048801861321138 0.00514238234636325 0.00503613351018455 -9999 -9999 -9999 -9999 -9999 -9999 -9999 -9999 -9999 -9999
-9999 0.00356410825322695 0.00353771873821402 0.00770743947169515 0.00784975802347695 0.00755374178344333 0.0037523447478275 0.00388963183565742 0.00391149396659491 0.00809771864862322 0.00790038071180915 0.0078970388489246 0.0078066031851661 0.00796278393355002 0.00765190667197392 0.00355423202157372 0.00352370718461147 0.00368178289993831 0.00368255768937802 0.00356869164617755 0.00342904285077838 0.00311768017895089 0.00310996962380385 0.00309838512145824 0.00307629895502011 0.00268430217258713 0.00207073894742709 0.00203370307872747 0.00264989405361378 0.00291611357206224 0.00282165460410474 0.00285178737894087 0.00287502172731978 0.00286537886597972 0.00289912421326367 0.00291872731956971 0.00309646215007774 0.00343960985855859 0.00392091279243433 0.00424232905735306 0.00453190427674328 0.00465517981097064 0.00480613306433963 0.00477272377030663 0.00492609474012002 -9999 -9999 -9999 -9999 -9999 -9999 -9999 -9999 -9999 -9999 -9999
0.00366880751052622 0.00357916530583249 0.00729400062488839 0.00747430252884126 0.00350282520898928 0.00342781065552486 0.00347765855441734 0.00376944612437638 0.00790830596764431 0.00802601795360577 0.00395564762984612 0.007966097791997 0.00360967147316969 0.0033291323523053 0.00339974087425713 0.0032628365137408 0.00299293907915683 0.00295549714611231 0.00301644413709902 0.00305171105882483 0.00303602857378 0.00302705781894186 0.00304677294299821 0.00301280356021361 0.0027271116228345 0.00224281034717518 0.00213772649559981 0.0023738888511936 0.0028678899305494 0.00288428186134625 0.00284017487215768 0.00286377327822513 0.0028938500441861 0.00294230705601211 0.00303673801953203 0.00310574095372926 0.00336351246684107 0.0042724991714393 0.00458456195420629 0.0045557360531239 0.00849812609714273 0.00508542132032544 0.00469047473713403 0.0047577040569512 0.00499604982519498 -9999 -9999 -9999 -9999 -9999 -9999 -9999 -9999 -9999 -9999 -9999
0.00376685104649397 0.0036118464844884 0.0035378867648395 0.0035490138613713 0.00344972879533751 0.00341838249487291 0.0034593809914901 0.00356295073647364 0.00782217365246061 0.00815289672546844 0.00815047900902403 0.00779502801763302 0.0032165171739834 0.00277964794773467 0.00276796076245126 0.00279852293866362 0.0027791345330457 0.00273966694568289 0.00278059076379986 0.00282884240975028 0.00286676041823367 0.00290874840497868 0.00296185415344298 0.00292296532445682 0.00229933637094925 0.00223166644798083 0.00232111728901776 0.00277352431071716 0.0028666670701084 0.00294415534889239 0.00296300233538376 0.00301105795027112 0.00303892236566327 0.00305071223388447 0.00317781504124778 0.00341157741654096 0.00406579841766097 0.00472104624815891 0.00466732440206786 0.00411029746897566 0.00437843995880462 0.00470215258760491 0.00472056083790753 0.00462447761257039 0.00472766463024033 -9999 -9999 -9999 -9999 -9999 -9999 -9999 -9999 -9999 -9999 -9999
0.00390564103914068 0.00762202593707601 0.00360667499834862 0.00356657264373399 0.00352946676394043 0.00347550221272368 0.00344756311883132 0.00322863376064304 0.00321185910253259 0.00353921230821829 0.00335880772132762 0.00319628863523808 0.00277231078508869 0.00256112932129756 0.00258939513362835 0.00267350179449376 0.00265823004120011 0.00260609511323859 0.00259577081058408 0.00263704001676454 0.00267514472149846 0.00272880122390183 0.00282097316279029 0.00256977335769727 0.00217761788345134 0.00218509600176646 0.00233100378896477 0.00287490037475693 0.0029199501800107 0.00302851404969602 0.00307843662708872 0.0031807275027561 0.00320212289306726 0.00321674120948404 0.00361482428968442 0.00427049218674606 0.00474496203785228 0.00495268962100854 0.00540568006849086 -9999 -9999 -9999 -9999 0.00464825338007585 -9999 -9999 -9999 -9999 -9999 -9999 -9999 -9999 -9999 -9999 -9999 -9999
0.00381287167225051 0.00377682996108499 0.00762111112544839 0.00361776475563032 0.00752075255597403 0.00752330095979382 0.00762234332070192 0.00300851888126387 0.00295549714611231 0.00298781426707968 0.0028634838990368 0.00274986989577455 0.00252404211112905 0.00242174190064914 0.00242050037058309 0.00247304603029578 0.0024977179398038 0.00247402618561108 0.00245562727012099 0.0024176345831374 0.00246302044164213 0.00253139794340007 0.0024923970966636 0.00226258894795672 0.00219131018646548 0.00223688647514575 0.00274048840918523 0.00289795736169784 0.00300458892519013 0.00301838577810457 0.00319424431129474 0.00329056090694505 0.00333240887150217 0.00354473851723408 0.0045263500632899 0.00473011968593485 0.00495795445527359 0.00543469266582379 -9999 -9999 -9999 -9999 -9999 -9999 -9999 -9999 -9999 -9999 -9999 -9999 -9999 -9999 -9999 -9999 -9999 -9999
0.00366408409538772 0.00761870274381651 0.00760081724301539 0.00755727034257841 0.00733580191538287 0.00341205349197982 0.00320761176283295 0.00309771301495632 0.00306903647087435 0.0029985586362979 0.0027662618265714 0.00266513780246985 0.00249362929191712 0.00229187132137167 0.00222813322143948 0.00227268641466683 0.00235715339929577 0.00237162422567463 0.00235053315025184 0.00231437662089225 0.00235012335198192 0.00240414951296135 0.00231913084091208 0.00224002390563597 0.00229461855669827 0.00262595959429537 0.00279142848114334 0.002978479454553 0.00304709966143664 0.00308055562953227 0.00319254537541488 0.0033275921082384 0.00372786886938254 0.00432227239183157 0.00471586542720661 0.00488699121044575 0.00504241583901501 -9999 -9999 -9999 -9999 -9999 -9999 -9999 -9999 -9999 -9999 -9999 -9999 -9999 -9999 -9999 -9999 -9999 -9999 -9999
0.0034854811273147 0.00346139731099586 0.00760588604621738 0.00718822786414855 0.00301261686396308 0.00305003079257002 0.00309534197257454 0.00309444583057198 0.00309036651749782 0.00296289965244597 0.00256692623987663 0.00245972525282021 0.00230619652467511 0.00218611909721939 0.0021573501384934 0.00223810280121798 0.0023037078636555 0.00231029544085558 0.00229851770789066 0.00230590061111802 0.00234173882337046 0.0023420515395901 0.00230880000388881 0.00232177539330089 0.00248759900302488 0.00274849767833313 0.00291555348331064 0.00304258161217373 0.00307802589533754 0.0030571252500903 0.00322259413693827 0.00360153151664642 0.00434077399025945 0.00455819110881841 0.00472333327722795 0.00492866181356486 -9999 -9999 -9999 -9999 -9999 -9999 -9999 -9999 -9999 -9999 -9999 -9999 -9999 -9999 -9999 -9999 -9999 -9999 -9999 -9999
0.00353202450257274 0.00711487490731388 0.00716649642058644 0.00308843421130479 0.00303568318571651 0.00302585362812592 0.00308316937703975 0.00308481230404444 0.00302904613401004 0.0026680222595406 0.00235444163625677 0.002233913337356 0.00213274917356059 0.00199524925200506 0.00202999995859814 0.00225445459232097 0.00229391657879626 0.00227027056518492 0.00227329317748106 0.0022948407252364 0.0024097457330711 0.00240279783210749 0.00236570595453271 0.00253658809916491 0.00274761087114309 0.00297540830123172 0.00307655099495833 0.00313115964823942 0.00312664159897651 0.00322128726318454 0.00344184087875246 0.00406507963709641 0.00451437349881817 0.00465563721678445 0.00497139658531201 0.00517744390221347 -9999 -9999 -9999 -9999 -9999 -9999 -9999 -9999 -9999 -9999 -9999 -9999 -9999 -9999 -9999 -9999 -9999 -9999 -9999 -9999
0.00753523085020292 0.00712364029627644 0.00311456235156698 0.00298177464337492 0.00301088058883312 0.00303477770890142 0.00306897112718666 0.00301442781759326 0.0029000763641414 0.00251840388436293 0.00225861045085784 0.00219795563950322 0.0021177443959052 0.00195172195467439 0.00200940549520177 0.00213064977422333 0.0022642458771802 0.0022330022596534 0.00220668088877191 0.00232430512749562 0.00268952033278955 0.00258323415736074 0.00263067367462134 0.00279998850423031 0.00296822049558618 0.00315453401880623 0.0032708831221388 0.00333000048987028 0.00339142355629585 0.00352175620879339 0.00377627920714591 0.00447555001351969 0.00464791732682488 0.00485721315848563 0.00504232249088974 0.0050322315585484 -9999 -9999 -9999 -9999 -9999 -9999 -9999 -9999 -9999 -9999 -9999 -9999 -9999 -9999 -9999 -9999 -9999 -9999 -9999 -9999
0.00341828914674764 0.00325279225546209 0.00692179364501198 0.00705458135320404 0.00320622087576647 0.00309785303714422 0.00298613400082488 0.0029629463265086 0.00292000618888586 0.00251200953778216 0.00225970915829224 0.00218775268941156 0.0021938716590228 0.00220842836567691 0.00203599757564653 0.00185425904404581 0.0020182306269645 0.00209071077882792 0.00212370560718474 0.00243640689112855 0.00271815953762141 0.00265601769063128 0.00282781558037235 0.00300335672993661 0.00319075309140976 0.00333166208650003 0.00343885373874393 0.00356433228872759 0.00364850429328069 0.00385568112249788 0.00423569200564659 0.00465635599734901 0.0048380301187433 0.00500838111254273 0.00512570103637807 0.00515447092858531 -9999 -9999 -9999 -9999 -9999 -9999 -9999 -9999 -9999 -9999 -9999 -9999 -9999 -9999 -9999 -9999 -9999 -9999 -9999 -9999
0.00316018158038488 0.00705879135365357 0.0071942954922909 0.00677716005972357 0.00306329556117044 0.0030413120776701 0.00290748820528758 0.00283514340820579 0.00275746843317127 0.00233208102633035 0.00220826780690145 0.00214733295117102 0.00217238478754888 0.00217562023357063 0.00195635482213138 0.00178108251516789 0.00177046509940004 0.00189429512149149 0.00209844653796879 0.00261470181038819 0.00281077021269863 0.00284810012799283 0.00307043669275335 0.00324764877375989 0.00337743067231836 0.00348924305676296 0.00359521184856586 0.00375544390558636 0.00390598642720417 0.00418253024830713 0.00458004390494338 0.0047971343050639 0.00495133607319217 0.00523609452931862 0.00487270894727992 -9999 -9999 -9999 -9999 -9999 -9999 -9999 -9999 -9999 -9999 -9999 -9999 -9999 -9999 -9999 -9999 -9999 -9999 -9999 -9999 -9999
0.0067428172844379 0.00696071047843572 0.00298204535293819 0.00260051289534763 0.00302542422674969 0.00301564134322172 0.00279988582129251 0.00259604152014735 0.00236416851090957 0.0022128521333333 0.00216401146071245 0.00215458049961674 0.00212912166541272 0.00211013185628969 0.0019770725050531 0.00202285696005272 0.00187367172017629 0.00176074475911601 0.00212457374474972 0.00281972229791171 0.00295503040548598 0.0030339655802116 0.00330805434562005 0.00350457081893177 0.00358998435355091 0.00362955462385152 0.00370439181587793 0.00387934487225302 0.00411016678160029 0.00444583730524726 0.00471416649132675 0.00470645593617971 -9999 -9999 -9999 -9999 -9999 -9999 -9999 -9999 -9999 -9999 -9999 -9999 -9999 -9999 -9999 -9999 -9999 -9999 -9999 -9999 -9999 -9999 -9999 -9999
