raw_data/Abundance/Panulirus.inflatusGrid_abun_Teorica.asc
NCOLS 96 
NROWS 96 
XLLCORNER 0 
YLLCORNER 0 
CELLSIZE 0.0104166666666667 
NODATA_value -9999 
[rows 25 to 49 of 96, columns 0 to 55 of 96]
-0.0686500816165686 -0.0686846991812734 -0.0687118969652939 -0.0688103414222814 -0.0688504343377072 -0.0688934112734139 -0.0688645356495401 -0.0686912781777645 -0.0684389403851739 -0.0682962140059271 -0.0685860123696404 -0.0687204054776162 -0.0687901924299108 -0.0687716448424668 -0.0687730915132736 -0.068740162974021 -0.0685204162884459 -0.0682199300848676 -0.0680973862547885 -0.0679464794741241 -0.0676908214228907 -0.0668142507699785 -0.0656357174144173 -0.0651858699071061 -0.0647094938874491 -0.0644066624366094 -0.0634096713531657 -0.0617922523773342 -0.0578100486270556 -0.0514567402388826 -0.0517762568749293 -0.0542518536503487 -0.0577391692145899 -0.058314351358936 -9999 -9999 -9999 -9999 -9999 -9999 -9999 -0.0561118136982944 -0.0560578618256812 -9999 -9999 -9999 -9999 -9999 -9999 -9999 -9999 -9999 -9999 -9999 -9999 -9999
-0.0684185434453583 -0.0684892550738387 -0.0685885887859484 -0.0685628339442016 -0.0685884396446281 -0.0685560778423926 -0.0685755389204234 -0.0685099670746934 -0.0684780228681547 -0.0684260284753702 -0.0684647250551847 -0.0685144375857689 -0.0686580177990743 -0.0686006077120969 -0.0685655576375633 -0.0685950316909847 -0.0685130188789597 -0.0681893281502115 -0.0677145703138796 -0.06679937392328 -0.0661447367405518 -0.065799605082746 -0.0650873993503876 -0.0646792368420962 -0.0643540341932136 -0.0635124297228424 -0.0614758304236835 -0.0572904216245158 -0.0517092737794561 -0.0492414323526916 -0.0491802844113745 -0.0571918951398022 -0.0565933537361663 -0.0623620654341501 -9999 -9999 -9999 -9999 -9999 -9999 -9999 -9999 -9999 -9999 -9999 -9999 -9999 -9999 -9999 -9999 -9999 -9999 -9999 -9999 -9999 -9999
-0.068354366070973 -0.0685484399425275 -0.068561776905094 -0.0682160058038776 -0.0681066852161083 -0.0682529089593157 -0.0684036740557259 -0.06838469022992 -0.0684828606397315 -0.0685127578816492 -0.0685672541200815 -0.0685332424419904 -0.0685744856098489 -0.0684937255849143 -0.0684921558725183 -0.0683474757419758 -0.0677309180668494 -0.0671371230857316 -0.0662033119940939 -0.0658098399058506 -0.0655332946127112 -0.0650534697000226 -0.0643043701335585 -0.0639773591461675 -0.0632276816570873 -0.0620995021397875 -0.0556977787505168 -0.0542085840248008 -0.0475965900165926 -0.0491254749761696 -0.0500098830054627 -0.0548927325462806 0.0166447287098429 -9999 -9999 -9999 -9999 -9999 -9999 -9999 -9999 -9999 -9999 -9999 -9999 -9999 -9999 -9999 -9999 -9999 -9999 -9999 -9999 -9999 -9999 -9999
-0.0684786548544994 -0.068463800378999 -0.0684441025391223 -0.0681872588143925 -0.0679996856401359 -0.0680580744670277 -0.0681567911069247 -0.068209695261763 -0.0683161784359139 -0.0684472811135108 -0.0686261369775967 -0.0685905462657771 -0.0685594540290306 -0.0685816723572201 -0.0685002356035447 -0.0677662254101605 -0.0667546501698594 -0.0661476263536323 -0.0652857200210372 -0.0635549909271189 -0.0637641243434893 -0.0642258472284282 -0.0626294944640871 -0.062639393719221 -0.0616512206163393 -0.0587985013699129 -0.0544018338905608 -0.0485680592916024 -0.0463378372733828 -0.0485967689957574 -0.0543102424772405 -0.0609051225189459 -9999 -9999 -9999 -9999 -9999 -9999 -9999 -9999 -9999 -9999 -9999 -9999 -9999 -9999 -9999 -9999 -9999 -9999 -9999 -9999 -9999 -9999 -9999 -9999
-0.0685708446973674 -0.0684870067684354 -0.0684026915872785 -0.0682193875833151 -0.0680551904467467 -0.0680599089052672 -0.0680719949450099 -0.0680718047898265 -0.0681391085391384 -0.068345781123724 -0.0684934627233373 -0.0685114305238986 -0.0686033519123901 -0.0683046255763912 -0.0677426666743549 -0.0668869198782876 -0.0656106243872793 -0.0649635188412254 -0.063833456414757 -0.0628661444540501 -0.0624740519230195 -0.0624150292455165 -0.0611574137048739 -0.0601387784873238 -0.0571882971054503 -0.0533925572908586 -0.0486773053087116 -0.0472224317293263 -0.0463247874078579 -0.04605428233819 -0.0487690272206872 -0.0492041470226202 -9999 -9999 -9999 -9999 -9999 -9999 -9999 -9999 -9999 -9999 -9999 -9999 -9999 -9999 -9999 -9999 -9999 -9999 -9999 -9999 -9999 -9999 -9999 -9999
-0.0686053037994194 -0.0685003139027379 -0.0684641117115051 -0.0683038444487262 -0.0681021867410352 -0.0680176795404284 -0.0680339210302075 -0.0680708801136407 -0.0681770072128894 -0.0683386931824775 -0.0683709356716567 -0.0684489608176306 -0.0682694804242659 -0.0674478776692116 -0.0667608395346513 -0.0658963977996113 -0.0645435928112965 -0.0636752174739341 -0.0628875462335111 -0.0624726350804768 -0.0605150433957391 -0.0564823366658788 -0.0564466546050005 -0.0545768698725809 -0.0515104311141854 -0.0474159425923968 -0.0456461944005587 -0.0466234429017296 -0.0467630764628469 -0.0457399670056883 -0.0482157129224279 -0.0540805275586707 -9999 -9999 -9999 -9999 -9999 -9999 -9999 -9999 -9999 -9999 -9999 -9999 -9999 -9999 -9999 -9999 -9999 -9999 -9999 -9999 -9999 -9999 -9999 -9999
-0.0684764233274946 -0.0684915425288386 -0.0682940123071864 -0.0681604655762033 -0.0681291608130753 -0.0681390917607398 -0.068107324659519 -0.068161919704076 -0.0681993392613357 -0.0681964589695877 -0.0679760448766042 -0.067788706599927 -0.0672332073813256 -0.0663239113942098 -0.0657159368020659 -0.0648915208688576 -0.0632465293914384 -0.0626309299492948 -0.061971818526958 -0.0616176078912799 -0.0594515352834481 -0.0562167532597803 -0.0570204012641389 -0.0549674896330737 -0.0525843604762314 -0.0452845266988664 -0.045849026596147 -0.046307636156025 -0.0476165376681808 -0.0454340408724526 -0.0484638467940529 -0.0491897921705427 -9999 -9999 -9999 -9999 -9999 -9999 -9999 -9999 -9999 -9999 -9999 -9999 -9999 -9999 -9999 -9999 -9999 -9999 -9999 -9999 -9999 -9999 -9999 -0.00869550016656919
-0.0683875313720715 -0.0684874075857337 -0.0683147634576377 -0.0681340936622438 -0.0680716407343742 -0.0681049719551915 -0.0681927789075096 -0.0682390705090597 -0.0682138954541955 -0.0676317204461945 -0.0667797431969974 -0.0662912680877323 -0.0658451491134282 -0.0648254512639711 -0.0646428090746164 -0.0636757394685551 -0.0625330186725274 -0.0622931248588481 -0.0617473235545982 -0.0606045095452454 -0.0585783874238365 -0.0565150545430164 -0.0576956758770616 -0.0563144967525625 -0.0531767311577404 -0.0454828846548461 -0.045640042321097 -0.0468350371498847 -0.0500872500653608 -0.0452752053663485 -0.0487953133783875 -0.0514227919458526 -9999 -9999 -9999 -9999 -9999 -9999 -9999 -9999 -9999 -9999 -9999 -9999 -9999 -9999 -9999 -9999 -9999 -9999 -9999 -9999 -9999 -9999 -0.00827044740375545 -0.0114162107018778
-0.0683269725389695 -0.0683699681173413 -0.0683241463109501 -0.0681876652244903 -0.0681124718993354 -0.0680562363002552 -0.0681736011979874 -0.0682018895779126 -0.0676488977977584 -0.0665656881170577 -0.0656296958336108 -0.0654215318358222 -0.0647098108127547 -0.0641797252751299 -0.0639310134808888 -0.0628272744974507 -0.0622246876355021 -0.0618223789240319 -0.0611277345821371 -0.0599412967366007 -0.057713610120826 -0.0569324078851704 -0.0584593726502487 -0.0558356226157907 -0.0525681227149853 -0.0470324629726127 -0.0452711039800407 -0.0475865229774734 -0.0480093386204828 -0.0446337112624704 -0.0467142326804534 -0.0424799241708971 -0.0293165248158467 -0.03589458917369 -9999 -9999 -9999 -9999 -9999 -9999 -9999 -9999 -9999 -9999 -9999 -9999 -9999 -9999 -9999 -9999 -9999 -9999 -9999 0.000220354386749597 -0.0139844242371945 0.0675873023330689
-0.0682101631926554 -0.068205267628817 -0.0681250687481 -0.0681328725676839 -0.0680670080321128 -0.0680146855284237 -0.0680453508481409 -0.0673721325211715 -0.0663808088078987 -0.0653000003024546 -0.0644279523600801 -0.0641867535598484 -0.063571228688365 -0.062876006423854 -0.0624766059681294 -0.0613129867445967 -0.0599770906534692 -0.0599058943156979 -0.0599561922259642 -0.0588979972732084 -0.0577287106795049 -0.0583307755468325 -0.0582134013277678 -0.0561436926555055 -0.0536007399313122 -0.0477917787195163 -0.0445768511341116 -0.0478299961828395 -0.0480477425104563 -0.047338761959149 -0.0448460512172269 -0.0370748562970995 -0.027272729447984 -0.0313159506409245 -9999 -9999 -9999 -9999 -9999 -9999 -9999 -9999 -9999 -9999 -9999 -9999 -9999 -9999 -9999 -9999 -9999 -0.000577365250127582 -0.000475762725683074 0.0831414370522963 -0.0146451202860593 -0.0228564685276794
-0.0681226750299094 -0.0681184822945429 -0.0680818065796182 -0.0679436569746377 -0.0676937539141008 -0.0673224684615165 -0.0669183700542028 -0.0657731511410604 -0.0649536941567516 -0.0640423288338169 -0.0638186168533886 -0.0636470484070651 -0.0629024976508697 -0.0620670639026254 -0.0607888482171183 -0.0597963873012783 -0.0596897326146091 -0.0598835976883153 -0.05952043857342 -0.0590180560360382 -0.0585821159568437 -0.0587488000249278 -0.05828508237483 -0.0562360857034224 -0.0547415778181712 -0.0498631652316318 -0.0433376731891892 -0.0452310222502139 -0.0453488438932395 -0.0430876750510606 -0.0418785117968458 -9999 -9999 -9999 -9999 -9999 -9999 -9999 -9999 -9999 -9999 -9999 -9999 -9999 -9999 -9999 -9999 -9999 -9999 -9999 -9.50795056542802e-05 -0.00142392866939826 -0.0201763990021486 -0.0171536772932618 -0.0190272651293486 -0.0255604006644559
-0.0681189539539683 -0.0679307003224379 -0.0678815843571349 -0.0670624219269336 -0.0662145535211104 -0.0651187190276475 -0.0640542414967747 -0.0641075035907816 -0.0637299150531488 -0.0633127294949801 -0.0628891308600392 -0.0631404339847202 -0.0630675598070957 -0.0607234683908381 -0.0589443802238172 -0.0590949570293105 -0.0596355756726804 -0.0589734068532778 -0.0589662480699041 -0.0591132454837105 -0.0584937683672395 -0.0577360186041989 -0.0565783463908126 -0.0514326912009866 -0.0484606775409969 -0.0423786944997533 -0.0405360534876257 -0.0449191304641668 -0.0407127859521641 -0.0420817168457348 -9999 -9999 -9999 -9999 -9999 -9999 -9999 -9999 -9999 -9999 -9999 -9999 -9999 -9999 -9999 -9999 -9999 -9999 -9999 -9999 0.0023679893988611 -0.00160308468039126 -0.019475621223457 -0.0147195045195517 -0.0194687234373938 0.0782186549229719
-0.0678380649198755 -0.0675223737586942 -0.0670066244304818 -0.0653135908052656 -0.0643085088051965 -0.0628653055341235 -0.0619901256240231 -0.062137402677805 -0.0625700057199582 -0.0622166899322018 -0.062146779938318 -0.0620399947529935 -0.0620067548812349 -0.0596552250416281 -0.0595492042055701 -0.0588206302133103 -0.0586758699193081 -0.0585847818579438 -0.0583507791264158 -0.0581259858714154 -0.0572703807596024 -0.0550473734527516 -0.053699900266637 -0.0441359521060175 -0.0407785945597401 -0.0415492823323155 -0.039757349369085 -0.0425138538212621 -0.0414029374117853 -9999 -9999 -9999 -9999 -9999 -9999 -9999 -9999 -9999 -9999 -9999 -9999 -9999 -9999 -9999 -9999 -9999 -9999 -9999 -0.012902403958523 0.0769276503692504 0.0808797089301664 0.0774934552530836 0.0781021382664989 -0.0176497586098615 0.0806688603886127 0.0810693048335793
-0.0673458277208062 -0.0660052896060848 -0.0643896230407667 -0.0636561273849375 -0.0615122209058332 -0.0602901382847486 -0.0597345495813549 -0.0603955252701953 -0.060972534395715 -0.0604381610451319 -0.059646295205076 -0.0588996005424015 -0.0588155407657555 -0.0590200694438621 -0.0588609729404475 -0.0589921054463086 -0.0585096519178499 -0.058221324460408 -0.0579361848986871 -0.0578751674560253 -0.0566054341831094 -0.0533510773611542 -0.0475511019139056 -0.0396546282847383 -0.0406080141746635 -0.0424133698567197 -0.042647521729568 -0.0402232295683269 -9999 -9999 -9999 -9999 -9999 -9999 -9999 -9999 -9999 -9999 -9999 -9999 -9999 -9999 -9999 -0.0199685332870006 -0.0333330869977861 0.0792359851539696 0.0783271552334797 -0.0295566423415064 0.0620260089262722 0.0544833730794824 -0.0124372694658825 -0.0104374707875041 -0.0119818291590606 0.0790788274877187 0.0841138384605579 -0.00185270996521915
-0.0669824635365956 -0.0644414310069009 -0.0632416822985291 -0.0619632429010416 -0.0593592540915214 -0.0584028294471954 -0.0579222028999103 -0.0580556843815658 -0.0580166839263112 -0.0571192819594882 -0.0574281909191296 -0.057803971118254 -0.0581971449238567 -0.0583535568835061 -0.0582737103491582 -0.0583270283711603 -0.0584652637324 -0.0579245332330398 -0.0576889085896537 -0.056816226796668 -0.0555418142148282 -0.05076584307266 -0.0426102363994966 -0.0388261482505522 -0.0406810934216034 -0.0434249208615563 0.0412439116510864 -9999 -9999 -9999 -9999 -9999 -9999 -9999 -9999 -9999 -9999 -9999 -9999 -9999 -9999 -9999 -0.0335577311114662 -0.0368472293570137 0.0416836921192783 -0.0246137261339435 -0.0149256923948465 -0.00992554320562402 -0.0148535452811583 -0.0124939431675911 -0.00358834208004188 -0.00419143229394646 -0.00731184156762027 -0.000969047642527435 -0.00458926676580809 1.09972583987872e-05
-0.0654002232696865 -0.0635850242604914 -0.0618003246512947 -0.0613254214021755 -0.0600325152966204 -0.0588938213162404 -0.0568854470119455 -0.0530748303506553 -0.0557581623425674 -0.0564897937318931 -0.0566650907112237 -0.0574849578341632 -0.0579214758359739 -0.0579876013688555 -0.0583462303161471 -0.058312785375073 -0.0582595792090612 -0.058078223363594 -0.0576643748424667 -0.0564658006219921 -0.0530539505658154 -0.0439135451121417 -0.039660221084249 -0.0390735364155758 -0.0385955384840607 -0.0414892529509006 -9999 -9999 -9999 -9999 -9999 -9999 -9999 -9999 -9999 -9999 -9999 -9999 -9999 -9999 -9999 -0.0230837226144644 -0.0447604813847131 -0.0385474404082687 -0.0248409802207286 -0.022159978561946 -0.0158684519657013 -0.00888882460298929 -0.00588791481219425 -0.00504004640637107 -0.00319703254094277 -0.00272742380869372 -0.0047648806704443 -0.00210009813024276 0.00553929314808234 0.0794917625182592
-0.06388988776182 -0.0609683211534169 -0.060973093675666 -0.0605965864126052 -0.0595224333385788 -0.0577244228665467 -0.0549735298565453 -0.0507930613636121 -0.0513839965599134 -0.0550482683006734 -0.0558592428723909 -0.0566708512947197 -0.0571072760832052 -0.0569659273969046 -0.0570840100372406 -0.0572343444880885 -0.0577336509857393 -0.0574495740559255 -0.0568609691927537 -0.0554609423339034 -0.0510037980491755 -0.0468708310667532 -0.0438842761280357 -0.0431240282478802 -0.0388787205659529 0.0441195427328416 -9999 -9999 -9999 -9999 -9999 -9999 -9999 -9999 -9999 -9999 -9999 -9999 -9999 -9999 -0.00694383535981574 -0.010292244426876 0.0261304895333028 -0.0281366305457379 -0.023657543844263 -0.0217125546010894 -0.0181093003029913 -0.0128289518582824 -0.00983643126675342 -0.00966230877532008 -0.0101744227838505 -0.0053608866716353 -0.00668209234271466 -0.0033776799651386 0.00871525756356249 0.0904540224125457
-0.0605777573209192 -0.0599422288698525 -0.0599071060889253 -0.0586664740161302 -0.0563701078223639 -0.0527777594833116 -0.050212715201051 -0.0474769041070635 -0.0452390385961793 -0.0516888041332469 -0.0542179426426488 -0.054603547526247 -0.0555789876889094 -0.0549207524718292 -0.0534423518491689 -0.0547532294838185 -0.0557652092699509 -0.0558852121047856 -0.0552682517480945 -0.0547253959849202 -0.0540148308070849 -0.0510133244510087 -0.0462970098369547 -0.0425304457931439 -0.0384913259865112 -9999 -9999 -9999 -9999 -9999 -9999 -9999 -9999 -9999 -9999 -9999 -9999 -9999 -9999 -0.00728238615686388 -0.0122137439121046 -0.00504302923277679 0.0673755216582635 -0.025793433977402 -0.0233790224286298 -0.0266019663599999 -0.0261545423991433 -0.0174566206000917 -0.0136716003178956 -0.0114184478216821 -0.0127892429817564 -0.00597460320461023 -0.00482174079880314 -0.000908645407811798 0.00846302230562961 0.00945443923222761
-0.0593616962806411 -0.0592529163301579 -0.0569597193894477 -0.0515965229413202 -0.0459055138712052 -0.0436954259312241 -0.0432942357796561 -0.0424349953481611 -0.044770361997182 -0.0414273593029821 -0.04545883561695 -0.0516677752070866 -0.0530063558419793 -0.0527482667872252 -0.0511619437766733 -0.0510711726406145 -0.0494822955849527 -0.0518332288592784 -0.051222401939384 -0.052708986691995 -0.0493199179724918 -0.0495687975507183 -0.046136310064347 -0.0428568788579188 -0.039414697185729 -9999 -9999 -9999 -9999 -9999 -9999 -9999 -9999 -9999 -9999 -9999 -9999 -0.00708775673389128 -0.00266963154708308 -0.0313592016238073 -0.0266729949137859 0.0661497664321669 -0.0276170594711932 -0.0329885705479266 -0.0321358550491941 -0.0335834579892155 -0.0320666907619117 -0.0232259661486868 -0.0153932504339416 -0.0118597197030769 -0.00920295350884067 -0.00391048733185861 -0.000366703135224286 0.00370504133522079 0.00927994388749355 0.0116975246893219
-0.0571903664412693 -0.0573076847323389 -0.0546146212692782 -0.0457472376450522 -0.0427470735608586 -0.0416928308530903 -0.0416436142173961 -0.0412498811318423 0.0401618913724149 -0.0415582308115326 -0.0377786169021968 -0.0441730510094385 -0.0490738347940207 -0.0507360148086028 -0.0506741211606844 -0.0474049434200257 -0.0443434449678647 -0.0446368805155265 -0.046758415796588 -0.0485835327035821 -0.047314712921253 -0.0478285047696366 -0.0456310938418798 -0.0402868010560985 -9999 -9999 -9999 -9999 -9999 -9999 -9999 -9999 -9999 -9999 -9999 -9999 -0.0112927962593415 -0.00876019021424303 0.0663173639908378 -0.0351309856138281 0.0593129418836283 -0.0280258931154259 -0.0336369624378679 -0.0367232556345264 -0.0389027696038489 -0.0380176158679544 -0.0336789084341982 -0.0292546311679282 -0.0184068372369609 -0.01414922539611 -0.0082689559905526 0.0821481558591947 0.00276694243062486 0.00781630825554153 0.00944716859286369 0.0907379502010393
-0.0550670601070293 -0.053031803079753 -0.0510814261063841 -0.0435492674373443 -0.0401589123739537 -0.0394415426233804 0.0379698868175185 -0.0450093609629396 -0.0436312951635014 -0.0363871283839329 -0.034043931815597 -0.0450749831438652 -0.0428865206953255 -0.0457155451144915 -0.0446562688871636 -0.0353263607434021 -0.0412140872149738 -0.0436756647062863 -0.0435802142613036 -0.0425190737674721 -0.0457310185264711 -0.0361485022714761 -0.0553027593210756 -9999 -9999 -9999 -9999 -9999 -9999 -9999 -9999 -9999 -9999 -9999 -9999 -0.0170489055157612 -0.0166214292064928 -0.0230304045924624 0.0562094974351369 -0.0368093847469913 -0.0350731933522175 -0.0340325597899252 -0.0327784677129744 -0.0389609347187603 -0.0388434859290354 -0.0379857369107433 -0.0338228298082737 -0.0311794863328632 -0.0270767950384589 -0.0187513536868204 -0.00701132180724495 -0.0016314215312455 0.00347871938168751 0.00730661779346575 0.00238346281084072 -0.00131207267918412
-0.0478844327647437 -0.0465337716829079 -0.0423061745327645 -0.0410353040572815 -0.0386742105305114 0.0390558220558474 0.028779985088175 0.0238135791226672 -0.038990576556167 -0.0454213638602283 -0.0253838546265679 -0.0459705767721797 -0.0364974929609442 -0.0429031126672073 -0.0409066696685352 -0.0362288521577799 -0.0334102676310339 -0.0311030514062169 -0.0304138320798474 -0.0351218507079606 -0.0377596013838604 -0.0372972632909753 -9999 -9999 -9999 -9999 -9999 -9999 -9999 -9999 -9999 -9999 -9999 -9999 -9999 -0.0197554476256427 -0.0355765453081811 0.0604288918126647 0.0505484657703993 -0.0414879479643481 -0.0411855639374692 -0.045998913623034 -0.0470445807048859 -0.0438402794385514 -0.0399784513764082 -0.0369357820159333 -0.0367948434682634 -0.0345841962483313 -0.0338990783082697 -0.0232638107587092 -0.00787820573140453 -0.00321959016563594 -0.000325689272145768 -0.00700200047472711 -0.00689946581703081 -0.0150746472884816
-0.0457505933247586 -0.0390327089791477 -0.0368310102384327 -0.0376829800305637 -0.0382761896319994 0.044178267127704 -0.0291953474931147 -0.0478749250055755 -0.0525062849950619 -9999 -9999 -9999 -0.031605098375628 -0.0272253770787934 -0.0213917143358252 -0.0185904674875624 -0.0172578897908113 -0.023022388246497 -0.024097883592406 -9999 -9999 -9999 -9999 -9999 -9999 -9999 -9999 -9999 -9999 -9999 -9999 -9999 -9999 -0.007686745561488 -0.019164847997312 -0.0309283696348325 0.047930849172738 0.0539526164059163 0.0518413345906244 -0.0421339163078347 -0.0444122364018464 -0.049160709613087 -0.0487766707133518 -0.0450660346646481 -0.0382487849143969 -0.034971590827773 -0.0336384538510707 -0.0330286522777533 -0.0329139998877838 -0.0245728986975154 -0.00955940126432307 -0.00841119952477491 -0.0172797017089031 -0.0210600613248403 -0.0252755407427105 -0.030099143894045
-0.0418695633176286 -0.0354218111883849 -0.0347896384170246 -0.0367281027274357 0.057282942087892 0.0506442890686827 -0.0275005428147201 -0.0548601638104632 -9999 -9999 -9999 -9999 -9999 -9999 -9999 -9999 -9999 -9999 -9999 -9999 -9999 -9999 -9999 -9999 -9999 -9999 -9999 -9999 -9999 -9999 -9999 -9999 0.00600051268106531 -0.0033659350861661 -0.0138104881724115 0.0551934721906918 0.0594180865144296 -0.0326891693474534 -0.0347463874341418 -0.0420882417784973 -0.0450852366096348 -0.0448132401267641 -0.0451230812196573 -0.0411891060438259 -0.0348136874549207 -0.0317721366543478 -0.0310206508267591 -0.0331252212826382 -0.0275816384076254 -0.0173723557541304 -0.0113026768718105 -0.0151085769388466 -0.0236543745912069 -0.0322490160259608 -0.0403777772614727 0.0294050736468217
-0.0376177307029388 -0.0327736206200651 -0.0314984623316239 -0.030405256453931 0.0684498984442703 -0.0249740888490834 -0.0241016121254131 -9999 -9999 -9999 -9999 -9999 -9999 -9999 -9999 -9999 -9999 -9999 -9999 -9999 -9999 -9999 -9999 -9999 -9999 -9999 -9999 -9999 -9999 0.0142209958285529 -0.0154534662420069 -0.0266573350751559 0.0892236065201902 0.0895155506546491 0.00132959295637317 -0.0230337602721688 -0.0284748084894853 -0.0310776973817684 -0.036276950233572 -0.0338992647349201 0.0524095630209122 -0.0412521182516466 -0.0400903073666224 -0.0389989657554331 -0.0349244248852327 -0.0309654685382535 -0.0313498802912894 -0.0292958314576571 -0.021171171608453 -0.0219825003908062 -0.0187862154704372 -0.0175313776868849 -0.0268754542560735 -0.0291602992828476 -0.0499123818673261 0.0448184562450296
