raw_data/Abundance/Panulirus.interruptusGrid_abun_Teorica.asc
NCOLS 96 
NROWS 96 
XLLCORNER 0 
YLLCORNER 0 
CELLSIZE 0.0104166666666667 
NODATA_value -9999 
[rows 25 to 49 of 96, columns 0 to 55 of 96]
0.00178658818759613 0.00185102359802406 0.00181397466058691 0.00173890689869109 0.00175058474916197 0.00175707151038676 0.00177189612616038 0.00182261029565534 0.00195933356080865 0.00201776108589441 0.00189443234323564 0.00183962392496647 0.00182859577744745 0.00183722207770336 0.00185415169370175 0.00187334500173786 0.00189985120190738 0.00192987009203068 0.0019365062102559 0.00198884743757426 0.00222954277813101 0.00272680357402112 0.00325823445116515 0.00368392990681945 0.00418702962794499 0.00475670523201084 0.00511384582446918 0.00538675840349927 0.00565468619264011 0.00621507365824191 0.00668477342014699 0.00714943238328766 0.0072315227246473 0.00717036103297248 -9999 -9999 -9999 -9999 -9999 -9999 -9999 0.00436221605463324 0.00457915709775334 -9999 -9999 -9999 -9999 -9999 -9999 -9999 -9999 -9999 -9999 -9999 -9999 -9999
0.0017978777098659 0.0018181342530488 0.00176568007449886 0.00177107839658304 0.00178115999411186 0.00180877143608454 0.00181564465854793 0.00184414850859816 0.00187605956522062 0.00189085804351917 0.00187081060013687 0.00185436919483362 0.0018426054640875 0.00184322996304553 0.00186790934040357 0.00189646546540395 0.00191279858688188 0.00195574619235464 0.00207797436061652 0.00244148502914307 0.00279350080952426 0.00312873259698248 0.00360196091802265 0.0040351615629484 0.00449463037032423 0.00498307443578289 0.00544240322097083 0.00617769706888507 0.00630325029736895 0.00659573797826749 0.00713179892242476 0.00715334366973634 0.00699904855348281 0.00710195552677695 -9999 -9999 -9999 -9999 -9999 -9999 -9999 -9999 -9999 -9999 -9999 -9999 -9999 -9999 -9999 -9999 -9999 -9999 -9999 -9999 -9999 -9999
0.00176694120767122 0.00174664265783195 0.00173991319148146 0.00179793371874106 0.00183034232087119 0.00183917212004018 0.00183559501987996 0.00183796046137422 0.00182746533165047 0.00182750267090058 0.0018366078470391 0.00183891447921445 0.00183798286492428 0.00185056245828524 0.00186829673512343 0.00189492708829955 0.00217083520866945 0.00238241806939923 0.00265529891006673 0.00287480702663167 0.00308322538591491 0.00336205623608691 0.00389704367680361 0.00443039752532813 0.00491939234472586 0.00540843383818623 0.00609707229309212 0.00639169764605927 0.00655500085640105 0.00689599222318823 0.00719466888479196 0.00716334125395242 0.0098671416978684 -9999 -9999 -9999 -9999 -9999 -9999 -9999 -9999 -9999 -9999 -9999 -9999 -9999 -9999 -9999 -9999 -9999 -9999 -9999 -9999 -9999 -9999 -9999
0.00171381772306312 0.001727945028341 0.00173815077887642 0.00177711802028781 0.00182441658187925 0.00184724766635701 0.00184287057276325 0.00183557261632989 0.0018326004120214 0.00182518203650644 0.00182754654451945 0.00183189096626937 0.00184149742184058 0.00184266707385017 0.00187231350495366 0.00217100323529493 0.00259809517890322 0.00278185096349096 0.00306064447441286 0.00367251343109931 0.00371140226008547 0.00360218495352329 0.00429266236649693 0.00491846819828572 0.00537242013145829 0.00608816688194166 0.00631593630759271 0.00651808167285802 0.00659683948614564 0.00672987923427592 0.00694440256095161 0.0067093706511548 -9999 -9999 -9999 -9999 -9999 -9999 -9999 -9999 -9999 -9999 -9999 -9999 -9999 -9999 -9999 -9999 -9999 -9999 -9999 -9999 -9999 -9999 -9999 -9999
0.00168481632750522 0.00171364409555013 0.00173472116875412 0.00176643992823854 0.00179731388718929 0.00182365206073332 0.00182466395441121 0.0018310956402421 0.00183441509957658 0.00182740372188779 0.00183317170254803 0.00183258827676511 0.00183783630836761 0.00197295398576633 0.00221826539111752 0.00262840531517736 0.00306397700248489 0.00367807697936522 0.00424526952329897 0.00446682196380725 0.00412989124046917 0.0041412703769392 0.00467612713028052 0.00542971721074706 0.00614603338479457 0.00633870391534529 0.00641600549787875 0.0064683271220908 0.00657018859638196 0.00669250264491908 0.00684416534404009 0.00717066908178586 -9999 -9999 -9999 -9999 -9999 -9999 -9999 -9999 -9999 -9999 -9999 -9999 -9999 -9999 -9999 -9999 -9999 -9999 -9999 -9999 -9999 -9999 -9999 -9999
0.00168577594623297 0.00171476800697834 0.00173059144769232 0.00176571274634271 0.00179287425035159 0.00181037982428288 0.00181756202904091 0.00182021778320475 0.00182550315405736 0.00182181496962807 0.00184506238674452 0.00187972161217484 0.00201005426467238 0.00242650265503774 0.00274548253388701 0.00312516669859729 0.00407254748711776 0.00450841788842614 0.00472312791135237 0.00474882665023832 0.00485549555298072 0.0051559738334021 0.00522682506047962 0.00591371790544302 0.00625006053559191 0.00631732719465919 0.00636128482684734 0.00641221556399292 0.00651092187165006 0.00664472707440752 0.006839236563026 0.00703024549694698 -9999 -9999 -9999 -9999 -9999 -9999 -9999 -9999 -9999 -9999 -9999 -9999 -9999 -9999 -9999 -9999 -9999 -9999 -9999 -9999 -9999 -9999 -9999 -9999
0.00170317697026396 0.00172097752427109 0.00175628738613452 0.00178401084585751 0.0017923851061752 0.00179822776533565 0.00180269167268591 0.00181159801731761 0.00182189804945956 0.0018431478166953 0.00198673683646198 0.00212424515934878 0.00241872675620302 0.00279613322665679 0.00310220305978165 0.00372333215049457 0.00458689565733796 0.00483061827759711 0.00501232040342899 0.00521095587918426 0.00546455473109664 0.00564494064836225 0.00574081850782381 0.00613856553477322 0.0061985230356321 0.00627668342091801 0.0063007485676118 0.00635538522533047 0.0063999309507078 0.00668944082641033 0.00692220437676315 0.00690917297847591 -9999 -9999 -9999 -9999 -9999 -9999 -9999 -9999 -9999 -9999 -9999 -9999 -9999 -9999 -9999 -9999 -9999 -9999 -9999 -9999 -9999 -9999 -9999 0.00660731314580058
0.00171177433260103 0.001723570735191 0.00175495530838696 0.00178398004097617 0.00179343807302821 0.0017962879912926 0.00179587912650393 0.0017963925411929 0.00182400398316558 0.00201461338711041 0.00234818824534514 0.0025792295227868 0.00281990899416225 0.00317427714730017 0.00348844026288566 0.00404979854899024 0.00476782299373012 0.00499820616688864 0.00518638665261403 0.00547909836901321 0.00568145843496664 0.00578058480918748 0.0059302591932403 0.00603365157678584 0.00610139431129197 0.00622412842639279 0.00625732301973767 0.00630288623968041 0.00635929651177915 0.00672090847943778 0.00689555348699948 0.00669902767887523 -9999 -9999 -9999 -9999 -9999 -9999 -9999 -9999 -9999 -9999 -9999 -9999 -9999 -9999 -9999 -9999 -9999 -9999 -9999 -9999 -9999 -9999 0.00653220524421089 0.00656453169999079
0.00171528142166731 0.00173053823926092 0.00175122978470756 0.00177307137905749 0.0017891309905284 0.00180233134892238 0.00180082751062433 0.00182737571745021 0.00200520856348978 0.00238677369292418 0.0027266915562708 0.00290468776152958 0.00317825377743653 0.00358188173627775 0.00386339167764491 0.00428966589167587 0.00504065155944747 0.00526877570797453 0.00541990632278152 0.00576814150408941 0.00583739647822487 0.00579736880211045 0.00585001714476094 0.00596762644778461 0.0061129508092 0.00620375986545957 0.00623215636516574 0.00626956095896015 0.00636783786524107 0.00671366466491707 0.00674212650831093 0.00644223632107873 0.00657805784334196 0.00646425714382917 -9999 -9999 -9999 -9999 -9999 -9999 -9999 -9999 -9999 -9999 -9999 -9999 -9999 -9999 -9999 -9999 -9999 -9999 -9999 0.00652355187299866 0.00652356120781118 0.00969298210055808
0.00172530701032096 0.00174079533126523 0.00175893193852333 0.00176420890804466 0.00179586232384139 0.00181781686942289 0.00184198936646073 0.00212693545231897 0.00253284483934171 0.00292180780770351 0.00324898365195121 0.00337787874331964 0.00364155919276083 0.00406886957098225 0.0044301081461398 0.00511470462722164 0.00555103243434383 0.00561596539027943 0.00569699156301104 0.00574990128041227 0.00581272456871684 0.0057885007302101 0.00586753858787352 0.00599534150617633 0.00611452839251701 0.0062008660735763 0.00631032608526418 0.00631674843628253 0.00644856532397182 0.00671658646123792 0.00666713062447156 0.00628861331132711 0.00635851238752691 0.00631807397966132 -9999 -9999 -9999 -9999 -9999 -9999 -9999 -9999 -9999 -9999 -9999 -9999 -9999 -9999 -9999 -9999 -9999 0.00662386376841039 0.00659536458576642 0.00969528779925217 0.00651265814678002 0.00609747369003076
0.0017298502635777 0.00174107444215978 0.00176272747329667 0.001810158589226 0.00187507847642407 0.00197793037432431 0.00215936459103666 0.00277736091866563 0.00314511519296681 0.0034811777787399 0.00363849737425208 0.00373837053347506 0.0039290527489576 0.00453734647244633 0.0051731872277013 0.00560649055556485 0.00562923015887985 0.00562275179898633 0.00559405658527931 0.00564689162418033 0.00575396192386138 0.00578389866763445 0.00586363663623737 0.00599712445536893 0.00611682475639858 0.00623276312797997 0.00640319813509214 0.00645088969229096 0.00662151139565366 0.00673876597580132 0.00658048489459889 -9999 -9999 -9999 -9999 -9999 -9999 -9999 -9999 -9999 -9999 -9999 -9999 -9999 -9999 -9999 -9999 -9999 -9999 -9999 0.0067240636460718 0.00669059834316364 0.00662643084185522 0.00635688813014727 0.00611809429090221 0.00530848600046304
0.00172349605669079 0.00176195268385696 0.00180766619428138 0.00189438006828549 0.00211823073963784 0.00239945036833542 0.00291386388224331 0.00331143354775471 0.00352125212891695 0.00366119030350445 0.00376768184480884 0.00385710934881446 0.0040072784779312 0.00522220432827891 0.00554973489540262 0.00550737351615654 0.00552142240900919 0.00555094842103109 0.0055457395956412 0.00558509516525369 0.00568603249310471 0.00576547174770678 0.00589580440020432 0.00607787058372473 0.00617810780063625 0.00630182207105237 0.00645218723123217 0.00650126967549747 0.00662881121904953 0.00655222841708063 -9999 -9999 -9999 -9999 -9999 -9999 -9999 -9999 -9999 -9999 -9999 -9999 -9999 -9999 -9999 -9999 -9999 -9999 -9999 -9999 0.00683512924551426 0.00681114811213322 0.00654751433675465 0.00625369177766479 0.00576895363277923 0.00956677543519734
0.00175354948562044 0.00182719275512469 0.00193222806567492 0.00224416949587907 0.00256435916643179 0.00291324778461655 0.00331810793871129 0.00358017346558537 0.00372743013319379 0.00384206163102145 0.00396006299617124 0.00408272243277184 0.00469165092351239 0.00544021887483958 0.00544859220167602 0.00543205091387874 0.00546745785779244 0.00550640269565376 0.00553887850843409 0.00558788627419917 0.00571216996817942 0.00585613144696592 0.00594731389572655 0.00613542903776425 0.00625891927267974 0.00632528045493192 0.00643053980098279 0.00637546440707537 0.0064255736807186 -9999 -9999 -9999 -9999 -9999 -9999 -9999 -9999 -9999 -9999 -9999 -9999 -9999 -9999 -9999 -9999 -9999 -9999 -9999 0.00670588876608234 0.00979858683467244 0.00985269140807709 0.00985004032131952 0.00977028368309154 0.00584377215518059 0.00963547965539372 0.00953059370184392
0.00183762907552952 0.00205727628080111 0.00233674283170618 0.00258272074267177 0.00309103862399974 0.00340612588602538 0.00363707848274803 0.00387514420661601 0.00406254056808916 0.0044837739833557 0.00494096509647503 0.00511924134610961 0.00536604445450256 0.00539276068795393 0.00540985272969028 0.00542621665604956 0.00543035197799888 0.00549389404686801 0.00558905312576501 0.00565288457382246 0.00578634438851644 0.00591097347056018 0.00601375909129148 0.00620139815789032 0.00621177846941999 0.00622817973502937 0.00622810505652916 0.00624214461456929 -9999 -9999 -9999 -9999 -9999 -9999 -9999 -9999 -9999 -9999 -9999 -9999 -9999 -9999 -9999 0.00632700739524936 0.0064007710838352 0.0096781210790156 0.00962182282466718 0.00664100248420938 0.00972794097347051 0.00977084377184314 0.00670875455352803 0.00662997807061536 0.00619639469837602 0.00952874540896363 0.00966042227446502 0.00598721088446559
0.00190111700248599 0.0023422092979218 0.00263497702319614 0.00314914783197834 0.00350785667294116 0.00373287232889684 0.00397127410601578 0.00454615853547152 0.00500889452723169 0.00525545493049896 0.00532664221082744 0.00529369965742077 0.00531513238698204 0.00538833598681628 0.00542741151205297 0.00546491878878518 0.00550604797277775 0.00555401957435237 0.00567386923238244 0.00576959773484357 0.00583917942741746 0.00594136762014705 0.00606135730036503 0.0061203999895963 0.00608379818967917 0.0060689371681367 0.00941191089537968 -9999 -9999 -9999 -9999 -9999 -9999 -9999 -9999 -9999 -9999 -9999 -9999 -9999 -9999 -9999 0.00622017046588148 0.0063020087673029 0.00963936293740482 0.00620371319139694 0.00617327236774743 0.00634703056811909 0.00636999420693473 0.00640446766959577 0.00646059789731871 0.0064691672552182 0.00623029873747293 0.00649648091667128 0.00631636570896894 0.00614151533553165
0.00219595332221625 0.00272619681120688 0.00365957538093733 0.00355834867389799 0.00376626295330478 0.00412200332388413 0.004644108723314 0.00495154143906776 0.00516557002067953 0.00532848116889519 0.00539573849314994 0.00535508538459624 0.00534141921905718 0.00544581976235559 0.00549529426874701 0.00555114445209415 0.00560513700774848 0.00568185983190528 0.00575734112599604 0.0058482902044435 0.00588925136181059 0.00597413281211571 0.00597490760155543 0.00601393645272948 0.0060352478297279 0.00591214965693854 -9999 -9999 -9999 -9999 -9999 -9999 -9999 -9999 -9999 -9999 -9999 -9999 -9999 -9999 -9999 0.00605804344191806 0.0060825473248006 0.00622733026708944 0.00571026566642398 0.00553860779887081 0.00573036351779392 0.00596435926340027 0.00606646344281712 0.00615949418445804 0.00627972656980171 0.00645865625631316 0.00647454410723357 0.00640551316859876 0.00660123618284571 0.00971062489623351
0.00253200470621431 0.00359080581705326 0.00386793773134541 0.00392497343588344 0.00417894568029689 0.00448318589016652 0.00481049242178959 0.00507735604230238 0.00521622071344931 0.00528600777189879 0.00534521848775553 0.00533429675709932 0.00539752144234254 0.00552861954946727 0.00559658631947404 0.0056630781891016 0.00569479788206726 0.00579503509897878 0.00584947572563439 0.00584746874094116 0.00593075393830422 0.00586474747892804 0.00587591191470996 0.00583817126766458 0.00587386759076661 0.00927593068130349 -9999 -9999 -9999 -9999 -9999 -9999 -9999 -9999 -9999 -9999 -9999 -9999 -9999 -9999 0.00574823968378252 0.0059077996343011 0.00945944376076554 0.00568784344673489 0.00542328552491618 0.00534025236749134 0.00545387570556612 0.00559765048810208 0.00567292641631725 0.00571807890450881 0.00578399201575971 0.00601730632005162 0.00611145723919574 0.00618131897614542 0.00667363698880266 0.00980714685775941
0.00337978304507508 0.00377107971656855 0.00401846158333816 0.00422553572961756 0.00451180642537333 0.00476075654064742 0.00500923991529518 0.00518356753923098 0.0052501527569838 0.00525629506362636 0.00529387701885878 0.00530335185357336 0.0054539037100037 0.00562067013579288 0.00571649198637927 0.00576805749077667 0.00580208288243643 0.00585491792133745 0.00586272182460976 0.00578870609608569 0.00559400991121668 0.00559882667448044 0.0056927815625615 0.00578566294720199 0.00573388274211648 -9999 -9999 -9999 -9999 -9999 -9999 -9999 -9999 -9999 -9999 -9999 -9999 -9999 -9999 0.00542803694449226 0.0055188366659393 0.00568447357941275 0.00935577133284421 0.00529705085511785 0.00524897657060544 0.00514031001798233 0.00520716594529843 0.00534092447399326 0.00542268809691447 0.00544319668003559 0.00551185422616934 0.00579475505460298 0.00594850875172997 0.00607757186972388 0.00638930793405244 0.00659762361039788
0.00385310471424051 0.0039671854581291 0.00419369468408905 0.00440343858675107 0.00474935873455234 0.00507139109709783 0.00530202631019458 0.0054278409134292 0.00538211900167351 0.00537655545340761 0.00535552412078499 0.00543497271019959 0.00551640027986984 0.00562527219836853 0.00573066223179478 0.00580639556582375 0.00583689239834843 0.00581278991240453 0.00581490891484809 0.00568674193885674 0.00573270655573812 0.00555703471879849 0.00556815248051776 0.00555216194665956 0.0053244952039463 -9999 -9999 -9999 -9999 -9999 -9999 -9999 -9999 -9999 -9999 -9999 -9999 0.00543908002771133 0.00556563208113556 0.00527850258262734 0.00536466290224861 0.00922731497766453 0.0053163085733604 0.00489787560185186 0.00486378486650442 0.00485579426698158 0.00499414552343954 0.00515194119439058 0.00527318173948713 0.00534078445180536 0.00539549578802425 0.00563483104639586 0.00588866326862141 0.00614960861799228 0.00640315146102951 0.00659264815532116
0.00415769031217363 0.00417576250922529 0.00431665283469051 0.0046407855300545 0.00506535147339307 0.0053942915972083 0.00565280056050972 0.00579857299292639 0.00921873628495251 0.00556382112750538 0.00563288007057778 0.00564467927361151 0.00563725809765279 0.00567389723682002 0.0057196844922634 0.00577764434324157 0.00581111898096225 0.00578897680564896 0.00574016507094694 0.00569909189582954 0.00570462743965786 0.00555292740128675 0.0054092646365011 0.00548306566433705 -9999 -9999 -9999 -9999 -9999 -9999 -9999 -9999 -9999 -9999 -9999 -9999 0.00529148730685195 0.0054282236407428 0.00924820628809925 0.00514597624918603 0.00904077741894384 0.00510059039068129 0.00477929547832541 0.00458339510264046 0.00457006499035235 0.00461660836561039 0.00476987665248599 0.00494374687060798 0.00511607684466306 0.00527432992142791 0.00538761720625173 0.00926133103451176 0.00587430632695537 0.00621629651868291 0.00640256336784033 0.00976571895976599
0.00417215927158999 0.00442098803430124 0.004587959825966 0.0049667385138612 0.00540582942549128 0.00563661399558845 0.00925207090048529 0.00567478404401006 0.00587386759076661 0.00553229746560278 0.00576682529552315 0.00571102178623864 0.00583753650041277 0.00577482522985851 0.00567761249220564 0.00589195845744332 0.00571128316098939 0.00568377346847325 0.00564757306549478 0.00576260596026109 0.00554751321002127 0.00554946418583935 0.00529748959130661 -9999 -9999 -9999 -9999 -9999 -9999 -9999 -9999 -9999 -9999 -9999 -9999 0.00498128215177777 0.00513034977301636 0.00549648912475042 0.00897380013906489 0.00472726323330169 0.00463989872286446 0.00454573846890782 0.00436063847131623 0.0043149725684357 0.00440865674695349 0.00449401427269747 0.00459855483818379 0.00479179479229864 0.00500152002533562 0.00521345760894141 0.00540974071193997 0.00567495207063554 0.00593097797380486 0.00621230121892149 0.00630386639499571 0.00643937986844556
0.00455963800476005 0.0048119299829187 0.00494538046280015 0.00534754285607468 0.00564797446243342 0.00926003349557055 0.00909702899922963 0.00847391159344852 0.00436852638790128 0.00504602841146284 0.00557519092916288 0.00568864624061218 0.00574079050338623 0.0055991253884813 0.00574038910644758 0.00573312662230182 0.00558785826976159 0.00570365661915509 0.00555139649203237 0.00544868554980128 0.00509367329459902 0.00535858593929374 -9999 -9999 -9999 -9999 -9999 -9999 -9999 -9999 -9999 -9999 -9999 -9999 -9999 0.00481153792079258 0.00494664066249125 0.00902405876970855 0.00872209625409543 0.00431423511824609 0.00403283719462925 0.00399360297757961 0.00385176050123667 0.0039010296417525 0.00413499738292127 0.00429839394138832 0.00450103405171754 0.00473599128301413 0.00494575385530121 0.00520971434911821 0.00549730125344025 0.00573772868487748 0.00610922621900186 0.00620067937732576 0.00626133698912415 0.00629136708102248
0.00487809513410782 0.00505947987631379 0.00524860317810437 0.00555914438642952 0.00569897054326669 0.0092336346457451 0.00553514458342342 0.00484960528627639 0.00491633052621711 -9999 -9999 -9999 0.00565311794413563 0.00573705657837556 0.00573976367400829 0.00570827735135579 0.00568698464398243 0.00566131390953406 0.00557952228217526 -9999 -9999 -9999 -9999 -9999 -9999 -9999 -9999 -9999 -9999 -9999 -9999 -9999 -9999 0.00490832125706922 0.00484592737014087 0.00474842525329968 0.00872428060022667 0.00879670007580867 0.00854993430666582 0.00381442125112994 0.00388781154721472 0.00387381866323722 0.00370014447617829 0.00354907920505899 0.00377733404096143 0.00414926097646204 0.00450719502798515 0.0047706141026756 0.00504583238039978 0.00533377400759782 0.00562800729843885 0.00585067058163781 0.00597298463017493 0.00610553896805382 0.00617202150286885 0.00615768323082787
0.00506937477759207 0.00520088361646797 0.00539988314991179 0.00560450224049667 0.00937181787557758 0.00854016075795039 0.00527475932280414 0.00548894659622886 -9999 -9999 -9999 -9999 -9999 -9999 -9999 -9999 -9999 -9999 -9999 -9999 -9999 -9999 -9999 -9999 -9999 -9999 -9999 -9999 -9999 -9999 -9999 -9999 0.00522142020402667 0.00495520068557822 0.00478437361633993 0.00857058291197484 0.00871677541095522 0.00453047605042669 0.00406153240833628 0.00384208963545903 0.00428763090254505 0.00386148737588947 0.00355793794214681 0.00341603012211619 0.003594735773127 0.00411914687125096 0.00459809743236998 0.00487374511147039 0.00513831236810162 0.00541542561276871 0.00578940620702519 0.00586437408642698 0.0059384084845761 0.00599227035285505 0.00596404187977437 0.00942949768217995
0.00517514753833191 0.00531569247573364 0.00557252117278025 0.00574076249894865 0.00935380168740108 0.00438060563531081 0.0046707689478902 -9999 -9999 -9999 -9999 -9999 -9999 -9999 -9999 -9999 -9999 -9999 -9999 -9999 -9999 -9999 -9999 -9999 -9999 -9999 -9999 -9999 -9999 0.00545350231306505 0.00575343917435988 0.00927178602454165 0.00902684987865403 0.00901744972243966 0.0050622149763841 0.00474199356746879 0.00453017733642584 0.00406903759760773 0.00349082064007997 0.00444290617411389 0.00876517641390607 0.00371232640652561 0.00344278369481766 0.00343433568948101 0.00359261677068344 0.00425901036733824 0.0046772753122213 0.00490945076938495 0.00512610243331672 0.00536754735931936 0.00570290983415295 0.00568367078553546 0.00571272072211849 0.0056819718496556 0.00551584019111824 0.00923186103136503
