raw_data/Abundance/Panulirus.inflatusGrid_abun_Teorica.asc
NCOLS 96 
NROWS 96 
XLLCORNER 0 
YLLCORNER 0 
CELLSIZE 0.0104166666666667 
NODATA_value -9999 
[rows 50 to 74 of 96, columns 0 to 55 of 96]
-0.0332734304696719 -0.0265883572145238 -0.0254086493710654 -0.0247201757512973 -0.0235110124970825 -0.00713529552973228 -9999 -9999 -9999 -9999 -9999 -9999 -9999 -9999 -9999 -9999 -9999 -9999 -9999 -9999 -9999 -9999 -9999 -9999 -9999 -9999 -9999 -9999 0.033025106343452 0.0129169414093063 0.0824986379618657 0.00972028363563655 0.0945119713108644 0.0928512827094851 -0.00346641905070848 -0.0254839657378095 -0.0306489160859475 -0.0321050946518852 -0.0330898002190704 -0.0338558273253869 -0.0367398476064082 -0.0401199492040291 -0.0388975496576389 -0.0346774095735098 -0.0312760553377481 -0.0250473545226737 -0.0234737271670111 -0.024628080986021 -0.0211474954238577 -0.0163061817407393 -0.0168583774790965 -0.0219060654641599 -0.0164085299717852 -0.031908041682458 0.0509498423486177 -9999
-0.0241784199053602 -0.0251497027537196 0.0627903581927355 0.0731381558474457 -0.0229319713210739 -9999 -9999 -9999 -9999 -9999 -9999 -9999 -9999 -9999 -9999 -9999 -9999 -9999 -9999 -9999 -9999 -9999 -9999 -9999 -9999 -9999 -9999 -9999 0.0359538690205589 0.0219478212058953 0.0109031607321511 0.00971711438258048 0.0934672363622643 0.0865000995851262 -0.0165397743336365 -0.0277587437254645 -0.0373283965415849 -0.0365002893606995 -0.0317122936995832 -0.0347756564182478 -0.0377821590085536 -0.0384307373251452 -0.0321888002178955 -0.0312089417436196 -0.0292277857302768 -0.0235369258014821 -0.0243952340997252 -0.0231005010129966 -0.0199144695583971 -0.0168872736099018 -0.0197082816831024 -0.0209459682148219 -0.0214217290265327 -9999 -9999 -9999
-0.0223967404078993 -0.026555546124061 -0.032599125275331 -0.0436956123578745 -0.0363051006577759 -9999 -9999 -9999 -9999 -9999 -9999 -9999 -9999 -9999 -9999 -9999 -9999 -9999 -9999 -9999 -9999 -9999 -9999 -9999 -9999 -9999 -9999 -9999 0.034794295255339 0.0355942520120205 0.0140157400865099 0.0803746791343495 0.0892661117964715 -0.00643750057744641 -0.0203969417295208 -0.0358412711516879 -0.0367092736357496 -0.0366056204181512 -0.0383270841075468 -0.041985707120801 -0.0423488662356962 -0.0399324039937701 -0.0344544432996829 -0.0303476506189707 -0.0268469309785688 -0.0237699591144282 -0.0232597093724014 -0.0255805347426944 -0.02295602035897 -0.0246605192231831 -0.0325519593327907 -0.0246502657574135 0.00310884890737942 -9999 -9999 -9999
-0.0225941662306272 -0.0287345008134325 -0.0412331027333102 -0.0457390348724365 -9999 -9999 -9999 -9999 -9999 -9999 -9999 -9999 -9999 -9999 -9999 -9999 -9999 -9999 -9999 -9999 -9999 -9999 -9999 -9999 -9999 -9999 -9999 -0.000586873009295788 0.0105530514827808 0.0182647763014444 0.0913563274002731 0.087117917504409 -0.00666046685127326 -0.0144059348936514 -0.0270915227438371 -0.0388080648654676 -0.0406911604607227 -0.043530811198959 -0.0441238343737443 -0.0459366471218148 -0.0420701583934127 -0.0401773686123391 -0.0395026905646974 -0.0302753170786323 -0.0271673983905324 -0.0251441099542089 -0.0262074875678447 -0.028899861252299 -0.0266823162463037 -0.0294610054698733 -0.0299397491079898 0.0774461028838929 -9999 -9999 -9999 -9999
-0.0228007269592227 -0.0362868308460409 -0.0515785886975559 -9999 -9999 -9999 -9999 -9999 -9999 -9999 -9999 -9999 -9999 -9999 -9999 -9999 -9999 -9999 -9999 -9999 -9999 -9999 -9999 -9999 -9999 -0.00877305365311767 -0.00831556265314183 0.0830087012772422 0.0921601991166121 0.0873427480447394 -0.00148843229042175 -0.00692146416177293 -0.0122340644169935 -0.0237811447134496 -0.0372303361234972 -0.0424765684911907 -0.0466312728210446 -0.0434735782172994 -0.044092887549785 -0.0456543971731744 -0.0419075943543014 -0.0425681039765159 -0.0361128947812579 -0.0278810396080986 -0.0264429444272454 -0.0265767987622017 -0.0277317118611627 -0.0288448653904438 -0.0346061945930734 -0.0284680971300725 0.0718797759575366 -9999 -9999 -9999 -9999 -9999
-0.0257207275837628 -0.0490402779969565 -9999 -9999 -9999 -9999 -9999 -9999 -9999 -9999 -9999 -9999 -9999 -9999 -9999 -9999 -9999 -9999 -9999 0.0277315216065678 0.0189646219468842 0.0902235990727046 -0.0195500054569494 -0.0101898961958301 -0.0147495192102592 0.0797993664913481 0.0832122791794319 0.079687510501134 -0.00535063320586567 -0.00921488481446352 -0.00852305551498905 -0.014217643976791 -0.0185981109802271 -0.030579192518714 -0.038246734221243 -0.0431096733958027 -0.0432660853554522 -0.0394493725426954 -0.0420207553310681 -0.0432778302344247 -0.0417414882088334 -0.0406818391282048 -0.0314574484685454 -0.0291190989931188 -0.0308355291629547 -0.0249698010361252 0.0722796611225522 -0.0334628399464345 -0.0404141304582923 0.0773903613154363 0.0789395667799021 -9999 -9999 -9999 -9999 -9999
-0.0316358587729369 -0.0475533390337098 -9999 -9999 -9999 -9999 -9999 -9999 -9999 -9999 -9999 -9999 -9999 -9999 -9999 -9999 -9999 -9999 0.0244759530113852 0.0958290755956359 0.0903041353856588 0.0818948020413597 -0.0171583379595207 -0.000953201377247095 -0.0167925688715205 -0.0200026493640159 -0.017165795025535 -0.00899844347339915 -0.00625126035373987 -0.0134391262849005 -0.0145735324523223 -0.019296465212464 -0.0267192287230744 -0.0354182690820281 -0.037310686009801 -0.038447329297027 -0.0395355016551602 -0.0397370288641961 -0.0405328842345697 -0.0405830330035157 -0.0409199059607106 -0.0398718153324041 -0.0341212988754951 -0.0333411033437515 -0.0291962796263665 -0.0319115837888148 -0.0295359489833168 0.0530864781883581 0.0560627796613061 -9999 -9999 -9999 -9999 -9999 -9999 -9999
-0.0378447983630735 -9999 -9999 -9999 -9999 -9999 -9999 -9999 -9999 -9999 -9999 -9999 -9999 -9999 -9999 -9999 0.0266053182117618 0.0942194678964544 0.0910668068122689 0.0926296214222107 0.0860245252000657 0.0837861004092304 0.0753853426908478 0.0730991926775211 -0.0140742818826665 -0.0192250638053773 -0.0181208587553134 -0.0176525550096169 -0.0120340286211606 -0.0155239355158418 -0.0225175448773305 -0.0306537631788568 -0.0314682612142661 -0.0372754513728835 -0.0403408647847021 -0.0406221826000906 -0.0425761203224813 -0.0402894110292035 -0.0389689510647256 -0.0389490034131374 -0.0390992632933251 -0.0371436477310812 -0.0360030894841977 -0.0297874385346482 -0.0243133928002186 -0.0252304254933242 0.0640556358687078 0.067482344128918 -9999 -9999 -9999 -9999 -9999 -9999 -9999 -9999
-0.0305236373769076 -9999 -9999 -9999 -9999 -9999 -9999 -9999 -9999 -9999 -9999 -9999 -9999 -9999 -9999 0.00819121224940925 0.0161195648357875 0.0926948707498357 0.0881447554945748 0.00288215410054542 0.0084678693985389 0.00127385138791644 0.0728456524330357 0.0743314728363802 -0.0153971653935991 -0.0180845055584938 -0.0186758508934259 -0.0196760298725907 -0.016319604459565 -0.0202511560889417 -0.0249189065605778 -0.0339522099036214 -0.0373751896308245 -0.0401700979729751 -0.0438799883150775 -0.0444152192282521 -0.0422081141146768 -0.0399536566319108 -0.0389092945366114 -0.0395067919510053 -0.0405625260719764 -0.0394154428923304 -0.0356813170856817 -0.0326986771066216 -0.0279213077645757 -0.0314906324123089 0.0451560749088259 -9999 -9999 -9999 -9999 -9999 -9999 -9999 -9999 -9999
-9999 -9999 -9999 -9999 -9999 -9999 -9999 -9999 -9999 -9999 -9999 -9999 -9999 -9999 -0.0218592723749203 0.0741070151493505 0.0807768014191693 0.0876227608735755 0.0896637598416828 0.0858207608712256 0.0117325728995889 -0.00231411592485248 0.088225291807529 0.0888362119407485 -0.00427234146020136 -0.0187494894203169 -0.0225387975154712 -0.0221111347795525 -0.0239698084836108 -0.0279776086129835 -0.0323077404208232 -0.0337311078962981 -0.0361790762421346 -0.0413179268592226 -0.0439355434568838 -0.0437136957429591 -0.040844403167316 -0.0402146539424104 -0.0389928136759713 -0.0395425858678738 -0.0420804118591823 -0.0423067338127156 -0.0360232235624362 -0.0329701143095413 -0.0320804863340381 -0.0415464859325601 0.0380088499874431 -9999 -9999 -9999 -9999 -9999 -9999 -9999 -9999 -9999
-9999 -9999 -9999 -9999 -9999 -9999 -9999 -9999 -9999 -9999 -9999 -9999 -0.0132720880061807 0.066770380751205 0.0629594471646092 0.0637327449102897 -0.0224905130130288 -0.0121061757348487 -0.00475108509831788 -0.0028417033453625 -0.00420000791986289 -0.0113727732923446 -0.0130498674389553 -0.0126813019511997 -0.0130845427959217 -0.0168975270756714 -0.0252278155202192 -0.0303625647509993 -0.035402049963447 -0.0328549026396207 -0.0369042759120229 -0.0392871813568848 -0.0408486909802743 -0.0435198120265879 -0.0430474068945835 -0.0401499638947366 -0.0411626334594753 -0.039098704013374 -0.0395162997101735 -0.0403240863861699 -0.042109494416638 -0.041147346474146 -0.0362790009267259 -0.0337367006958088 -0.0358768786419061 0.0584581756917419 -9999 -9999 -9999 -9999 -9999 -9999 -9999 -9999 -9999 -9999
-9999 -9999 -9999 -9999 -9999 -9999 -9999 -9999 -9999 -9999 -0.0102223344329922 0.0774524413900051 0.0734675717386263 0.0669691115604855 -0.0212420137355886 -0.0278698540090772 -0.0219826868174566 -0.0227209363528699 -0.00936216186824547 -0.00453855871691101 -0.0113537577740082 -0.0160852661600664 -0.0158815018312263 -0.0229163114824439 -0.0171428645475411 -0.0191160042149185 -0.0312620733389713 -0.0380308521601297 -0.039317568900893 -0.0348981387275323 -0.0343765169598337 -0.0360614410257594 -0.0405845244167185 -0.0429142982662287 -0.0404355695230834 -0.0397206233189646 -0.039140463583054 -0.0356378796761485 -0.0358507789108561 -0.0376147478765331 -0.0368192653594602 -0.0353505962079485 -0.0328810023706707 -0.0246290131192728 -0.0262350787120975 0.0247291204025699 -9999 -9999 -9999 -9999 -9999 -9999 -9999 -9999 -9999 -9999
-9999 -9999 -9999 0.0053815762018804 0.00434112906623853 -0.00249289908254474 -0.00787130794534133 0.00276601029737307 0.0086330434107551 0.00483739680948861 0.076597302344818 0.0716202700602398 -0.0201387408187765 -0.0273426394418678 -0.0316073354954323 -0.031565389499102 -0.0256355306045497 -0.0238037023381428 0.0594665574435224 0.0713212417130673 -0.013055460238466 -0.0176012876807687 -0.0244101482317538 -0.023845089054522 -0.0173880155927604 -0.0208365357710624 -0.0344018709842823 -0.0440302481952651 -0.0426560973554844 -0.037703486962103 -0.0354633843314145 -0.0355439206443686 -0.0398826280781248 -0.0418317187076062 -0.0402319916208936 -0.038146995963302 -0.0345407588387981 -0.0309678920847081 -0.0326925250271598 -0.0311826555859193 -0.0302965697167729 -0.0303970536813153 -0.0269132988660959 -0.0276437184821942 -0.0333246977985201 -0.0447224503480403 -9999 -9999 -9999 -9999 -9999 -9999 -9999 -9999 -9999 -9999
-9999 0.00961607113808705 -0.00381224048712053 0.0862437629408855 0.0801880660573422 0.0869478963992835 0.000444998500429658 -0.00700293260797889 -0.00594887632686097 0.0810596106477608 0.08770870355939 0.0720703039942014 0.0701072313659432 0.0688108204393613 0.0652970509334344 -0.0254008194517504 -0.0317182593523947 -0.0293385231605888 -0.0261853027964522 -0.0289841260982604 -0.0266746727536391 -0.0286895719906965 -0.02847201208973 -0.029297882150811 -0.0244164867378659 -0.0299600696128787 -0.0461845945667895 -0.0474109090728372 -0.0384027733275917 -0.0378582210818992 -0.0360556617995983 -0.0378600853484028 -0.0385677609131576 -0.0413164354460197 -0.0409243802003191 -0.0397504515830217 -0.0340180185111974 -0.0302126777241123 -0.0268730307096188 -0.0261017836570923 -0.0249509719444392 -0.029909547990632 -0.0318245225430981 -0.0320830963071431 -0.0318677735259809 -9999 -9999 -9999 -9999 -9999 -9999 -9999 -9999 -9999 -9999 -9999
0.0153889587930388 0.00779058137779227 0.0733557157484122 0.0749638320343908 -0.0145834130647912 -0.0132676137665722 -0.0202671887808724 -0.013650906959706 0.076504834726241 0.0807801570988758 -0.0101507465992552 0.0787626478887134 -0.0227798471743827 -0.0238971020899716 -0.031554949606682 -0.0361732970159735 -0.0391682411539571 -0.038125556898511 -0.0344917286297543 -0.0338610472715969 -0.0324466282753391 -0.0323157567667885 -0.0330912916322732 -0.033943634277705 -0.0365892148729198 -0.0458766177403999 -0.0470604269701662 -0.0425882380547545 -0.0391149231319551 -0.0407036510462966 -0.0368709055416091 -0.0370347745672728 -0.0397763648874214 -0.0398155144839963 -0.0378927100122152 -0.037427202666274 -0.0334054205381246 -0.02682139052747 -0.0196299824899525 -0.023742181543525 0.0651180813490918 -0.0150940356601187 -0.0327999067777654 -0.0290223435615835 -0.0210145732221532 -9999 -9999 -9999 -9999 -9999 -9999 -9999 -9999 -9999 -9999 -9999
0.0118151599056971 -0.00507192536358211 -0.00569440394912379 -0.00820091026317233 -0.0127487883986289 -0.0182148177870933 -0.0202871364324606 -0.017632793784679 0.0733629863877761 0.0798112977969709 0.0855314267098717 0.0736782338535296 -0.029039308386766 -0.0353024981321564 -0.0411883603372245 -0.0422798883750642 -0.0420261617039284 -0.0419025608347418 -0.0394296113177575 -0.0381154898593917 -0.0351542889451227 -0.0347381846615261 -0.0347117120771754 -0.0359650584475249 -0.0442882626793591 -0.0500055951925045 -0.0490885624993989 -0.0424163526831254 -0.0443238701695772 -0.0431995310412748 -0.0371566975966062 -0.034107130450068 -0.0345782305955199 -0.0365269483717006 -0.034563130036841 -0.0313780307154933 -0.0328379378144382 -0.0274367849002981 -0.0286910634038993 -0.017729922069515 -0.0184806621905022 -0.0221581142954424 -0.0189183919655402 -0.0256301242316894 -0.0304045107473296 -9999 -9999 -9999 -9999 -9999 -9999 -9999 -9999 -9999 -9999 -9999
0.0153022704006229 0.0935431120089595 0.00857991181540339 -0.00941659845014968 -0.0145164858973131 -0.024195571157193 -0.0232610143589539 -0.0271949895347852 -0.0271847360690156 -0.0217067753749284 -0.0238434112146688 -0.0274490890592216 -0.0321714625394123 -0.0420311952234881 -0.0436025854593464 -0.0429178403725855 -0.0430367805755132 -0.0436359558297603 -0.0425966272540206 -0.0413445858702236 -0.0403291199057296 -0.0393811403886647 -0.0387676102823402 -0.0416363435780322 -0.0482313727610579 -0.0499505993306492 -0.0507498103807293 -0.045068085357802 -0.0461135660130035 -0.043989980038788 -0.0399503009522044 -0.0344108194634994 -0.0331101207239593 -0.034328605310692 -0.0298705848207074 -0.0254155471571286 -0.0326794751616349 -0.0352504850967069 -0.0238767815850827 -9999 -9999 -9999 -9999 -0.0129089288912855 -9999 -9999 -9999 -9999 -9999 -9999 -9999 -9999 -9999 -9999 -9999 -9999
-0.00164670851657477 0.00429004816404074 0.0846682713187193 -0.0117711670441573 0.0720557627154735 0.0673153058501982 0.0708471587412097 -0.028459521504156 -0.028464741450366 -0.0277497952462473 -0.0287015032963193 -0.0354380303069659 -0.0412282556404009 -0.0451320296988744 -0.0442049299666495 -0.0444027286426782 -0.0445408707905927 -0.0457211379140022 -0.0438270431463761 -0.0446853514446193 -0.0438615320766921 -0.0432942357796561 -0.0445882231597833 -0.0505093200017689 -0.0510062775236252 -0.048564703611896 -0.0466452548198214 -0.045039375653647 -0.0420319409300895 -0.041553756571924 -0.0377426365586779 -0.0301080923732621 -0.033395167072355 -0.0348794960624966 -0.0225365603956669 -0.0279938277315645 -0.0372329460966022 -0.0285628018684538 -9999 -9999 -9999 -9999 -9999 -9999 -9999 -9999 -9999 -9999 -9999 -9999 -9999 -9999 -9999 -9999 -9999 -9999
0.0177929304493911 0.0933080280028595 0.0836565338872324 0.0746873613119115 0.0674318225066713 -0.0232183226560221 -0.0275484544638619 -0.0273273524565386 -0.0277466259931912 -0.0299981006495515 -0.0337469541615785 -0.0386546357322239 -0.0421020373506237 -0.0465488722415869 -0.0480965862928498 -0.0478094892513002 -0.0466120708760578 -0.0464459647305898 -0.0460716200166732 -0.0465887675447632 -0.0461588676890402 -0.0451219626597551 -0.0491310677756803 -0.0514780860903485 -0.0506178203122766 -0.0467785498748266 -0.0463605813247264 -0.0430145958041207 -0.0424668743053721 -0.0412021559093509 -0.0359508900220978 -0.0303780381629789 -0.0291176075799159 -0.0273275388831889 -0.0288953870126905 -0.036087354330159 -0.0461954073125102 -9999 -9999 -9999 -9999 -9999 -9999 -9999 -9999 -9999 -9999 -9999 -9999 -9999 -9999 -9999 -9999 -9999 -9999 -9999
0.0182425915300519 0.0027352499000642 0.0835237981121783 0.0739062336469161 -0.0282007613134607 -0.0268954019076616 -0.0282555707486656 -0.0285646661349573 -0.0317600189220746 -0.0339376686248936 -0.0403369498250446 -0.0433100820449364 -0.0466277307146878 -0.0486797288551662 -0.0508236353342706 -0.0496277083722311 -0.0476396545728251 -0.0469847377501213 -0.0475169858368902 -0.0467682964090569 -0.0466935393222638 -0.0473195600141623 -0.0478210477036223 -0.0468497648552629 -0.0487908391387789 -0.0460824327623939 -0.0430231714300371 -0.0428527774716109 -0.0429178403725855 -0.0407303100572976 -0.0325146740027194 -0.0253773296938054 -0.020954916694039 -0.028229657444266 -0.0340012401126653 -0.0484645925006544 -9999 -9999 -9999 -9999 -9999 -9999 -9999 -9999 -9999 -9999 -9999 -9999 -9999 -9999 -9999 -9999 -9999 -9999 -9999 -9999
0.011382090796918 0.0740801697116991 0.0757184871150356 -0.0218439853895911 -0.0177688852394396 -0.0253519756693569 -0.0260283315568517 -0.0305898188377844 -0.0356593187409396 -0.041766842233282 -0.0481663098600833 -0.051409947149643 -0.0525191111486065 -0.0543603726035214 -0.0538595746926677 -0.0491871821974377 -0.0476832784090086 -0.048229322067904 -0.0482302542011557 -0.048145243648593 -0.0451428424445951 -0.0459743053051869 -0.0458342988907689 -0.0431428573395663 -0.0423311557039123 -0.0388604507542179 -0.0406576036636584 -0.0411639384460278 -0.041345331576825 -0.0317081923132754 -0.0273605364003021 -0.0207505930852478 -0.0227645601890534 -0.0349082057666516 -0.035088107484246 -0.0368761254878191 -9999 -9999 -9999 -9999 -9999 -9999 -9999 -9999 -9999 -9999 -9999 -9999 -9999 -9999 -9999 -9999 -9999 -9999 -9999 -9999
0.0875379367476631 0.0780210426735936 -0.0178044927296577 -0.026255212790336 -0.0216860820167388 -0.0242257722745508 -0.0307935831666244 -0.0335978128412929 -0.0388639928605747 -0.0450938122355512 -0.0512313877039312 -0.0514948831315456 -0.0521666156381116 -0.0543222856388535 -0.0526380886368642 -0.0504619676325782 -0.048205832309959 -0.0490488536228729 -0.049816744995693 -0.0480747743747581 -0.0416428685107946 -0.0426245912515741 -0.0423725424202916 -0.0389361399742628 -0.0380241408007168 -0.0366333979890544 -0.0358968262934942 -0.0347146949035811 -0.033754038374292 -0.0253570091889165 -0.0233564648039366 -0.022563219406668 -0.027707289969966 -0.0306599152583185 -0.0346999671982029 -0.025685306520195 -9999 -9999 -9999 -9999 -9999 -9999 -9999 -9999 -9999 -9999 -9999 -9999 -9999 -9999 -9999 -9999 -9999 -9999 -9999 -9999
-0.00219759926837941 -0.0105903406407967 0.0698889257583753 0.0677521034919845 -0.0205580143554292 -0.0248022034774544 -0.0371156837335277 -0.0363826541443243 -0.0355040253411923 -0.039963164391079 -0.0466683717244656 -0.0481031112256123 -0.0483691420556716 -0.048427307170583 -0.0512478491771577 -0.0561855081531805 -0.0537003476905979 -0.0510545993113978 -0.051863299477981 -0.0480054236608253 -0.0421217985755615 -0.0410748265071572 -0.039641391992563 -0.0332553470845873 -0.0343420280295177 -0.0344139887165555 -0.0332795825491337 -0.030668490884235 -0.0263487989688152 -0.0187425916342537 -0.0200028357906663 -0.0215250093908304 -0.0245587302720882 -0.0250024256999377 -0.0160742669876953 -0.0402648027113564 -9999 -9999 -9999 -9999 -9999 -9999 -9999 -9999 -9999 -9999 -9999 -9999 -9999 -9999 -9999 -9999 -9999 -9999 -9999 -9999
-0.0255307588270491 0.067097373095931 0.0695293087498368 0.0624760428602338 -0.028538379977257 -0.0286487445542683 -0.0378535604156403 -0.0399551480451136 -0.0400981372859374 -0.045073864583963 -0.0480106436070353 -0.0507608095531003 -0.0490139918392562 -0.0486372235788849 -0.0528765283226707 -0.0576599938161833 -0.058629319184714 -0.0538182625469486 -0.0502857944479909 -0.0450457141597592 -0.0418292951611515 -0.0390319632725463 -0.0358563717103668 -0.0342657795295217 -0.033026415157949 -0.0339611583828385 -0.0285721232009716 -0.0222416334348023 -0.0142577257066177 -0.0146907948153968 -0.0188870722882802 -0.0185893489276603 -0.0153958604070466 -0.0110601357996961 -0.0263200892646602 -9999 -9999 -9999 -9999 -9999 -9999 -9999 -9999 -9999 -9999 -9999 -9999 -9999 -9999 -9999 -9999 -9999 -9999 -9999 -9999 -9999
0.059698285769916 0.0678896863599479 -0.0280490100200701 -0.0340217470442045 -0.0298185717852579 -0.0309913818426531 -0.0352816183473165 -0.0418548356122504 -0.0458876169127709 -0.0493312899981636 -0.0499858339675667 -0.0493566440226121 -0.0510143311549207 -0.0516976407564738 -0.0520964446469173 -0.0504949651496914 -0.0545940024817487 -0.0574813784424764 -0.0492043334492706 -0.0410656916012897 -0.0393789032688604 -0.0360920149964179 -0.0266539793954495 -0.0277386096472259 -0.0278637019296154 -0.0271329094602163 -0.0179704124484754 -0.0135000877995672 -0.0116479390282714 -0.0160964517590878 -0.0211208364128566 -0.0242337886205162 -9999 -9999 -9999 -9999 -9999 -9999 -9999 -9999 -9999 -9999 -9999 -9999 -9999 -9999 -9999 -9999 -9999 -9999 -9999 -9999 -9999 -9999 -9999 -9999
