raw_data/Abundance/Paralabrax auroguttatusGrid_precio_Teorico.asc
NCOLS 96 
NROWS 96 
XLLCORNER 0 
YLLCORNER 0 
CELLSIZE 0.0104166666666667 
NODATA_value -9999 
[rows 52 to 77 of 96, columns 0 to 58 of 96]
1.39793866322074 1.38874916198516 1.34946389394958 1.15284222428171 1.17340891704049 1.07062954448997 -9999 -9999 -9999 -9999 -9999 -9999 -9999 -9999 -9999 -9999 -9999 -9999 -9999 -9999 -9999 -9999 -9999 -9999 -9999 -9999 -9999 -9999 -9999 0.90687732037961 0.783921914050246 0.741562460349524 0.0983544701710266 0.0160816889977613 1.33581487020464 1.65966815949756 1.83185260743626 1.91090996469779 1.91589236922644 1.91840190241213 1.94440807070607 1.9497754245834 1.94327365712974 1.92256031700003 1.82979413511894 1.67049542337977 1.50356984632475 1.42163363288804 1.46643320267878 1.37585140550931 1.3501610699753 1.2287112032532 1.11572060598113 1.34048474754934 -9999 -9999 -9999 -9999 -9999
1.38638417262204 1.36262609650414 1.36979919638947 1.31113724294936 1.46457907505865 -9999 -9999 -9999 -9999 -9999 -9999 -9999 -9999 -9999 -9999 -9999 -9999 -9999 -9999 -9999 -9999 -9999 -9999 -9999 -9999 -9999 -9999 -9999 1.132750332437 0.923795859279656 0.642851951328433 -0.0382860207321944 0.220375300017635 1.23771739527513 1.62045501311981 1.86950311789429 1.95420970451252 1.96846064359346 1.98802364328072 2.01256754496209 2.02220450098315 2.03542620390543 2.01216125962297 2.00660098031093 1.77895738155373 1.62002829331097 1.49259533405779 1.45431976923187 1.51011188170404 1.39690491945846 1.34499836130207 0.935990429591626 0.174445824254168 -9999 -9999 -9999 -9999 -9999 -9999
1.32915864220044 1.33841726002478 1.33721222732515 1.07962672130467 -9999 -9999 -9999 -9999 -9999 -9999 -9999 -9999 -9999 -9999 -9999 -9999 -9999 -9999 -9999 -9999 -9999 -9999 -9999 -9999 -9999 -9999 1.25870179263552 1.21345146248332 0.493373805330896 0.0850179736100305 0.108493573234749 1.10751075726445 1.29117456907494 1.46815510725955 1.74435401113916 1.98634741574991 1.99233772044678 2.02002372235442 2.0099633521005 2.03972525572611 2.05540780971504 2.05595172721786 2.05259566607336 1.92202992230805 1.66445523453624 1.51790102075002 1.47628982924932 1.46372563544096 1.48959627511956 1.39018558500367 1.25999096726929 0.161355743357436 -9999 -9999 -9999 -9999 -9999 -9999 -9999
1.34519669586111 1.32017048059298 1.14125467792317 -9999 -9999 -9999 -9999 -9999 -9999 -9999 -9999 -9999 -9999 -9999 -9999 -9999 -9999 -9999 -9999 -9999 1.30325795183108 1.31244144292851 0.415647693670201 1.62934100237868 1.45265195589448 1.32599730953209 0.444899036059732 0.314488053351857 0.3511438859456 1.31773336957203 1.47070941597448 1.44070981138493 1.59885758166783 1.67654162236146 1.87937476981021 2.00931636072835 2.0363021815412 2.03504996925707 2.0267382486987 2.03879278279171 2.05590154256429 2.05847328067986 2.03881532080978 1.78330571650726 1.6049698921692 1.52246271560798 1.41949702877473 0.665525197509757 1.48140145174825 1.30201084816438 0.367449390754064 0.623129682980119 -9999 -9999 -9999 -9999 -9999 -9999 -9999
1.34233887516947 1.3507079925472 1.25587101756557 -9999 -9999 -9999 -9999 -9999 -9999 -9999 -9999 -9999 -9999 -9999 -9999 -9999 -9999 -9999 -9999 1.2259375244957 0.527006538433796 0.60015292482208 0.45703651005925 1.45815423737334 1.05692041936351 1.01658037208212 1.28100241025138 1.29978409197878 1.42857233738541 1.45790181157092 1.61046916857899 1.69895342753314 1.80705477741793 1.86067121987879 1.99485416529134 2.00940290671775 2.00664094772965 2.02789279623784 2.03206563515731 2.03263689878873 2.03491083455883 2.0328875215497 1.99294714845547 1.77326277565398 1.6034042511804 1.48684964198374 1.55156079947461 1.45219518539487 0.63737671547126 0.576605203539529 -9999 -9999 -9999 -9999 -9999 -9999 -9999 -9999 -9999
1.35517953533286 1.36154427163664 -9999 -9999 -9999 -9999 -9999 -9999 -9999 -9999 -9999 -9999 -9999 -9999 -9999 -9999 -9999 1.24219194312986 0.452661129484034 0.466457401613717 0.206485870746584 0.325486606171425 0.659262633554571 0.801131944650702 0.547257698939554 1.07260086980408 1.2303910368669 1.36611498170182 1.48018439877232 1.48033465222614 1.71643992448862 1.83083989915752 1.91730775676142 1.96742930388644 2.01920964914163 2.0041644703038 2.00514352180889 2.03073619259792 2.02621716972085 2.01781649911782 2.01115035438567 1.99282574366478 1.94253471064385 1.77458500604759 1.53391503385808 1.40095875764251 1.39027573707596 0.499347882654749 0.305668175612667 -9999 -9999 -9999 -9999 -9999 -9999 -9999 -9999 -9999 -9999
1.28183481438553 1.18296804177247 -9999 -9999 -9999 -9999 -9999 -9999 -9999 -9999 -9999 -9999 -9999 -9999 -9999 -9999 1.38068656165321 1.29604879111683 0.335643739649606 0.333035339691304 1.24783846792439 1.20858625564865 1.13929837795445 0.507013813868607 0.402206019691532 1.13083009329719 1.33609133655966 1.38959959653377 1.49617437132776 1.62517297156974 1.81555010769687 1.91512307154288 1.97747314626044 1.99175593907359 2.01557471758683 2.02040236105805 2.02272017083666 2.02890640603731 2.01993056521305 2.01316074559777 2.00430570855039 1.99000999394021 1.97312901840362 1.78839630352266 1.59500207804283 1.48088758493619 1.3906904366085 0.367482446513904 -9999 -9999 -9999 -9999 -9999 -9999 -9999 -9999 -9999 -9999 -9999
1.16643715678328 -9999 -9999 -9999 -9999 -9999 -9999 -9999 -9999 -9999 -9999 -9999 -9999 -9999 -9999 1.53766536006541 0.792074666454478 0.695500761546696 0.310830884285896 0.293308326501496 0.458875612333998 1.09149974922547 1.26496135152163 0.47229024069098 0.398028973675357 1.2076005929916 1.34247109820883 1.44823750942127 1.68320686557288 1.9079319412431 1.96752336254853 1.98576803843199 2.00358719653423 2.01196322557083 2.00333296769036 2.00383571574684 2.00676235252033 2.01294888822789 2.00035855031856 1.99741027704772 1.98604089870412 1.99167480220853 1.99837790929031 1.81943265694356 1.61860990070691 1.5183367557661 1.36880752359427 0.78967061119337 -9999 -9999 -9999 -9999 -9999 -9999 -9999 -9999 -9999 -9999 -9999
-9999 -9999 -9999 -9999 -9999 -9999 -9999 -9999 -9999 -9999 -9999 -9999 -9999 1.25133336326023 0.729818650399012 0.93385082040924 0.672427841178213 1.36478974623914 1.27156348828245 1.21062669755152 1.3903087928358 1.41104977960101 1.39162200802218 1.44733598869836 1.53982900980041 1.54929197232194 1.58986340992221 1.62481837341872 1.84938117535881 2.00266884742448 2.00675964795817 1.98842722405768 1.98990541753635 1.99207537791641 1.99100587383213 1.99608203651595 2.0023824643415 2.00879588276432 2.00228449908961 2.00784567992237 2.00717945610814 2.00306731958401 1.97363236747391 1.84010753218909 1.67915903752699 1.57573057005598 0.331006918064744 -9999 -9999 -9999 -9999 -9999 -9999 -9999 -9999 -9999 -9999 -9999 -9999
-9999 -9999 -9999 -9999 -9999 -9999 -9999 -9999 -9999 -9999 -9999 0.978094452420855 0.25153486127067 0.325678930592314 0.553081522809588 1.30732080522235 1.55140453588264 1.399522334624 1.25802865716241 1.33029455831132 1.3201674755239 1.32122525983879 1.37197486640077 1.5559271648426 1.60346435256193 1.70717529652613 1.81002078059632 1.86989678194329 1.98828117770057 2.03669975218 2.0098491594756 1.99586957813225 1.99874813380052 2.00142534984067 1.99363621079469 2.00484632047723 2.01742073152046 2.02249328812139 1.9877357576632 1.9814644790077 1.98834248110973 1.94753184001097 1.88495818815413 1.75747414272666 1.45535351299415 1.06921716202407 0.344830235816115 -9999 -9999 -9999 -9999 -9999 -9999 -9999 -9999 -9999 -9999 -9999 -9999
-9999 -9999 -9999 -9999 0.645424290457819 0.659226572725655 0.842592882697584 0.99993529446802 0.870140350920804 0.86150678746435 0.798950264501246 0.173640465741697 0.228528052421867 1.18559747721431 1.20244389445652 1.35823869565262 1.47127136389176 1.26853437865345 1.11434728941322 0.612203251818384 0.436758303931805 1.07840966832874 1.33838420426494 1.68662963925088 1.70513785969234 1.76657649695903 1.85975767887957 2.03358830365831 2.12497095173664 2.09574395040663 1.98635552943642 2.00124324265465 2.00521293890455 1.99575989311097 1.99571932467844 2.01568169804595 2.01287586504933 1.98301178907513 1.93532284536744 1.91788803560007 1.83447603273994 1.69460809764869 1.4945155731976 1.21330721916765 1.09830022054533 1.02537320419962 1.15565496893721 -9999 -9999 -9999 -9999 -9999 -9999 -9999 -9999 -9999 -9999 -9999 -9999
-9999 -9999 0.779267062050925 0.837291940846841 -0.0236423191229704 -0.0600216853616864 0.00810924073811181 0.542587821594852 0.745426979181755 0.890881337686013 0.105485499089288 -0.0810150979293107 0.417531871981095 0.0568454510189218 0.0876023330157212 0.53012880520416 1.29721475791847 1.29448916026619 1.24649820711632 1.31768228339773 1.41852939653213 1.56504153935127 1.7352246112851 1.74625621986451 1.74261107107486 1.80511650786366 1.9994474133746 2.15082386150769 2.15887293902878 2.05013691855506 1.98777001545067 2.01769539483404 2.00146862283537 2.0071818601634 2.01626017384316 2.0223478427781 2.01667968148622 1.96879630980929 1.870672089765 1.60351844380531 1.21702148454606 1.09900941684735 1.11634866541809 1.12599193208421 1.19271648585626 1.16253958219121 -9999 -9999 -9999 -9999 -9999 -9999 -9999 -9999 -9999 -9999 -9999 -9999 -9999
-9999 0.640357743995034 0.713413978311027 0.27936480598707 -0.0727932289363218 0.519037095243223 0.753754025592418 0.771550044662769 0.574576781912969 -0.0210008634048284 -0.0126768220632423 1.08162509224047 0.283448694861877 1.04253214862578 1.43730807319046 1.38187656900746 1.50167364773755 1.64863354584907 1.6995183805195 1.70476823619594 1.74341642958733 1.77152584572783 1.77805586083082 1.76265187674527 1.78191136445582 1.92945003887146 2.11452142503733 2.14442156184045 2.10312409955132 1.99820872390131 2.00454581356959 2.01823660777469 2.00499717494487 2.01662078213232 2.01927185407151 1.99499900962083 1.99205464293978 1.93791742200799 1.54265076966313 0.964763965998012 1.10589102503227 0.434985313176738 0.905224532387598 1.26842018602855 1.2521387217727 1.05778888432658 -9999 -9999 -9999 -9999 -9999 -9999 -9999 -9999 -9999 -9999 -9999 -9999 -9999
0.666117196117805 0.691260609079918 0.30954771979028 0.558806179400101 0.680442360404932 0.72312035142775 0.777349827980192 0.791464637431971 0.77576315150786 0.0288261869507092 -0.0416396778214398 0.0165805304644411 0.26453479009511 1.47855565133292 1.78256346444539 1.75703840771058 1.75444202802858 1.75818333902868 1.79728229278153 1.81438113582616 1.83957864003165 1.85563171903769 1.83506803134799 1.80955198982041 1.82946658258961 2.06628555875774 2.11299965805705 2.10692941852275 2.00593746105887 1.97315215743551 1.96601902496889 1.97528094836922 1.97461232049972 1.98110296919781 1.99163453428291 1.96056001648473 1.90634826983984 1.71250929413671 1.15697419426174 1.13131691448757 1.18924863614212 1.3497403603046 1.37070973231962 1.45844572907375 1.5981363650895 1.51445721158849 -9999 -9999 -9999 -9999 -9999 -9999 -9999 -9999 -9999 -9999 -9999 -9999 -9999
0.612362520479432 0.727141133851953 -0.291799658154176 0.590885291790509 0.601418058903238 0.694256662949073 0.777803593410726 0.847034374792481 1.10692176372548 1.23356438981156 1.11043168440669 1.34284673184338 1.52840073210291 1.81401451739884 1.87819377766319 1.85599232732686 1.83039214386514 1.83926310777862 1.87504446527114 1.91743156560736 1.9237313924191 1.91819755771493 1.90530250580126 1.87883385737646 1.9797807388042 2.10914776051494 2.12409948170449 2.09293751639619 1.95436416506304 1.93783478260839 1.92527539691054 1.93487148399216 1.93360845345936 1.95101351304287 1.96281081322294 1.84884927813229 1.64449857079997 1.43400850734459 1.15269798096605 1.12723603068184 -9999 -9999 -9999 -9999 1.52924515651338 -9999 -9999 -9999 -9999 -9999 -9999 -9999 -9999 -9999 -9999 -9999 -9999 -9999 -9999
0.520079854212729 0.22451027506674 -0.0425051377154388 -0.229258160536454 0.269931894156298 -0.0986368229932322 0.16504296311416 0.051637666309547 1.33142746935311 1.45266097110171 1.54620877144957 1.71365422545481 1.80457259036084 1.93538685333876 1.95176057321526 1.96042659141774 1.94606176021881 1.93177536132276 1.95141318723003 1.97815499643387 2.00451726541337 2.00200021955499 1.9782779037591 1.99719000548442 2.08052477806928 2.1065222316629 2.10789494721699 1.97792330560808 1.93009913379196 1.88234978819583 1.89387723317284 1.87745152560132 1.89611600963475 1.93674424304057 1.91737897689853 1.54401807609289 1.55254045199351 1.31807895251581 1.04311513202659 -9999 -9999 -9999 -9999 -9999 -9999 -9999 -9999 -9999 -9999 -9999 -9999 -9999 -9999 -9999 -9999 -9999 -9999 -9999 -9999
0.575938078204571 0.49177510858226 -0.108535520530844 0.010152687710054 0.0480436036941909 0.397509096725142 0.90558814574584 1.15650540348583 1.28707264978567 1.38437979154809 1.52763443948844 1.74936346128949 1.83236647424832 1.92532437953649 2.00671276888057 2.0413735361145 2.02770888601037 1.99935485724705 1.99605919799097 2.01235087948169 2.03762381092099 2.04026977424275 2.02411782846409 2.05032774044141 2.08590295019528 2.07459968337137 1.9871807214048 1.93817705997619 1.87766789057482 1.85799971346988 1.84255065334819 1.83523932028535 1.87102368284694 1.79836111257995 1.65986348898752 1.55348103861442 1.47717331955778 1.26134625342274 -9999 -9999 -9999 -9999 -9999 -9999 -9999 -9999 -9999 -9999 -9999 -9999 -9999 -9999 -9999 -9999 -9999 -9999 -9999 -9999 -9999
-9999 0.795909134595945 0.894298101225862 0.137588652032308 0.176188764318471 1.27357387949455 1.23118137003399 1.25299516645947 1.32921874358197 1.41388656480911 1.55373045934776 1.8533779172304 1.94138647374977 2.00138418039433 2.05541862796371 2.07773667498021 2.05467667640875 2.02722266583381 2.03180479516148 2.04018443028098 2.04898808064716 2.04840119065654 2.05298452201184 2.06030246622665 2.06781904550741 2.02843881728902 1.95541984582958 1.87968729699415 1.82346545964407 1.83873421562118 1.86577082210142 1.83650745943558 1.75641034827362 1.51608295395881 1.54743784470181 1.5294464961415 1.33089857719567 -9999 -9999 -9999 -9999 -9999 -9999 -9999 -9999 -9999 -9999 -9999 -9999 -9999 -9999 -9999 -9999 -9999 -9999 -9999 -9999 -9999 -9999
-9999 0.903009796478302 0.386321224553761 0.132329781148634 1.15064852385595 1.25592210373987 1.26880783993941 1.28583155625713 1.35271537869022 1.46338005249717 1.77525213138255 1.98817600028289 2.05639437389281 2.08439500653275 2.1247098112339 2.12068542272681 2.05591416385441 2.0338473406127 2.05232250529431 2.05689501840094 2.05236667980974 2.03029594997823 2.04001434337126 2.05020333058165 2.00051841999342 1.93808570587626 1.85224200111953 1.80260727518488 1.77503877147813 1.80202128671499 1.82914504019844 1.78774720860216 1.55526905471487 1.41548826662683 1.40272573825942 1.1862856380328 1.31370958207875 -9999 -9999 -9999 -9999 -9999 -9999 -9999 -9999 -9999 -9999 -9999 -9999 -9999 -9999 -9999 -9999 -9999 -9999 -9999 -9999 -9999 -9999
1.02468203831205 0.185880112089813 0.154251760060862 1.04493319881781 1.16784352911103 1.19131912873574 1.24916670845615 1.28023912270597 1.39452490474997 1.57349179359407 1.86946104692722 2.01930340729681 2.05944962762278 2.09249006161072 2.1344621619075 2.12089217147926 2.08638075617843 2.05179301212305 2.06814689854365 2.08125020174432 2.05086053918865 1.94072986615658 1.9794543883025 1.97504565146054 1.91627701806822 1.8484405887379 1.75668681462864 1.68769343370392 1.66861725520703 1.67268912380553 1.72341168474583 1.67685114447633 1.37200491709154 1.17486337047346 1.13589964482905 1.30181852374349 1.38338511368381 -9999 -9999 -9999 -9999 -9999 -9999 -9999 -9999 -9999 -9999 -9999 -9999 -9999 -9999 -9999 -9999 -9999 -9999 -9999 -9999 -9999 -9999
1.16730261667728 0.78553864121334 0.856773803669044 0.262106694281392 0.125096579881776 0.930322869313564 1.1627319066121 1.34040661575335 1.41833406704216 1.54553263090738 1.8623750940451 1.99960457848729 2.04731545919924 2.05945804181619 2.05909683251321 2.11024761579689 2.15424753670641 2.12276102393787 2.10753614196927 2.10847011743821 2.02154969643141 1.9329569544836 1.96848798972205 1.89614606032551 1.85477827942 1.74815241845171 1.65052373429812 1.58458049848593 1.53871112410399 1.54415029913225 1.59657973930793 1.51532567655156 1.11174489959307 1.00123348430902 1.07328302048442 1.11846723911695 1.41156064134399 -9999 -9999 -9999 -9999 -9999 -9999 -9999 -9999 -9999 -9999 -9999 -9999 -9999 -9999 -9999 -9999 -9999 -9999 -9999 -9999 -9999 -9999
0.353175312641236 1.09138255153149 0.301494134665568 0.130935429097191 0.330580198255898 1.07182856705145 1.18801355275172 1.39994304429469 1.51777781291789 1.6474976297382 1.95102673534681 2.02289927295361 2.06865956332808 2.07452816272735 2.07661217813182 2.13117161126885 2.169550550471 2.17400556537674 2.15257431424468 2.11332510703802 1.96437284812885 1.89881756673442 1.91740722454785 1.82162335230025 1.70968152413583 1.62062630205717 1.54433661341498 1.50699262000275 1.46388189903293 1.4535654968937 1.50786709510398 1.37482968202334 0.989901368821971 0.941047960847182 0.843861021847818 1.49700677546192 -9999 -9999 -9999 -9999 -9999 -9999 -9999 -9999 -9999 -9999 -9999 -9999 -9999 -9999 -9999 -9999 -9999 -9999 -9999 -9999 -9999 -9999 -9999
0.261971466172954 0.448030318037325 0.311822557081104 1.17151872859144 1.51424385168406 1.1110417134292 1.16629591853669 1.44542476476577 1.68236544623149 1.89448726219535 2.00250477065291 2.0435723451577 2.05859468547054 2.08381382617338 2.10171382063378 2.12498928265801 2.11368030620285 2.14930540010339 2.17563491382995 2.10232204661484 1.88494015773968 1.8448014500864 1.83108631482178 1.74886161475374 1.5982896236124 1.48791944657493 1.45737892955163 1.52541068837191 1.44307480074804 1.42706078763999 1.50170970856646 1.36175763154107 1.15744899517581 -9999 -9999 -9999 -9999 -9999 -9999 -9999 -9999 -9999 -9999 -9999 -9999 -9999 -9999 -9999 -9999 -9999 -9999 -9999 -9999 -9999 -9999 -9999 -9999 -9999 -9999
1.38838855369599 1.51188787752818 1.5436214069748 1.58960196891257 1.57588983871702 1.35886375002051 1.49069913547059 1.66926635012753 1.85898237105786 1.98087608648254 2.02838021844203 2.05950642342832 2.07205649341203 2.08765250141156 2.12826811352725 2.1135015045928 2.1133638724291 2.11576372059351 2.12273337730236 1.97997727032179 1.79705991766988 1.75749217314112 1.66426291011535 1.61634407862332 1.53002346940416 1.47090775053352 1.45996028388825 1.47669851864371 1.44348950028058 1.46026079079589 1.46197969030758 1.14667882760605 -9999 -9999 -9999 -9999 -9999 -9999 -9999 -9999 -9999 -9999 -9999 -9999 -9999 -9999 -9999 -9999 -9999 -9999 -9999 -9999 -9999 -9999 -9999 -9999 -9999 -9999 -9999
1.71400882360583 1.69426852484305 1.6025898774607 1.52825047864909 1.48715615902953 1.58987543019852 1.74719380141634 1.80496024427169 1.93834774789973 2.01310845739584 2.04883271857591 2.06514994315377 2.07092207983569 2.14724272068936 2.13718625702524 2.13481736107232 2.12667783097203 2.11692307624317 2.07265690621349 1.7608277998159 1.60566406312585 1.5609275997857 1.46988903211662 1.25916156820421 1.31519408620248 1.27533785504239 1.42276053379168 1.46122842303848 1.45651046458856 1.36070585736433 1.28805530737365 0.956220554613849 -9999 -9999 -9999 -9999 -9999 -9999 -9999 -9999 -9999 -9999 -9999 -9999 -9999 -9999 -9999 -9999 -9999 -9999 -9999 -9999 -9999 -9999 -9999 -9999 -9999 -9999 -9999
1.72601407456598 1.62447279047494 1.57186905629282 1.5871287970627 1.66571435847924 1.80120090285713 1.87312422613133 1.92782099092515 2.00579652331918 2.04512416282874 2.07006503413511 2.07993788807866 2.09455214001094 2.12183756621069 2.12734435529317 2.13155205301392 2.12776626699149 2.0988980709092 1.95679286189058 1.59577738586454 1.13225750110848 1.19629552312624 1.09688483301035 1.01936306604685 0.871675941218837 0.910056683462425 1.13494403286276 1.28017301118629 1.3279806551225 1.18155565930657 0.958513422319131 1.13741720471263 -9999 -9999 -9999 -9999 -9999 -9999 -9999 -9999 -9999 -9999 -9999 -9999 -9999 -9999 -9999 -9999 -9999 -9999 -9999 -9999 -9999 -9999 -9999 -9999 -9999 -9999 -9999
