raw_data/Abundance/Paralabrax maculatofasciatusGrid_precio_Teorico.asc
NCOLS 96 
NROWS 96 
XLLCORNER 0 
YLLCORNER 0 
CELLSIZE 0.0104166666666667 
NODATA_value -9999 
[rows 50 to 74 of 96, columns 0 to 55 of 96]
-0.0132883344507123 -0.00837984685194246 -0.001902651527396 0.00432463038330534 0.0149443143773607 0.0223950881033881 0.0231963653173367 -9999 -9999 -9999 -9999 -9999 -9999 -9999 -9999 -9999 -9999 -9999 -9999 -9999 -9999 -9999 -9999 -9999 -9999 -9999 -9999 -9999 -9999 0.0179694528532994 0.0181653751531878 0.0278762087289717 0.0194621844471255 0.0243433697212241 0.0194363137050212 -0.0100705458636099 -0.0155277386091445 -0.0189978947516355 -0.0388682607820709 -0.0392244896526978 -0.0391509574367011 -0.022334709203597 -0.0391099528217453 -0.0390853909551309 -0.0389465069949491 -0.0385999515322394 -0.0181966175376869 -0.0167127822069559 -0.0157120037367013 -0.0138674095990777 -0.00687535582988712 0.0013056272612254 0.00667661828504497 0.0135188671641852 0.00545363774920714 0.0172156223758582
-0.0137440889865174 -0.00715134449763179 0.00240037890141602 0.0216292936859224 0.0330561857359898 0.0229810143968957 -9999 -9999 -9999 -9999 -9999 -9999 -9999 -9999 -9999 -9999 -9999 -9999 -9999 -9999 -9999 -9999 -9999 -9999 -9999 -9999 -9999 -9999 -9999 0.016997715057976 0.0189658343199552 0.0185053760128584 0.0133064816647759 0.0191998980696653 0.00130071897813842 -0.0143816545083359 -0.0189682405413184 -0.0388644057347297 -0.0391443312545337 -0.0392570888328672 -0.0394081514704586 -0.0393956353485868 -0.0393166528932456 -0.0391513153323429 -0.0389480510590035 -0.0384766002429099 -0.0182124672018219 -0.0167618650378256 -0.015637152419625 -0.0136126901580432 -0.00294862710440981 0.00210332551875641 0.00716223154296251 0.011002145011339 -9999 -9999
-0.00947490525982602 -0.00433644414725187 0.001435185483542 0.00827498022113871 0.0155303429267659 0.0174331206701497 -9999 -9999 -9999 -9999 -9999 -9999 -9999 -9999 -9999 -9999 -9999 -9999 -9999 -9999 -9999 -9999 -9999 -9999 -9999 -9999 -9999 -9999 -9999 0.0172008975265973 0.0138261461366093 0.0140185917359778 0.0198440079689331 0.00236990664391772 -0.0125041339716705 -0.0167615582701327 -0.0385337101617448 -0.0391474091570528 -0.0393063045964039 -0.0394625720591854 -0.0396619403828245 -0.0396445159778657 -0.0395739287317211 -0.0393383311435464 -0.038911075326415 -0.0200108416737099 -0.0185208709891202 -0.017325090522056 -0.0160426993096862 -0.0142791940988953 -0.00356594595849451 0.00169604027843517 0.00793518387326337 0.0135196852113663 -9999 -9999
-0.00851349531016488 -0.00395779055827131 0.00240119694859718 0.00862193448184922 0.0140523361822007 -9999 -9999 -9999 -9999 -9999 -9999 -9999 -9999 -9999 -9999 -9999 -9999 -9999 -9999 -9999 -9999 -9999 -9999 -9999 -9999 -9999 -9999 -9999 0.00771809460256239 0.00921931343589309 0.0101861429481294 0.0181502412803363 0.00302362859756414 -0.0117882404322557 -0.0156756006371396 -0.0381835859682072 -0.0389787789562459 -0.0393371449751337 -0.0396688119791462 -0.0398623823933888 -0.039900196624338 -0.0398074505251737 -0.0397713746444845 -0.039664783096779 -0.0387764043092161 -0.019739250009564 -0.0183084854897109 -0.0176775666012393 -0.0164043784196577 -0.0121226172175559 -0.00186420330988137 0.00347611094464462 0.0207276011804861 -9999 -9999 -9999
-0.00675264875271275 -0.0033571394155028 0.00761808833466528 0.0099714055630743 -9999 -9999 -9999 -9999 -9999 -9999 -9999 -9999 -9999 -9999 -9999 -9999 -9999 -9999 -9999 -9999 -9999 -9999 -9999 -9999 -9999 -9999 0.00684677209872676 0.00631371210430179 0.0170373903462624 0.0176840566429713 0.0173864919808235 -0.00858967595391063 -0.0111923953166765 -0.0146366807170633 -0.0378116403661122 -0.0389005122921882 -0.0392825812281501 -0.0396516023115725 -0.0397772543585991 -0.0399396060472905 -0.0400873453682084 -0.0399384301044676 -0.0399370905522084 -0.0395008566672638 -0.0212541711331791 -0.0202028782494878 -0.01890433060529 -0.0179861749003329 -0.0153780359749918 -0.00921640235057869 -0.000586106845212715 0.0154472088819803 -9999 -9999 -9999 -9999
-0.00525848557631958 0.00129621971864204 0.0114549341261124 -9999 -9999 -9999 -9999 -9999 -9999 -9999 -9999 -9999 -9999 -9999 -9999 -9999 -9999 -9999 -9999 -9999 0.0107712511944559 0.0117824597662703 0.0229366353373176 0.00899680460261691 0.00922544878975181 0.00902717460421756 0.017494167441044 0.0171576432818933 0.0118045470401617 -0.00704929311178178 -0.0101526573494191 -0.0111734779756122 -0.0140768296774553 -0.0166425324052736 -0.0383044422136342 -0.0390712182877173 -0.0395214612306393 -0.0397350533496408 -0.039792889285349 -0.0399768374196232 -0.040050410537979 -0.0400179340648868 -0.0399356998720005 -0.0231721850053121 -0.0213434405318235 -0.0204065719975972 -0.0186880593817702 0.0085701929976407 -0.0132830171440348 -0.00420903329878582 0.0124913999046452 0.0151491329403442 -9999 -9999 -9999 -9999
-0.00297848582652224 0.00737461704237181 0.0106800389337562 -9999 -9999 -9999 -9999 -9999 -9999 -9999 -9999 -9999 -9999 -9999 -9999 -9999 -9999 -9999 -9999 0.00989430461624975 0.0206361844079912 0.0213845953228572 0.00963181372699424 -0.000553487213863869 0.00631207600993947 0.00587994258649041 -0.00971960362289123 -0.0103082908256352 -0.00999886447936056 -0.0108101627712784 -0.0121796760084419 -0.0136562511704401 -0.0165332208506907 -0.0379922754093026 -0.0387689191775085 -0.0391540966927588 -0.039397752045668 -0.0396239932192083 -0.0397649325229328 -0.0398691517338129 -0.0398935908933501 -0.0399161587699604 -0.0397911304839095 -0.0228616338441633 -0.0213308630564131 -0.0198074546932934 -0.0176111002677699 -0.0140018761044813 0.000801607941731702 0.0106746193711811 -9999 -9999 -9999 -9999 -9999 -9999
0.00132658972024269 0.00928015569499205 -9999 -9999 -9999 -9999 -9999 -9999 -9999 -9999 -9999 -9999 -9999 -9999 -9999 -9999 -9999 0.00812619789006479 0.0209089008870113 0.0218303287806931 0.0209762875235595 0.0183710117633525 0.017731707891274 0.0130767126627669 0.00116103742195494 -0.00798391201625985 -0.0115294307553155 -0.0127450488665228 -0.0137274212752013 -0.0133577662052135 -0.0149886455167584 -0.0168762893872907 -0.0379844528331328 -0.0384139071520635 -0.0390438341583279 -0.0392659339680135 -0.0394372841756977 -0.0396766038785468 -0.0397023110112148 -0.039703302893422 -0.0397463321751511 -0.0396802032861439 -0.0395821398803021 -0.0228470112508 -0.0208718363318833 -0.0182033664269315 -0.0137405100300999 0.00274426548519718 0.0132022829050753 -9999 -9999 -9999 -9999 -9999 -9999 -9999
0.0031149431141614 0.00942515455785309 -9999 -9999 -9999 -9999 -9999 -9999 -9999 -9999 -9999 -9999 -9999 -9999 -9999 -9999 0.00404956201863948 0.00680995997557444 0.0219369816819371 0.0192946892867825 -0.00417007380178296 -0.00680306091025189 -0.00785087709342331 0.0014624878082133 0.0136216343413187 -0.0111098748072768 -0.0126799118597228 -0.0134719860428833 -0.0144237839381658 -0.0152252656639097 -0.0226445445734623 -0.0394013207764959 -0.0383796718775319 -0.0387322706637924 -0.0390964243664869 -0.0393443233391484 -0.0395473421983334 -0.0396415710080135 -0.0396557845777862 -0.039683935626408 -0.0396655602416011 -0.0396839969799465 -0.039629607067989 -0.022529608944509 -0.0203145416897164 -0.0160322692081264 -0.0120720005482214 0.011322717250457 -9999 -9999 -9999 -9999 -9999 -9999 -9999 -9999
0.00409946289669039 -9999 -9999 -9999 -9999 -9999 -9999 -9999 -9999 -9999 -9999 -9999 -9999 -9999 -9999 -1.76663102024743e-05 0.0132526950626145 0.0150467747868013 0.0168022017816782 0.0153494522438314 0.0165690583350469 -0.00114667367610427 -0.00991583269047257 8.30668779943505e-06 0.00442545469838362 -0.0113580498708619 -0.013540395238408 -0.0207167141351554 -0.021771688231162 -0.0393303654091198 -0.0395773543042923 -0.039752764071113 -0.0398940101425305 -0.0400866091257454 -0.0391208533004343 -0.0393602650335913 -0.0394993228287991 -0.0395514017574699 -0.0396320203071734 -0.039627480145318 -0.0396038897097312 -0.0397330082316879 -0.039683107353637 -0.0224227515314697 -0.0198303600143659 -0.0164371003069042 -0.0118351758892749 0.0113216946914805 -9999 -9999 -9999 -9999 -9999 -9999 -9999 -9999
-9999 -9999 -9999 -9999 -9999 -9999 -9999 -9999 -9999 -9999 -9999 -9999 -9999 -0.00141161870690325 0.00857009074174307 0.0086094592623365 0.0100594478909469 -0.0122214986705789 -0.0107734529040237 -0.0102243387336685 -0.0109014772878757 -0.0117050041315724 -0.0129237921756068 -0.0133210563379588 -0.0142422797198454 -0.02044900819512 -0.0212492628500922 -0.0225646827174013 -0.0244350453412316 -0.0398992967724387 -0.0398959018766369 -0.0399828909687638 -0.0400785104586519 -0.0402271905338282 -0.0403814844577852 -0.039383814566819 -0.0394476017957701 -0.0395655437481142 -0.0395482625014122 -0.039554653495015 -0.0396291060140905 -0.0396254452529548 -0.0395607274953351 -0.022373361932907 -0.0194958809731681 -0.0156560697606893 0.00661710535261541 -9999 -9999 -9999 -9999 -9999 -9999 -9999 -9999 -9999
-9999 -9999 -9999 -9999 -9999 -9999 -9999 -9999 -9999 -9999 -9999 0.00166301162349574 0.0122686865595737 0.00876683108881262 -0.00562670906374031 -0.0153569712600768 -0.0171522780550354 -0.0149470273664168 -0.0131219641052434 -0.0121868339212771 -0.0117766855158218 -0.0188583154513497 -0.0201463307380899 -0.0208463746133697 -0.0216259735770175 -0.022411401126831 -0.023319535753819 -0.0396304557919395 -0.0400139051825196 -0.0401710213692516 -0.0400676202055527 -0.0400399293084703 -0.040118676575247 -0.0403002319215162 -0.0404255158473112 -0.0404604157851776 -0.0394658442479101 -0.0393655721146791 -0.0393859108127207 -0.0394087241034854 -0.039323452910439 -0.0390792249245029 -0.0222219209484943 -0.0205071918008802 -0.0155940004308186 -0.0126366576150188 0.0105937349561436 -9999 -9999 -9999 -9999 -9999 -9999 -9999 -9999 -9999
-9999 -9999 -9999 -9999 0.0123415950145948 0.0117650762636706 0.0107282014615472 0.00890436527114555 0.00594027356610114 0.00564260664805567 0.00433986651205449 0.013551486795534 0.00607105885918948 -0.0145107014511643 -0.0150800622892533 -0.0158420732385061 -0.0166168661749646 -0.0150355809737776 -0.013171967239192 0.00957107372379293 0.00868083387889292 -0.0186354998503805 -0.0200446883758305 -0.0223298009205101 -0.0227229748469563 -0.0232021459833222 -0.0394392168121632 -0.0400541224270635 -0.0405238757952562 -0.0404337372214819 -0.0401460709302261 -0.0401384835426209 -0.0402045613036793 -0.04032786146506 -0.0404283381100862 -0.0404976062551512 -0.0394009628808541 -0.0391721653098727 -0.0389733593936707 -0.0389334284656402 -0.0384098271417475 -0.0190544422630334 -0.0178308481918097 -0.0151685136407165 -0.0122955319404741 -0.00356379858464396 -0.00150671669171339 -9999 -9999 -9999 -9999 -9999 -9999 -9999 -9999 -9999
-9999 -9999 0.013589832757151 0.012181257767087 0.0228748727751399 0.0223882369582459 0.0197202783327823 0.00776339396521926 0.00644020264968903 0.00500064412263845 0.0177858012611284 0.0124950811169604 0.010486673031309 0.00357079990586417 0.00671690710871722 -0.00566321441919968 -0.0154069743940254 -0.0155024814024261 -0.014939767197684 -0.0143455581764671 -0.0147576494439777 -0.0214279039032785 -0.0390810553050708 -0.0392196427231495 -0.0393040754178352 -0.039491162808167 -0.0399667549881153 -0.0406907778713929 -0.0407825832162989 -0.0403459198565841 -0.0402089276305087 -0.0402569060976839 -0.0403179426429884 -0.040391045384215 -0.0405188959330409 -0.0405361976309225 -0.0393925369948881 -0.0390744086717238 -0.0208998544478381 -0.0184710723669669 -0.0142308270593091 -0.0131267701324328 -0.0124414511064139 -0.00707904957799656 -0.00383078873339585 -0.000432007207461241 -9999 -9999 -9999 -9999 -9999 -9999 -9999 -9999 -9999 -9999
-9999 0.0172783052411148 0.0122117300245853 0.0220203202385181 0.019341829255597 -0.00168566451259267 -0.00377270738353332 -0.00396965224239817 0.00122290224003035 0.0130485922909144 0.00907860932073316 0.00352989754680604 0.0121114169889952 -0.0139819362044404 -0.0158392100733721 -0.0166173774544528 -0.0178901566124439 -0.0186038005221105 -0.0181480459863054 -0.017371207931894 -0.0229417002120196 -0.0392828982214328 -0.0393505711744945 -0.0394608030321561 -0.0396062109186078 -0.0399273762419321 -0.0405352057487153 -0.0407521723123392 -0.0405886242296453 -0.0402981970291531 -0.0403262560474669 -0.0403047516321921 -0.0403470037690992 -0.04048115328122 -0.0404829120826595 -0.0403751752689004 -0.0403399787889309 -0.0213320901271848 -0.0168206621789717 -0.0131644003027662 -0.00176573088044894 0.0126174814264418 0.00255089958274991 0.000149931106038177 0.000787087604266067 0.00196937029284107 -9999 -9999 -9999 -9999 -9999 -9999 -9999 -9999 -9999 -9999
0.0131244661669672 0.012724952374867 0.0123273814448221 0.00877828374934889 0.0011020357690136 -0.00290629316278466 -0.00454381910767655 -0.00509508065188238 -0.00741271057201319 0.00410447343567501 0.0164709949292051 0.0146872430506804 -0.00327625500046536 -0.0161890274992167 -0.0379524058348107 -0.0387192330368426 -0.0389620703425707 -0.038998841563364 -0.0386534415922976 -0.0399190117095047 -0.0398333110416882 -0.0398098637643581 -0.0398307239674778 -0.03971424427447 -0.0396921160982196 -0.040340367361342 -0.0406481473876646 -0.0406838040191735 -0.040369939766941 -0.0403196809932483 -0.0403280046233167 -0.0403087293866105 -0.0403146909054432 -0.0403567180793755 -0.040332462980454 -0.0402093264285095 -0.021588343406684 -0.017769903676813 -0.009924933465363 -0.00183894610316298 0.0111848763004311 0.00258311019050818 0.00153243084220268 0.00172528546516172 0.000134592721391387 0.00140389517886253 -9999 -9999 -9999 -9999 -9999 -9999 -9999 -9999 -9999 -9999
0.0161532858552211 0.013173548997837 0.0233880951254217 0.00820841163177162 0.00204606221607504 -0.00327870914200885 -0.00388743850069134 -0.00831430082155182 -0.00997186892238219 -0.0110970928200711 -0.0124513699284855 -0.0139539180884856 -0.0163063150138158 -0.0379520274879894 -0.0389118217944678 -0.0393318174428664 -0.0394964085357162 -0.0395470661074097 -0.0394868782860557 -0.0404265179551081 -0.0402626528791315 -0.040348486479615 -0.0403162860974465 -0.0401285544949595 -0.0401610718704107 -0.0405924792769865 -0.0407235713377678 -0.0406919742653954 -0.0403700624740182 -0.0403656654704194 -0.0403326674922493 -0.0402868568501042 -0.0402409132752922 -0.0402590636971242 -0.0402670805594996 -0.0260788088958798 -0.0185706696112734 -0.013747974710628 -0.00317962317719055 0.000467435668226844 -9999 -9999 -9999 -9999 0.00181424809611314 -9999 -9999 -9999 -9999 -9999 -9999 -9999 -9999 -9999 -9999 -9999
0.017299574467825 0.0133729479982453 0.0139206305860336 0.0200783784863361 0.00862888788288911 0.0200782762304385 0.0174614455537975 0.00478263454885866 -0.0134902898485618 -0.0143320603979779 -0.0160450511953321 -0.0375068257608213 -0.0382936337652531 -0.0387602478773882 -0.03943327574451 -0.0395674457078104 -0.0397095507287681 -0.0397862733287714 -0.0407894854893899 -0.0406507037851057 -0.0406739567762303 -0.0406203031067358 -0.0405965797384821 -0.0406309683968602 -0.0407653121951866 -0.0406348234442014 -0.0406591705734307 -0.0403730074438704 -0.0403280250744962 -0.0402797091628588 -0.0402768664489042 -0.0401815741778886 -0.040083889118868 -0.0272961653573472 -0.0266045064656743 -0.0179837207587894 -0.0127878940876362 -0.0139136292648134 0.00312547547161886 -9999 -9999 -9999 -9999 -9999 -9999 -9999 -9999 -9999 -9999 -9999 -9999 -9999 -9999 -9999 -9999 -9999
0.0166297983382482 0.0153169348683802 0.0227610619610606 0.0222441583984636 0.0217093600537787 0.0178778315690092 -0.00792685322537377 -0.0125440137717522 -0.0154751790777548 -0.0168302742333504 -0.0185658635840841 -0.0384593496729771 -0.0389876445425718 -0.0394189803700192 -0.0398372069913885 -0.0398873021556449 -0.0399236541272578 -0.0399251981913123 -0.0408193135347331 -0.0407668767104205 -0.040863263119541 -0.0408230151982278 -0.0407553831475252 -0.0408782129317768 -0.0407502192246941 -0.0405446337424782 -0.0402883293350303 -0.0402437662148365 -0.0272160989894909 -0.0272599667695807 -0.0271453379083204 -0.026772103881915 -0.0263461058123247 -0.0257233673956648 -0.0181144037959801 -0.0106970677484827 -0.00547516582342997 0.00214269403934986 -9999 -9999 -9999 -9999 -9999 -9999 -9999 -9999 -9999 -9999 -9999 -9999 -9999 -9999 -9999 -9999 -9999 -9999
-9999 0.0144775162046099 0.0074684879564102 0.0202252179553548 0.00467690195069342 -0.00907252830259175 -0.0136748617438116 -0.0158527078518613 -0.0178249173497462 -0.0193152970579265 -0.0207919744758224 -0.0390417276868364 -0.0394981673371557 -0.0398841322228179 -0.0399990678517713 -0.040090228984522 -0.0401293725421407 -0.0400876930382604 -0.040810672911382 -0.0408559109205003 -0.0409049426234212 -0.0409013227646446 -0.0408832439219409 -0.0407415479245738 -0.0404405372386753 -0.0404323976692228 -0.0401592721666122 -0.0400541735550123 -0.0268171987327766 -0.0269184320714454 -0.0268449100810385 -0.026124312770332 -0.0250315039921966 -0.0172567835824289 -0.0101957070823278 -0.00690633936687364 -0.000791947967172711 -9999 -9999 -9999 -9999 -9999 -9999 -9999 -9999 -9999 -9999 -9999 -9999 -9999 -9999 -9999 -9999 -9999 -9999 -9999
-9999 0.00833858338947409 0.0159646237240655 0.00596542851692188 -0.0092958551830491 -0.0096908697156529 -0.0145211315527241 -0.0162939420502007 -0.0234113615499045 -0.0258559932949107 -0.0402715286910472 -0.0405767216431593 -0.0408988686231011 -0.0410783277234686 -0.0403271968017253 -0.0404076312908131 -0.0402505866832094 -0.0401631578907227 -0.0408246819693594 -0.04077037386212 -0.0409303327628066 -0.0408471578156619 -0.0408000382980269 -0.0405931234891416 -0.0402198996883261 -0.0400844208495358 -0.0260117290270245 -0.0259511935356185 -0.0261473203473022 -0.0261299368447025 -0.0257388080362092 -0.0245244169957736 -0.0162495629906227 -0.00554868781383695 -0.009455885662864 -0.00218313945463706 0.00253985594580421 -9999 -9999 -9999 -9999 -9999 -9999 -9999 -9999 -9999 -9999 -9999 -9999 -9999 -9999 -9999 -9999 -9999 -9999 -9999
0.00792874175171171 0.0188866882551777 0.0116894068994131 -0.00957746792516426 -0.0133858865770659 -0.0131525386186394 -0.0150502035671409 -0.0234696474115623 -0.0249919309598079 -0.0267651504808751 -0.0403808197944505 -0.0407102678454841 -0.0409671857883179 -0.0409261913989519 -0.0403619024533861 -0.0403119708985659 -0.0404534726097275 -0.0402861410588207 -0.0410305946704478 -0.0409783623579306 -0.0408863525012293 -0.0405649110869813 -0.0405523131603914 -0.0403534049882918 -0.0400403281064711 -0.0398501628136202 -0.0253279438394704 -0.0251326350749678 -0.0249971460105878 -0.0248193230045826 -0.0241387077498555 -0.0224357380304706 -0.00827830674558068 -0.00192790873411439 -0.000822420224671008 0.00186036550595117 0.0059803578779781 -9999 -9999 -9999 -9999 -9999 -9999 -9999 -9999 -9999 -9999 -9999 -9999 -9999 -9999 -9999 -9999 -9999 -9999 -9999
0.00845413255381328 0.00180105708531689 -0.00849386217781698 -0.000693168770047346 -0.00595454147159116 -0.0154132120037817 -0.0223604776898037 -0.0252229270325886 -0.025789322449646 -0.0250205626111486 -0.0401157316053948 -0.0407567226997844 -0.0409417445209838 -0.0408665046314964 -0.040078939933422 -0.0403050072719362 -0.0409182358901151 -0.0406949294608373 -0.0411600915392258 -0.0411292716116755 -0.040881761211425 -0.040487145476822 -0.0404953463998132 -0.0401738129552573 -0.0253331588902503 -0.0250132001865181 -0.0246901738058566 -0.0246414999985775 -0.0240301119865562 -0.0235189347542273 -0.0219647473659163 -0.0138868382196303 -0.00340243877815967 0.000861018618263626 0.00298599842723068 0.00668684387480951 0.00257482746279891 -9999 -9999 -9999 -9999 -9999 -9999 -9999 -9999 -9999 -9999 -9999 -9999 -9999 -9999 -9999 -9999 -9999 -9999 -9999
0.0150531146524553 -0.00995315609311311 0.0104530308409837 -0.00149015123629485 -0.0174104741965898 -0.0251506321129534 -0.0242641757362663 -0.0257011778658757 -0.026642647915496 -0.026437113561229 -0.0407043370034207 -0.0408784992482902 -0.0410303390307037 -0.0409860008734847 -0.0408878965652838 -0.0412221199667374 -0.0409086749636853 -0.0409168145331378 -0.0403814435554261 -0.0410362085192285 -0.0406722388771498 -0.040467737307449 -0.0402345222816893 -0.0253479859954089 -0.024233703478768 -0.0240208066998705 -0.0187600475337125 -0.0238117956450835 -0.0232182001592525 -0.0219513518433248 -0.0201534886509251 -0.0101234121626925 0.00018735676457636 0.00422165869437652 0.00579721756529536 0.00380159146684961 -9999 -9999 -9999 -9999 -9999 -9999 -9999 -9999 -9999 -9999 -9999 -9999 -9999 -9999 -9999 -9999 -9999 -9999 -9999 -9999
0.00197346052874688 -0.0103437736221182 -0.0119020512463349 -0.0265124761577936 -0.027627474465718 -0.0265522537019776 -0.0260835126671715 -0.0270102578675309 -0.0274692845920607 -0.0405675799659098 -0.0406576060581968 -0.0408888373195421 -0.0409016704346966 -0.0410537556312644 -0.0410831644274272 -0.0411822810690148 -0.0412356586475857 -0.0405939619875023 -0.0404423062657046 -0.0397366178648748 -0.0401674935407828 -0.0258257255492077 -0.0251204666231481 -0.0183048042773956 -0.0174270396520083 -0.0173128198143385 -0.0171952255320464 -0.0169914295280394 -0.0162874999286491 -0.0202150467013076 -0.01808444281797 -0.00401341776659036 0.00433168604024287 -9999 -9999 -9999 -9999 -9999 -9999 -9999 -9999 -9999 -9999 -9999 -9999 -9999 -9999 -9999 -9999 -9999 -9999 -9999 -9999 -9999 -9999 -9999
