raw_data/Abundance/Paralabrax auroguttatusGrid_precio_Teorico.asc
NCOLS 96 
NROWS 96 
XLLCORNER 0 
YLLCORNER 0 
CELLSIZE 0.0104166666666667 
NODATA_value -9999 
[rows 26 to 51 of 96, columns 0 to 58 of 96]
2.21205043104966 2.2091656548884 2.20852229964984 2.20996945076495 2.21024654818448 2.21038144573532 2.20945531349667 2.20947478634429 2.20875305890421 2.20830169752894 2.20813716999701 2.20849026561348 2.20870323485893 2.20857834418811 2.20821133510181 2.20689908153754 2.20432016130687 2.20171792174018 2.19889321690976 2.1924926000812 2.16847082915185 2.13559206788022 2.09801578262838 2.03415746374138 1.95206047910908 1.82853801624501 1.67436895741923 1.53413440390066 1.18724425506817 1.23849570816591 1.13494403286276 1.01414025599209 1.23571601927025 1.38096903814639 1.30218514217081 -9999 -9999 -9999 -9999 -9999 -9999 -9999 -9999 -9999 -9999 -9999 -9999 -9999 -9999 -9999 -9999 -9999 -9999 -9999 -9999 -9999 -9999 -9999 -9999
2.21266253356983 2.20917494055185 2.21019230668765 2.21029336716069 2.20762174054902 2.20656984616953 2.20700281652205 2.20772893136298 2.20779122644493 2.2087205741075 2.20911784423939 2.20940104194915 2.20880838222591 2.20753498420479 2.20624550906411 2.20504312082527 2.20335877960796 2.18931765444993 2.17432410269883 2.15139782970128 2.13021089068513 2.1072777060287 2.0675864531609 1.9727191269816 1.84399609157393 1.70627978594136 1.50907813794176 1.23143680090548 1.10858957706287 1.16557169688928 1.12821568320074 1.08549862627993 1.28221044802008 0.75297871777071 -9999 -9999 -9999 -9999 -9999 -9999 -9999 -9999 -9999 -9999 -9999 -9999 -9999 -9999 -9999 -9999 -9999 -9999 -9999 -9999 -9999 -9999 -9999 -9999 -9999
2.21328773819117 2.21093521986472 2.20995096959013 2.2095108471732 2.20753940165633 2.20560269473798 2.20564741016584 2.20615060898268 2.20628974368092 2.2067875934748 2.20789282783041 2.20894490251405 2.20859072507271 2.20687921803094 2.20513793075463 2.20340511777311 2.18651025881739 2.15571551295023 2.13922760044883 2.10861015365717 2.02996539237982 2.00841423899162 2.02497517467158 1.89950272248384 1.72089944699798 1.56084045278249 1.20100446636893 1.23704425980202 1.18537209703358 1.16567687430695 1.08087081990229 1.22498491759848 1.58202318470193 -9999 -9999 -9999 -9999 -9999 -9999 -9999 -9999 -9999 -9999 -9999 -9999 -9999 -9999 -9999 -9999 -9999 -9999 -9999 -9999 -9999 -9999 -9999 -9999 -9999 -9999
2.21216110774374 2.21176600126158 2.21049885378414 2.2098567306239 2.2086554843113 2.20625671797177 2.2060776759562 2.20626687510525 2.20589526826326 2.20585319729619 2.20670669701527 2.20704092079794 2.20638752862866 2.20533103649348 2.19806171429632 2.18243538514981 2.15199163135077 2.10987138114853 2.02857735097344 1.91233737250908 1.85046901036446 1.93965194787888 1.95071240512142 1.84365952383738 1.58488701553172 1.28063278675498 1.27406971589216 1.31716240644751 1.23885030631692 1.16594132038567 1.16438168953503 1.14891760406795 1.18661319056213 -9999 -9999 -9999 -9999 -9999 -9999 -9999 -9999 -9999 -9999 -9999 -9999 -9999 -9999 -9999 -9999 -9999 -9999 -9999 -9999 -9999 -9999 -9999 -9999 1.16563780840896 1.03000401564633
2.21131115400617 2.21196887347492 2.21081745120762 2.21059738999915 2.20950700068479 2.20680643525791 2.20596128963087 2.20584902025017 2.2059846089669 2.20621488741022 2.20656227339545 2.20571766868085 2.2039345207923 2.19706334019707 2.17010738977085 2.14054382070428 2.10042885309671 1.9526080026948 1.85969757749804 1.80611118572795 1.77915872118185 1.79524185087866 1.78461893169364 1.7620628832063 1.5036269426372 1.40223891706905 1.36629829091548 1.34302102584981 1.16640410102344 1.13884761759299 1.14275120232321 1.11547118524779 1.19543907843947 -9999 -9999 -9999 -9999 -9999 -9999 -9999 -9999 -9999 -9999 -9999 -9999 -9999 -9999 -9999 -9999 -9999 -9999 -9999 -9999 -9999 -9999 -9999 -9999 1.12284261969216 1.17074943090789
2.21042841496499 2.2107495065958 2.2108910453493 2.20958134609374 2.20855833042806 2.20775237090178 2.20674392982112 2.20632024513204 2.2060278819616 2.20566165419326 2.20457796618294 2.19950868510729 2.19309667906694 2.17418947560421 2.14336558056701 2.11080054850695 2.0227021404222 1.83721064559945 1.79120904817815 1.73138713807456 1.66593973865997 1.62939509362206 1.60897564924802 1.56678447941558 1.38998124030647 1.39565180565361 1.413252495234 1.33648800567775 1.07881234758497 1.10799457338574 1.08479243504698 1.12848914448669 1.21781482278223 -9999 -9999 -9999 -9999 -9999 -9999 -9999 -9999 -9999 -9999 -9999 -9999 -9999 -9999 -9999 -9999 -9999 -9999 -9999 -9999 -9999 -9999 -9999 0.973956472302673 0.321685193789799 0.284728854288417
2.2097776372058 2.21018353188595 2.21111182777434 2.20979416508573 2.2083795889194 2.20784471667449 2.20751725429724 2.20667054603428 2.20618528747982 2.20509567948342 2.196480867658 2.17990451597368 2.16511957611787 2.14438790506679 2.11036120740798 2.07266021178947 1.97870011596433 1.81588066529527 1.75929220951787 1.69513097966798 1.59585551766053 1.53520420849185 1.51530464106803 1.4182529301771 1.38528131227101 1.40136143689874 1.41681350208951 1.29949260027837 1.11053085168621 1.19048071446343 1.09688483301035 1.2039223884421 1.36862721944968 -9999 -9999 -9999 -9999 -9999 -9999 -9999 -9999 -9999 -9999 -9999 -9999 -9999 -9999 -9999 -9999 -9999 -9999 -9999 -9999 -9999 -9999 0.970948398157212 0.943782573706692 0.905461932844632 0.85287021893882
2.20937450718921 2.20977965060209 2.21041441134309 2.21002285084244 2.20877310271495 2.20810838143525 2.20795896940078 2.20695049826943 2.20555993260503 2.19698055054402 2.17765071416639 2.1536137676382 2.14019342964998 2.111994462451 2.06517849131 2.02192863564194 1.94931084090419 1.77543544059621 1.68967677929434 1.60508107972503 1.42340061350495 1.42278457434429 1.46050720646015 1.41406085881555 1.44187878325564 1.44531658227902 1.39694398535646 1.29586548190317 1.17605638289679 1.22632217333748 1.18569363942475 1.35589173670396 1.5211615206979 1.45871318022155 1.56952810748232 -9999 -9999 -9999 -9999 -9999 -9999 -9999 -9999 -9999 -9999 -9999 -9999 -9999 -9999 -9999 -9999 -9999 -9999 -9999 1.03549127177981 0.996224034158685 0.236599667961037 0.864905520589742 1.33846534113001
2.20919125807693 2.20904259730972 2.20918188226141 2.20882686340073 2.20894216790119 2.208240664576 2.20761008088101 2.20634215208561 2.19259681587677 2.16812584722188 2.13601908819597 2.09842357050204 2.0838775336378 2.04870079604345 1.9807724115994 1.91308262964002 1.73422692835174 1.57640370552909 1.53207292651426 1.44410854451032 1.42937769589788 1.4192205624197 1.42439228630016 1.42786915122153 1.48797053274923 1.47758200895217 1.44464344680591 1.30744401305449 1.22727778530377 1.26742550816427 1.28454238162336 1.316591443323 1.24358028504315 1.50369305415688 1.59917611898993 -9999 -9999 -9999 -9999 -9999 -9999 -9999 -9999 -9999 -9999 -9999 -9999 -9999 -9999 -9999 -9999 -9999 1.03797045376782 1.04170575462977 0.378021223764786 0.97501425661756 0.917954004995164 1.23559882157628 1.23417141376499
2.20875317910697 2.20854736192593 2.20858408387005 2.20846950058616 2.20720767208099 2.20500243218998 2.20048040424383 2.19193518981822 2.14885824582482 2.11324937929729 2.06802639527369 2.03731128373705 2.01684736434068 1.99118557696289 1.86967741190072 1.68176743748529 1.5031942126902 1.50943273609277 1.50003288002184 1.495278860743 1.47393986523159 1.44846889974015 1.45828345534363 1.48767603597975 1.52373085475821 1.48968943226092 1.43640054232939 1.29949560534745 1.20815352570165 1.25097576004014 1.20622126628554 1.45098414255709 -9999 -9999 -9999 -9999 -9999 -9999 -9999 -9999 -9999 -9999 -9999 -9999 -9999 -9999 -9999 -9999 -9999 -9999 -9999 1.01214789519445 0.997438082065545 1.00055433869776 0.819522967398177 0.930572290046904 1.27574954950585 1.01886422458017 -0.0217280901213135
2.20815459939765 2.20851776199553 2.20679186067289 2.20595545979686 2.20224056335394 2.19296355450685 2.17779105089226 2.13977091693784 2.094275373149 2.06040133299927 2.03918103771637 2.01609699859231 1.98523313613639 1.96027753999155 1.62524809829665 1.48745366086809 1.51491698715717 1.53210898734317 1.50886477803734 1.51814743641429 1.51175264941974 1.5009163703303 1.51614305534034 1.51949370736051 1.55202658518145 1.55297318194051 1.47136752610221 1.29155320777856 1.25038676650117 1.21348151317408 1.2803503102618 -9999 -9999 -9999 -9999 -9999 -9999 -9999 -9999 -9999 -9999 -9999 -9999 -9999 -9999 -9999 -9999 -9999 -9999 -9999 -9999 0.899346617274189 0.871901321399566 0.844786583123345 0.846781948990065 1.04855430705485 0.0081122458071885 -0.132792438115423 0.641487649967755
2.20636679365204 2.20648366078842 2.20294170607084 2.19873635230397 2.1814004393599 2.15761561812723 2.13117221228267 2.10045139111479 2.06326876991195 2.02541962438798 2.00559698673251 1.97731958723064 1.94115297988253 1.77456096549498 1.48679555074037 1.48692777377973 1.50489508178743 1.49319033773491 1.49319935294214 1.50635855042763 1.51884160737093 1.47812893152407 1.44809927624376 1.5090601075273 1.55446670127148 1.53383990713117 1.49142936725615 1.20281652302199 1.25106891718151 1.26199534834324 -9999 -9999 -9999 -9999 -9999 -9999 -9999 -9999 -9999 -9999 -9999 -9999 -9999 -9999 -9999 -9999 -9999 -9999 -9999 1.05206723280515 0.305550977918688 0.0466252110901371 0.0231856722943347 -0.0347851152582059 0.933508242534532 -0.115077555910134 -0.144554278480393 0.596375552993065 0.690815858856612
2.20457889775435 2.20198936962985 2.19026178705235 2.17469853430575 2.15661102353499 2.10655618894346 2.07411947333296 2.06202376979361 2.01995130018968 1.96385297117863 1.85788552084498 1.70501164679113 1.61262680817583 1.4785075702277 1.47163798231908 1.46852473075595 1.44833667670079 1.46012856775653 1.46605155890608 1.45245061626636 1.45315981256839 1.4000812774722 1.4167383753626 1.47852560064215 1.54359436135312 1.56265250943555 1.49092151058224 1.25217778767069 1.29245472850148 -9999 -9999 -9999 -9999 -9999 -9999 -9999 -9999 -9999 -9999 -9999 -9999 -9999 -9999 -9999 1.08532132720442 1.04251411821132 0.317985953756769 0.226884279637085 0.738148701878751 0.0776765898564222 0.00506210069465762 0.636111581390102 0.533737893164898 0.692300362980347 -0.0164722243067161 -0.133216152855193 0.565651726756106 0.592961794522291 0.657868281503129
2.20337299358469 2.19901420099077 2.17037874750845 2.14748222469475 2.09677769416891 2.06324803493533 2.04087108856493 2.01326291794637 1.88272842689946 1.69968065424962 1.59229150573593 1.54939414467054 1.53108125371905 1.49179899075255 1.45034105777474 1.41881487809439 1.39511690335801 1.39908058946977 1.42398660197484 1.36813438812116 1.34033449409552 1.35895991223095 1.43503924603779 1.49354493588593 1.56469595640749 1.58678922425707 1.45440992130417 0.63812497767128 -9999 -9999 -9999 -9999 -9999 -9999 -9999 -9999 -9999 -9999 -9999 -9999 -9999 -9999 -9999 1.05643960831129 1.06118761745197 0.0356506988231793 0.781268438055798 0.643257635653745 0.60989535876772 0.687206770895874 0.665795653726632 0.594614582514303 0.551494846337256 0.624878633182575 0.401514853803963 0.432491105843338 0.520608746370172 0.55028680856855 0.598827689359395
2.20225934503567 2.1806882379888 2.13142734264725 1.98438420412231 2.03151270244726 2.01811460197019 1.96174401370083 1.85533421719913 1.78568272614668 1.6602481378293 1.53560688774808 1.49377632620481 1.49728023674787 1.46581415844905 1.40331773686747 1.38010658332147 1.3472341326949 1.32905045971369 1.32081056030625 1.29616298374174 1.2913698985649 1.36760249089463 1.49653497961693 1.54451391249049 1.56712705729029 1.50708277207504 1.28329227288758 -9999 -9999 -9999 -9999 -9999 -9999 -9999 -9999 -9999 -9999 -9999 -9999 -9999 -9999 -9999 1.03061404466883 1.06931332423452 0.673257240243296 0.897330215923935 0.916598718841715 0.800329591207307 0.803400771803372 0.923263962053136 0.994487104232535 1.06740811044009 1.00090593177969 1.0018976045749 0.836474562058064 0.487324601280134 -0.144677486312525 0.486119568580503 -0.0740523528793275
2.18863718660827 2.1522329383976 1.99459212326788 1.94421454425755 1.95643285461522 1.93551697282977 1.88104859328576 1.80851824605813 1.74630430096973 1.65010001955835 1.52306973956141 1.5038042417127 1.50384030254162 1.44499804495693 1.37569213684826 1.35166961465164 1.30119346937561 1.26094657923558 1.23438777873849 1.22817329588853 1.29448014505896 1.40722132159769 1.54546952445678 1.58760359797677 1.59119165045398 1.33131628179729 0.54001247739639 -9999 -9999 -9999 -9999 -9999 -9999 -9999 -9999 -9999 -9999 -9999 -9999 -9999 -9999 1.00553073308825 0.968463206031041 0.322989393768949 0.872310010793954 0.926326127441973 1.09729652747381 1.23447492574171 1.20785602386309 1.19548415447561 1.23558079116182 1.28206620470442 1.21275729152667 1.22885544656887 1.11350587007183 0.714561914698206 0.0395092075172578 0.461913737170223 -0.0181700883348737
2.15731481071268 2.03342602992819 1.96261548373298 1.92178200410925 1.89600181700985 1.85781039411807 1.82063468457411 1.74172457569732 1.67042029665286 1.6337163829539 1.51966800136694 1.48090862041973 1.47493454309587 1.41688562374735 1.34363405994139 1.34089043187465 1.27090237308565 1.21118263533065 1.17615254510723 1.21473462697894 1.36178167209368 1.53174537398493 1.51977918892277 1.50696557438106 1.33377442830177 1.16602846738889 -9999 -9999 -9999 -9999 -9999 -9999 -9999 -9999 -9999 -9999 -9999 -9999 -9999 -9999 1.06747722702885 1.0091127754273 0.969202453023832 0.0644723163347871 1.00045817648731 1.15294139156123 1.27125697123666 1.31704220368446 1.326033370361 1.29834466389119 1.31372160235505 1.35960900715145 1.26602514597467 1.23269291977941 1.13169254812212 0.806529048711889 0.603452490667951 -0.101320349678443 0.0213255345360528
2.05096842116849 1.91872915443455 1.91238244854522 1.89660884096328 1.90160927590638 1.86108591941133 1.75452316489365 1.62104701172786 1.44634431590315 1.33319444997003 1.4757579320228 1.40729344325553 1.28203314894458 1.2878840184363 1.23201076909907 1.3004812680045 1.24285606339575 1.24615863431069 1.23197771333923 1.18248723072025 1.24800975686175 1.23757615702854 1.33419513797246 1.30864303561596 1.21358969566083 1.25500255260249 -9999 -9999 -9999 -9999 -9999 -9999 -9999 -9999 -9999 -9999 -9999 -9999 0.965094523596414 0.880940569181332 1.15623494726895 0.981430079095642 0.489013450101062 1.10040677396787 1.29216624187015 1.32501765701318 1.3487607077857 1.35164557409903 1.36428789970338 1.37482367188519 1.32574488372967 1.32556457958509 1.27074610949367 1.13816847198173 1.01796570892633 0.764866771036889 0.492499330229668 0.00683809651880107 -9999
1.84323881416668 1.81215137457148 1.87034453723567 1.89546390964518 1.87825387904472 1.78473011924947 1.68078477989732 1.5205004055011 1.32621066943651 0.599071099954582 1.37271110832449 1.14797100730889 0.925848321458827 0.875405231942631 0.906763127754707 0.99467341851527 0.948380329393561 1.00017870506321 1.04216553019846 1.13211325779281 1.22410743742818 1.23552970498752 1.31284412218475 1.4210145886583 1.31023271715737 -9999 -9999 -9999 -9999 -9999 -9999 -9999 -9999 -9999 -9999 -9999 -9999 1.02735955485911 0.966356652608495 0.0444615613551402 1.00938623671325 0.124949331497032 0.999989385711395 1.29624712567588 1.39057924905267 1.40546936632616 1.43679721144747 1.44083902935521 1.42656495124238 1.42316020797884 1.29970596018279 1.27997167155818 0.509724386175507 1.04944981763961 0.872129706649371 0.650118208355132 -0.123672053468594 0.365321801847984 1.26263242298743
1.76523323108188 1.85692389874054 1.84474134870487 1.84524920537878 1.79971038859525 1.65306001259859 1.51045445957874 0.692660971269513 1.40454380505063 1.40891618055677 1.48750775211147 1.30723666328822 0.903887276648607 0.685941636814716 0.741255943303733 0.852356352126759 0.751401056505608 1.0163279462797 1.10406995317199 1.11953103356999 1.09670452886577 1.29928825558118 1.13110655965222 1.27843908632922 -9999 -9999 -9999 -9999 -9999 -9999 -9999 -9999 -9999 -9999 -9999 -9999 1.11975941881979 1.01511089330376 0.972922728540397 0.0743619986651698 1.00968674362089 1.06434594505125 1.23710736625262 1.44824351955942 1.48254938813543 1.49905923764109 1.52928121734229 1.56062108273991 1.51564421387366 1.41492631870954 1.25337981530125 1.21166645145195 1.07410340434228 0.927972905295831 0.758721404775682 0.620283882564783 0.672271577586242 0.940951798636738 1.15556782193399
1.71638282817617 1.75495589484065 1.72838206899818 1.77380368808773 1.6920357585193 1.49695268421855 0.59912218612888 0.976895429859377 1.14777267274985 1.80291379223067 1.498268904474 1.38263685148379 0.823222207431207 1.0848525364285 1.21735204214447 0.848002007035077 0.867898569389821 0.794286397294697 0.871246216340914 0.821933032797438 1.01079561411008 1.1632277430097 1.47381365233038 -9999 -9999 -9999 -9999 -9999 -9999 -9999 -9999 -9999 -9999 -9999 -9999 -9999 1.13334233104505 1.00982197172933 -0.0368946737498281 0.201136847790619 1.24451185645683 1.52214417828588 1.58351369896381 1.66889071649298 1.69461711285591 1.63287195854343 1.64048379851392 1.59057260622424 1.50506637072479 1.38893547626789 1.22661366503789 1.13624823284192 1.01035687402492 0.75647060803747 0.802685565363193 0.795229988984682 0.916412404558979 1.03898616711564 1.24942514439672
1.61507593947308 1.62856869962605 1.63583796172183 1.68103420063066 1.60530645990576 1.28361982541691 0.512909759396474 1.57330547931133 1.96476140356043 1.78165292851525 -9999 -9999 -9999 1.1319359587173 1.16513295680413 1.17962039482138 1.18925164121119 1.17640497090965 1.17778129254663 1.23537043632647 -9999 -9999 -9999 -9999 -9999 -9999 -9999 -9999 -9999 -9999 -9999 -9999 -9999 -9999 1.15307361460059 1.11822983865991 1.1210816492134 0.42294700645674 0.300962237439048 0.281540475998373 1.59712365681076 1.62281399234477 1.64592297354217 1.7403151983005 1.81667400353144 1.79030452238616 1.6797810868258 1.55547640448114 1.45472845862626 1.31400407884823 1.15259580861745 1.09356723675002 0.992924468312814 0.854201464539659 0.902976740718462 0.959700424604303 1.07803403469419 1.16551460057683 0.493800525139743
1.56321445735283 1.53526731494245 1.54685786637007 1.56575975086053 1.53257777811909 0.24766132723121 0.435989006248251 1.52014881241916 1.67577232467791 -9999 -9999 -9999 -9999 -9999 -9999 -9999 -9999 -9999 -9999 -9999 -9999 -9999 -9999 -9999 -9999 -9999 -9999 -9999 -9999 -9999 -9999 -9999 -9999 1.06861013807064 1.12515051274283 0.918966713273906 0.353355616785819 0.140885212809102 1.08913175479328 1.50238284403957 1.65467072962353 1.40366331981125 1.65614321347096 1.78939999659417 1.86079142264185 1.84324782937391 1.66009788437548 1.47399696154404 1.37351947190604 1.29621406991604 1.24304838781663 1.11162770189909 0.913227031338011 1.02066426095692 1.07495984902905 1.09722440581598 0.426318693960444 0.806117354248424 -9999
1.51947267187697 1.48687668760543 1.45524833557648 1.35834086800122 0.836273222429947 0.477197518492716 0.998234425370786 0.972120375097002 -9999 -9999 -9999 -9999 -9999 -9999 -9999 -9999 -9999 -9999 -9999 -9999 -9999 -9999 -9999 -9999 -9999 -9999 -9999 -9999 -9999 -9999 1.12512647219021 1.0710202034699 -0.0438243630399717 0.26450173433527 -0.0039831572252611 0.716364956144037 0.845600956843045 1.10207759237434 1.50588074444449 1.77087975587641 1.31806392717043 0.324137330156129 1.6892230138638 1.80807049076575 1.84936915508251 1.81440517637877 1.59874038397385 1.42283566051859 1.39240633105112 1.37993829945319 1.35411273581074 1.14642339673455 0.877133146661552 1.12753653758948 1.1603518919036 1.28429296089002 1.04591585640579 -9999 -9999
1.48500753463992 1.4650568810418 1.36055259884144 0.97089130184476 0.955325044029087 1.03803055514935 1.36612399690905 -9999 -9999 -9999 -9999 -9999 -9999 -9999 -9999 -9999 -9999 -9999 -9999 -9999 -9999 -9999 -9999 -9999 -9999 -9999 -9999 -9999 -9999 1.00844865516142 1.1335647061567 0.183482066966858 0.941231270060842 0.046069273311006 -0.115738671106938 0.942024608297007 1.30182753895072 1.57536695669773 1.8063455811159 1.85776531808193 1.72616132295073 1.61560182656145 1.76089391133558 1.84738881456117 1.86217375441698 1.79944293744745 1.56773107617464 1.46870503490053 1.45732183323918 1.38224919757293 1.1930560586619 1.07591546099534 0.985760383634713 1.04203931729725 1.16324577342416 0.614138516303576 -9999 -9999 -9999
1.41965930250485 1.39629489043596 1.34244705765622 0.283052025743794 1.09002426030896 1.10741760012308 -9999 -9999 -9999 -9999 -9999 -9999 -9999 -9999 -9999 -9999 -9999 -9999 -9999 -9999 -9999 -9999 -9999 -9999 -9999 -9999 -9999 -9999 -9999 0.923411210437879 0.977457377776661 0.594073670080554 0.803067209135893 -0.0739531855998066 0.189504225395933 1.38637515741481 1.67037221554764 1.82642545268431 1.86130528945391 1.86973450821317 1.84711835834429 1.83471343319698 1.82435796515976 1.87384243764059 1.85900040147232 1.7350983983839 1.53834450567667 1.48132331995227 1.44080597359537 1.361282830627 1.21110450353466 1.13783190424517 1.01620774351664 1.19082329233814 -9999 -9999 -9999 -9999 -9999
