raw_data/Abundance/Paralabrax maculatofasciatusGrid_precio_Teorico.asc
NCOLS 96 
NROWS 96 
XLLCORNER 0 
YLLCORNER 0 
CELLSIZE 0.0104166666666667 
NODATA_value -9999 
[rows 25 to 49 of 96, columns 0 to 55 of 96]
-0.0435187628864355 -0.0435015184518566 -0.0434911486812764 -0.0433899858991769 -0.0432620525230739 -0.043242898970886 -0.0432211235774824 -0.0432038423307803 -0.0431736993372725 -0.0431154063177018 -0.0430902472766452 -0.0431310780565749 -0.0431254222828762 -0.0431373627040442 -0.0431436770057238 -0.043139197174848 -0.0431266851432121 -0.0432735287024666 -0.0432244151948276 -0.0431722391230541 -0.0433147296487459 -0.0432759940921589 -0.0431897156785206 -0.0424143726053329 -0.0422127239751763 -0.0419424207353407 -0.0359954426912647 -0.0365488618349108 -0.034146594708299 -0.0297633956557331 -0.0182926358255758 -0.015265247719889 -0.0092161978387834 -0.0065065188070805 -0.00370818391211913 -9999 -9999 -9999 -9999 -9999 -9999 -9999 0.0276935796957772 0.0256156375997269 -9999 -9999 -9999 -9999 -9999 -9999 -9999 -9999 -9999 -9999 -9999 -9999
-0.043514009009754 -0.0434978433748952 -0.0435006635925523 -0.0433959433277737 -0.0432469431916378 -0.0432242055702374 -0.0432009086090769 -0.0431820331929306 -0.0431631720926099 -0.0431293202776944 -0.043102718405922 -0.0431086911729034 -0.0431038125440268 -0.0431239416174783 -0.0431200497580139 -0.0431180588356867 -0.0431166661103608 -0.0430904661042661 -0.043024073395043 -0.0431404600351839 -0.0432500906281674 -0.0427018752871524 -0.0425539110032596 -0.0418143554491297 -0.0413733155369958 -0.0407793928322923 -0.0320219216670249 -0.0314411081683996 -0.0248313892005048 -0.0178692964093243 -0.0148393519061963 -0.00838393708784828 -0.00829722408664506 -0.00248540788807659 -0.00399143274859661 -9999 -9999 -9999 -9999 -9999 -9999 -9999 -9999 -9999 -9999 -9999 -9999 -9999 -9999 -9999 -9999 -9999 -9999 -9999 -9999 -9999
-0.0435185154271632 -0.0435093042159033 -0.0435076916403975 -0.0435025911162229 -0.0432309473015692 -0.0431950554814957 -0.0431824708481725 -0.04316924609293 -0.0431493624336329 -0.0431302978440759 -0.0431152171442912 -0.0431149246924239 -0.0431110911188212 -0.0431188421158627 -0.0431126658596449 -0.0431274786489778 -0.0431067687620277 -0.0430311566610729 -0.0429048910786604 -0.0427171758371171 -0.0426511359107408 -0.0421206936672955 -0.0419078173395775 -0.0415591758565559 -0.0408843073832764 -0.0276391316380495 -0.0241168249877594 -0.0216640127709415 -0.0136604436622436 -0.0112786992942892 -0.00843557631615915 -0.00477317908609496 -0.00161500568731976 0.0173300467253233 -9999 -9999 -9999 -9999 -9999 -9999 -9999 -9999 -9999 -9999 -9999 -9999 -9999 -9999 -9999 -9999 -9999 -9999 -9999 -9999 -9999 -9999
-0.0435324897181354 -0.0435155131940083 -0.0435100455711613 -0.0434995111685858 -0.0433688905074927 -0.043196778493371 -0.0431687429939136 -0.0431411737813494 -0.0431213402274422 -0.0431079252762301 -0.0431089069328475 -0.0431285472231082 -0.043118566024939 -0.0431111667881854 -0.0431250572293216 -0.0431344453432844 -0.0430644757227616 -0.0429866139920586 -0.0428853939466564 -0.0421697969493448 -0.0417184496427282 -0.0417210367169386 -0.0416696429027821 -0.0409562137305006 -0.0277000761530461 -0.0238293836594785 -0.017317012306142 -0.0132890502419958 -0.0111698990191946 -0.00953717910149201 -0.00532423611850551 -0.00245810556340529 0.000964194818987733 -9999 -9999 -9999 -9999 -9999 -9999 -9999 -9999 -9999 -9999 -9999 -9999 -9999 -9999 -9999 -9999 -9999 -9999 -9999 -9999 -9999 -9999 -9999
-0.0435294005674676 -0.0435246139688988 -0.043513051894552 -0.0435017127380621 -0.0433731903679887 -0.043199125266222 -0.0431715846853092 -0.043128774231201 -0.0430939990455298 -0.0430799490851933 -0.0430965032924631 -0.0431107311780615 -0.0431046684258901 -0.0431117997521919 -0.0430867715986842 -0.0430462598571551 -0.0429672375220138 -0.0428787125463043 -0.0427988793218946 -0.0357980785832195 -0.0335787881598542 -0.041373264409047 -0.0411389961475416 -0.0280397702450238 -0.0251237388118727 -0.0173172168179373 -0.0127535361060274 -0.010728971588548 -0.00897681678239575 -0.00753255448405348 -0.00377689987533677 -3.65725222506441e-06 0.00641535446656122 -9999 -9999 -9999 -9999 -9999 -9999 -9999 -9999 -9999 -9999 -9999 -9999 -9999 -9999 -9999 -9999 -9999 -9999 -9999 -9999 -9999 -9999 -9999
-0.0435283606249885 -0.043528554911194 -0.0435196177457398 -0.0435072018346477 -0.0432538669384674 -0.0432068005938992 -0.0431703187572963 -0.0431178461434196 -0.0430831364015229 -0.043070320669871 -0.0430924375979727 -0.0430987825764216 -0.0430910305568211 -0.0430571971479672 -0.0429820462211108 -0.0429623997954962 -0.0428990522669049 -0.0427590291760233 -0.0379918663857121 -0.0348058180292387 -0.0330179963659878 -0.0293671540523575 -0.0263876217067687 -0.0239915615131439 -0.0191049566764701 -0.0160403474240404 -0.0106037081139325 -0.00869776043772172 -0.0067493765639881 -0.00524416975064923 -0.000831623255459095 0.00114580129320579 0.00343664016815353 -9999 -9999 -9999 -9999 -9999 -9999 -9999 -9999 -9999 -9999 -9999 -9999 -9999 -9999 -9999 -9999 -9999 -9999 -9999 -9999 -9999 -9999 -9999
-0.0435252776096745 -0.0435254269032851 -0.0434325632098385 -0.0432889192376212 -0.0432513473531494 -0.0432187716918366 -0.0431747975656132 -0.0431156087843791 -0.0430930020505277 -0.0430741194764685 -0.043079268060915 -0.0430567942597305 -0.0430293058293255 -0.0429686762624936 -0.0428858264891035 -0.0428649785566915 -0.0427999366478763 -0.036135349210423 -0.0350592899483219 -0.0336959222906069 -0.0319072928057645 -0.0281806788719791 -0.0257980142009458 -0.0243067141896867 -0.0190787791666729 -0.0151612534719837 -0.0101724949935623 -0.00779156867278903 -0.00432458246312502 -0.00273818446705577 0.000700476858960491 0.00225681162112202 0.00524186578518371 -9999 -9999 -9999 -9999 -9999 -9999 -9999 -9999 -9999 -9999 -9999 -9999 -9999 -9999 -9999 -9999 -9999 -9999 -9999 -9999 -9999 -9999 -9999
-0.0435288013479074 -0.0435268329218777 -0.0433246883506176 -0.0432956282470657 -0.0432548700688233 -0.0432193627309249 -0.0431746431592077 -0.0431282322749435 -0.0431098221231314 -0.0430962374271292 -0.0430481863582667 -0.0429725783475478 -0.042940823801093 -0.0428848182459527 -0.0428022016160091 -0.0427819999408703 -0.0426935312059045 -0.0373348313409819 -0.0340406575983385 -0.033088552935363 -0.0311589841467962 -0.028699627552529 -0.0267329398731168 -0.0261437413908846 -0.0234097254555421 -0.0142452451408771 -0.00987544161090267 -0.00705645102461695 -0.00308084398006519 -0.000374641648882228 0.00241571728606282 0.00341925666555383 0.00811034822592977 -9999 -9999 -9999 -9999 -9999 -9999 -9999 -9999 -9999 -9999 -9999 -9999 -9999 -9999 -9999 -9999 -9999 -9999 -9999 -9999 -9999 -9999 0.0114834635215554
-0.0435293484169598 -0.0435278002626694 -0.0433204375729525 -0.043301175629513 -0.0432607508054969 -0.0432209006596255 -0.0431755194922505 -0.0431347613140081 -0.0431053341117837 -0.043057725810958 -0.0429836710673243 -0.0429115162382689 -0.0428919465045775 -0.0428192763057979 -0.0427224839407638 -0.042695985347448 -0.0378274798046575 -0.0365961347363922 -0.0359866077817081 -0.0324990476854379 -0.0311372036405977 -0.0285267128296108 -0.0275301268511596 -0.0269119899498938 -0.0227678651860226 -0.013750837875762 -0.0101435565745287 -0.00705399688307346 -0.00271599493726675 0.0014047132260437 0.00459939198027827 0.0073879103090657 0.0148059621478466 0.0170838145237934 0.014955767037897 -9999 -9999 -9999 -9999 -9999 -9999 -9999 -9999 -9999 -9999 -9999 -9999 -9999 -9999 -9999 -9999 -9999 -9999 -9999 0.0113540075551364 0.0113680166131139
-0.0435322862288991 -0.0434411056675278 -0.0433116456108729 -0.043284586655238 -0.0432465627996986 -0.043208114582184 -0.0431667121917864 -0.0431248343114647 -0.0430432279697899 -0.0429663949334172 -0.0428809008225139 -0.0428215801311719 -0.0427672464599581 -0.0427034500279761 -0.0426173198853895 -0.0376455052092079 -0.0369116964365257 -0.0362622692305803 -0.0358427337337212 -0.0350689224538801 -0.0331565531072972 -0.03172118707205 -0.0316025702307815 -0.0259145859242615 -0.0215452936737753 -0.0132246290264793 -0.0101482603458204 -0.0063216401441378 -0.00162768541862778 0.00214668201935803 0.00518255736454944 0.00943517563582232 0.017910757968051 0.0159095077952347 0.0160284314041962 -9999 -9999 -9999 -9999 -9999 -9999 -9999 -9999 -9999 -9999 -9999 -9999 -9999 -9999 -9999 -9999 -9999 0.0108579641956591 0.0110443766970665 0.0216979073932424 0.0114873492456659
-0.0435340859326977 -0.0433310220809177 -0.0433058425886815 -0.0432702370851214 -0.0432112528156827 -0.0431640596738014 -0.0430883289560053 -0.0430242308691254 -0.0429131983477851 -0.0428450458145635 -0.0427663568336485 -0.0427415362596131 -0.0427132154662013 -0.0426389061053824 -0.0374695943884887 -0.0366317095631831 -0.0359684369086966 -0.0360183071099782 -0.035814429301253 -0.0348489495668655 -0.0332374375223346 -0.0321588423139719 -0.0317416382515791 -0.0283329379035729 -0.0194583530587323 -0.0126257162339708 -0.00966428318226513 -0.00447346705009658 0.000940880474324605 0.00408627188589415 0.00561878102390431 0.010151682710623 -9999 -9999 -9999 -9999 -9999 -9999 -9999 -9999 -9999 -9999 -9999 -9999 -9999 -9999 -9999 -9999 -9999 -9999 -9999 0.0135228551441933 0.0108894590121338 0.0106940479917337 0.00139878238398027 -0.00476090837837752
-0.0434448870906227 -0.0433200530907773 -0.0432775003215312 -0.0432365887594423 -0.0431272782274184 -0.0430471515285825 -0.0429217673920078 -0.0428403849907489 -0.0427888940334896 -0.0427317115129673 -0.0426928767681596 -0.0426804526765957 -0.0426717711508856 -0.0425968584802707 -0.0366037118984078 -0.0355017512174332 -0.0359245691286067 -0.035687233190172 -0.0351142422677165 -0.0339881696460771 -0.0330067482172468 -0.0322723463603582 -0.0305502547881137 -0.0252618865295915 -0.0144549719869476 -0.011274711314281 -0.00728489069995655 -0.00165989602638605 0.00322180052720075 0.00777361955498379 0.0096208723459462 -9999 -9999 -9999 -9999 -9999 -9999 -9999 -9999 -9999 -9999 -9999 -9999 -9999 -9999 -9999 -9999 -9999 -9999 -9999 -9999 0.0103021011360592 0.011542669686292 0.00806463983968232 -0.0047701114091656 -0.00721157322134487
-0.0433058119119122 -0.0432785310609795 -0.0432179822763067 -0.0431396573263874 -0.0429794407408388 -0.0428600334614814 -0.0426555431399293 -0.0426053354941855 -0.0426356543678373 -0.0426208681650378 -0.042592328544005 -0.042616256424054 -0.0376037745773788 -0.0369531203006618 -0.0356142633816123 -0.0356528956597427 -0.0353996589292241 -0.0350489109747109 -0.0340317613352433 -0.0328723839677409 -0.032045236011688 -0.0303001368624733 -0.0261972212253531 -0.0204362262079143 -0.0107311189623986 -0.00830785870000017 -0.00506747155951814 0.000867153972122336 0.00555047408427724 0.010477163232828 -9999 -9999 -9999 -9999 -9999 -9999 -9999 -9999 -9999 -9999 -9999 -9999 -9999 -9999 -9999 -9999 -9999 -9999 -9999 0.0113730271520985 0.0194473573419669 0.0206236069325809 0.0223164533180989 0.018387883986464 -0.00773420311421002 0.0113085036806843
-0.0432681541324864 -0.0432181745173943 -0.0430925960946141 -0.0428961543347656 -0.0427375820240512 -0.0424942651381631 -0.0421881314317926 -0.0420622850985605 -0.0361146730679191 -0.0366720597403939 -0.0368187662767456 -0.0366378858194008 -0.0361983388433725 -0.0333152542604427 -0.0352862878155047 -0.0348680714197252 -0.0344854400763262 -0.0339811753426782 -0.0331233199405625 -0.031745421719792 -0.0295121529152186 -0.0270668053789288 -0.0230014176562444 -0.0169713873721009 -0.00914267584837643 -0.00679488043844027 -0.00278235901483855 0.00286646128288331 0.00775102100160417 -9999 -9999 -9999 -9999 -9999 -9999 -9999 -9999 -9999 -9999 -9999 -9999 -9999 -9999 -9999 0.00720415646099709 0.0084297956501737 0.0211201615715465 0.0222114365112171 0.00985616316642804 0.0178412239576521 0.0159736222430583 0.00189952951474932 -0.00198578557218163 -0.00609064407135705 0.00316382143323586 0.0175031659600368
-0.0432203045077423 -0.0431554650656044 -0.0429477066455635 -0.04278235988163 -0.0425460372991409 -0.0420273647095147 -0.034210780735251 -0.0316642305370616 -0.0329576653863771 -0.034427737073285 -0.0347007398688184 -0.0351867110223777 -0.0327010030832873 -0.0321871671976197 -0.0306707122355398 -0.0307279755382212 -0.0303546392559182 -0.0332203607874278 -0.031694396026867 -0.0299725089664177 -0.026845319104629 -0.0246903783176519 -0.0206628252770963 -0.00766661196586647 -0.00784985453444686 -0.00570104910132845 -0.00105883586002695 0.0170921995074003 -9999 -9999 -9999 -9999 -9999 -9999 -9999 -9999 -9999 -9999 -9999 -9999 -9999 -9999 -9999 0.00535352922541239 0.00629755567247383 0.0173307625166068 -0.00234327219034961 -0.00231770821593828 -0.00188905149300918 -0.00413367070222123 -0.00514999206891791 -0.00480211750512859 -0.00520347190338639 -0.00784760490469866 -0.00616498410894519 -0.00794873598746987
-0.0431696765902591 -0.043016819361664 -0.0428665778389307 -0.0381686259303817 -0.0370392197664791 -0.0347513974405119 -0.0330334370065322 -0.0295745290127822 -0.0285122947480428 -0.0309941476397919 -0.0288352188728066 -0.0305085343818744 -0.0309202166257944 -0.0296621623170642 -0.0292478214198054 -0.0296796480755616 -0.0293497705497578 -0.0284231276052961 -0.0300392820675801 -0.0227390290228866 -0.0250179039578098 -0.0157313301013563 -0.0079284893197361 -0.00857975713183904 -0.00688507014016342 -0.00357934148108605 0.00211498269108798 -9999 -9999 -9999 -9999 -9999 -9999 -9999 -9999 -9999 -9999 -9999 -9999 -9999 -9999 -9999 0.00474418633134403 0.00259640345720207 0.00128200614886934 -0.00921374369723992 -0.0107548423306523 -0.00935639067445512 -0.00728294783790129 -0.00732947427132991 -0.00735258410419774 -0.00556607131643665 -0.00526104197376071 -0.00607591922209613 -0.00675898861836675 -0.00595638207774877
-0.0430651127770039 -0.0429012333852017 -0.0380590280592855 -0.0374895956420681 -0.0356413407433088 -0.033021677578303 -0.0303376647769091 -0.0271970793925289 -0.0232369129885216 -0.0188588267308379 -0.0233863088549814 -0.0265799650502395 -0.0272469802705798 -0.0274658078915407 -0.0276899528191792 -0.0274036363057724 -0.0264559286463957 -0.0259651003376983 -0.0233184109389449 -0.0204538142223093 -0.0173899207611631 -0.0111196913734507 -0.00718375961718535 -0.00807757841850295 -0.00562568650476386 -0.0015934296929166 0.0148210960206981 -9999 -9999 -9999 -9999 -9999 -9999 -9999 -9999 -9999 -9999 -9999 -9999 -9999 -9999 0.00528982380117936 0.00516435581476857 0.011991266309262 -0.0102647298132384 -0.0118880421883575 -0.0123789727529526 -0.0125852228985032 -0.0115708443938618 -0.0106322375093756 -0.010194480011556 -0.00969250581001523 -0.00813371690631022 -0.00740391656481569 -0.00664722292224044 -0.00117591886283083
-0.0429341403556229 -0.0384008286227547 -0.0373845583840068 -0.0363277641330222 -0.0336760846464637 -0.0304992290951887 -0.0262672665152401 -0.0163591813128984 -0.00824364199627892 -0.00826368415221741 -0.01095730900799 -0.0184538933761625 -0.0208517941759449 -0.0235880597410355 -0.0227687854891014 -0.021372992486243 -0.0216844639504706 -0.0212106101207822 -0.0191537327396469 -0.0165696239502525 -0.0126429974806728 -0.00825581044809871 -0.0068060263312836 -0.00713447227452031 -0.00429411020562671 0.0013090017058477 -9999 -9999 -9999 -9999 -9999 -9999 -9999 -9999 -9999 -9999 -9999 -9999 -9999 -9999 0.0102276588425734 0.00447320820258397 0.00392051507581111 0.0120256242908708 -0.0126386004770741 -0.0147476283660085 -0.0159651893392711 -0.0155639371969109 -0.0137227175039096 -0.0130956843395486 -0.0124288736310035 -0.0116779063186964 -0.00993607935820635 -0.00835448738932643 -0.00642716823050775 -0.0043958548237838
-0.0427311838725355 -0.037340342933865 -0.0361917433379744 -0.0336542836890857 -0.0288562835877216 -0.0234351871740558 -0.00882425098310895 -0.00703323893585146 -0.00341225534433362 -0.00208313318673996 -0.00424226646552055 -0.00605107103896833 -0.00696534101981498 -0.00811162963241883 -0.0108023913230574 -0.0121584067817317 -0.010671606029969 -0.00902436577480081 -0.00876075007067122 -0.00723856877832323 -0.00640139974430113 -0.00490611175303386 -0.00452664011687214 -0.00295149026954388 0.00345310336767442 0.00576602951651354 -9999 -9999 -9999 -9999 -9999 -9999 -9999 -9999 -9999 -9999 -9999 -9999 0.00675903653854708 0.00323550281748522 0.00279437087504338 0.0032609645359989 0.0125494812545077 -0.0124686511751876 -0.0162931240030196 -0.0175491331937968 -0.0181578625524793 -0.0173725372585634 -0.0156419584468143 -0.0141450343611847 -0.0133963166786258 -0.0129307455766467 -0.0114130635437951 -0.00880512913024929 -0.00619044582745888 -0.00354140454305964
-0.0366166677206394 -0.0356583561246769 -0.033620702852299 -0.0301227228800587 -0.0227023191556319 -0.00976357365887872 -0.00707669769235072 -0.000918029488969373 0.0027251436323375 0.0189184898393454 0.00500667722059952 0.00532581787715051 0.0022917831381167 -0.000141907225841516 -0.00182422125390205 -0.00327216476455955 -0.0028486208365127 -0.00328658284612754 -0.00335550332114047 -0.00181829041183863 -0.000554407516942669 0.00105939505969551 0.00363225570034899 0.00612873118546144 0.0105397438421869 -9999 -9999 -9999 -9999 -9999 -9999 -9999 -9999 -9999 -9999 -9999 -9999 0.0023648961049331 0.00356762997303716 0.0133354200838095 0.00184410681822557 0.00696170772768008 -0.0127557857357756 -0.0162068200254069 -0.018650940490925 -0.019065792667672 -0.0192686683686003 -0.0179829027116082 -0.0169087045068443 -0.0155010498198591 -0.0141701893120054 -0.0136132014375315 -0.00146509854137175 -0.00880369754768225 -0.00560973458473119 -0.00245074313877482
-0.0333639280677218 -0.0328131778030042 -0.0298666741123548 -0.0265273032629521 -0.0106915459300099 -0.00773072641369008 -0.000813421705678226 0.016584907999182 0.00902911746627283 0.0130842795991926 0.0132812244580575 0.00823039664976536 0.00669706946457403 0.00814716034908208 0.00445081416099965 0.00474940138212393 0.00509236766282628 0.00220200245998413 0.00325595399701428 0.0049876576236375 0.00627628644576361 0.00780041060016685 0.0100152733431641 0.0073935343834362 -9999 -9999 -9999 -9999 -9999 -9999 -9999 -9999 -9999 -9999 -9999 -9999 0.00314909658397493 0.0151015839479392 0.00977415393651651 0.0157536698072233 -0.00530583005692935 -0.011829960838495 -0.0161162213000932 -0.0184205579535301 -0.0202190346813157 -0.0202860122942734 -0.0198537766149267 -0.0188368417128441 -0.0178189865076828 -0.0166589956047945 -0.0151595151217237 -0.0136014420093022 -0.0108946261427334 -0.00793002315820077 -0.00315855846227562 0.00114815317885163
-0.0303003413742686 -0.0292754305121697 -0.0211869890084262 -0.0113312588256789 -0.00947286014187312 -0.00254573886768732 0.0137496587251706 0.0225189199954366 0.0279863383307357 0.019489998051285 0.0169448487588934 0.0144534860686632 0.00711069457054928 0.00730733266172121 0.00679308775246297 0.0085069988528959 0.00888636823315999 0.0137587595000611 0.0123381183140748 0.0113516556694906 0.0138762515264555 0.0136055801653884 0.0117690642436787 -9999 -9999 -9999 -9999 -9999 -9999 -9999 -9999 -9999 -9999 -9999 -9999 -9999 0.00352314865756145 0.0333180630898594 0.0220015051533513 0.00497150119180953 0.00454376477195923 -0.0140161919301516 -0.0209353372443211 -0.0216822143207224 -0.0387897691550384 -0.0386015671754222 -0.0204829571531382 -0.0195909789579783 -0.0183316975784763 -0.0169054323181197 -0.0152770071481182 -0.012926041805355 -0.00970855998594554 0.00211856164750556 0.0041089726951714 0.00712930514392073
-0.0303166000619942 -0.0224071063791299 -0.0126047537749535 -0.00937663734218889 -0.00506542644156524 -0.000236902954754002 0.0214425744168221 0.017781302001632 0.0115350004939686 0.0147556522462051 -9999 -9999 -9999 0.0115625073304352 0.00752871668012328 0.00896040150305518 0.00998817553028813 0.0121356516367371 0.012575351996612 0.0104531330968813 -9999 -9999 -9999 -9999 -9999 -9999 -9999 -9999 -9999 -9999 -9999 -9999 -9999 -9999 0.00916522006603872 0.00593945551891998 0.00198184551235379 0.0105793168745756 0.00824348540466396 -0.00740463235609921 -0.0193303286748804 -0.0216559345550275 -0.0221153703031479 -0.0224515876946056 -0.0390017456308571 -0.0388059460380459 -0.0384495024300339 -0.0191547552986234 -0.0179672575592685 -0.0164158310801939 -0.0143808364611548 -0.0115565285681915 -0.00516829587459642 0.00535240441053829 0.00689319627625772 0.00967312510964295
-0.022965219068478 -0.0161221521421566 -0.00988863262169892 -0.0066514154140439 -0.0033515153411323 0.0143510256592227 0.0293010424067613 0.018815415894519 0.0134235646675797 -9999 -9999 -9999 -9999 -9999 -9999 -9999 -9999 -9999 -9999 -9999 -9999 -9999 -9999 -9999 -9999 -9999 -9999 -9999 -9999 -9999 -9999 -9999 -9999 0.0145287464093302 0.0112317095015527 0.00324961413136027 0.0135487258862976 0.0078822153182831 -0.0158825665739737 -0.0195696074753704 -0.0215259673091203 -0.0209471989284479 -0.0219522721464036 -0.03893517704149 -0.0389683795314554 -0.0387297347175308 -0.0197457943870133 -0.0181373091170526 -0.0173094453697162 -0.0159614058710582 -0.0140170099773328 -0.00605055975948009 0.00585253800592147 0.00833694729511177 0.00706529295199477 0.00667886791479317
-0.0158269393656546 -0.00974363375883788 -0.00634699960675383 -0.00276385069736475 0.00231734711252803 0.0280386933503301 0.0241987798819536 0.0243821247064317 -9999 -9999 -9999 -9999 -9999 -9999 -9999 -9999 -9999 -9999 -9999 -9999 -9999 -9999 -9999 -9999 -9999 -9999 -9999 -9999 -9999 -9999 0.0192511282743856 0.0214466646527279 0.0285933293391582 0.0258926488264481 0.0242990929175437 0.000930859396355364 -0.00929595743894674 -0.0153532900477616 -0.0191432003821895 -0.0390203664298183 -0.0203896997744857 -0.0106373503042578 -0.0388545175894274 -0.0389250230308538 -0.0388756947858297 -0.0386607528889793 -0.0188943095273208 -0.0175742881446176 -0.0166233082965163 -0.0149065340309493 -0.0134232099797065 -0.000873650429391311 0.0061947884953403 0.00810400836027576 0.00745130896560579 0.000977999365169846
