raw_data/Abundance/Pinctada.mazatlanicaGrid_abun_Teorica.asc
NCOLS 96 
NROWS 96 
XLLCORNER 0 
YLLCORNER 0 
CELLSIZE 0.0104166666666667 
NODATA_value -9999 
[rows 52 to 77 of 96, columns 0 to 57 of 96]
0.312173369199482 0.312118429162304 0.312121116686175 0.312600823542742 0.311996475497098 -9999 -9999 -9999 -9999 -9999 -9999 -9999 -9999 -9999 -9999 -9999 -9999 -9999 -9999 -9999 -9999 -9999 -9999 -9999 -9999 -9999 -9999 -9999 0.401773262122584 0.39984088840113 0.376835684060173 0.472580557726529 0.481532802544312 0.333827371716148 0.325460625268382 0.319125030058795 0.316305362253872 0.316037197303623 0.316219302746289 0.316196451450419 0.316197655696089 0.316166051590232 0.316604191410918 0.319578384495497 0.327547230551036 0.335368218735869 0.343701598767043 0.345522065756794 0.354839402615278 0.367351808837186 0.370104538206006 0.390933876225558 0.430928049775 -9999 -9999 -9999 -9999 -9999
0.312135823169263 0.312008942376959 0.312039703804565 0.312073158336694 -9999 -9999 -9999 -9999 -9999 -9999 -9999 -9999 -9999 -9999 -9999 -9999 -9999 -9999 -9999 -9999 -9999 -9999 -9999 -9999 -9999 -9999 -9999 0.351520090345001 0.356609350030611 0.359582955678278 0.493582602198157 0.455123401299319 0.335655005436223 0.325735222652816 0.318566818133331 0.315842315108125 0.315333682858019 0.314996229724021 0.314749447477362 0.315123762277578 0.315303517972597 0.315287099110912 0.315520282193061 0.322762527532362 0.329715460192589 0.335127046511719 0.342438609406616 0.342616015353987 0.351476032576614 0.357535738040562 0.37536033625612 0.522924782225446 -9999 -9999 -9999 -9999 -9999 -9999
0.312089342223614 0.312021890367651 0.312027881636715 -9999 -9999 -9999 -9999 -9999 -9999 -9999 -9999 -9999 -9999 -9999 -9999 -9999 -9999 -9999 -9999 -9999 -9999 -9999 -9999 -9999 -9999 0.349349510955801 0.353239224467462 0.455460002649795 0.474411598580693 0.484464993889695 0.346819420176563 0.336108154270006 0.330318317323351 0.320989848535388 0.314888023844862 0.314780229171542 0.314884734198156 0.314652211982532 0.314554001342428 0.314454333858783 0.31465315775596 0.314806722576265 0.317736916636148 0.327051698144065 0.333548955991788 0.339339615350119 0.344178597539446 0.336257980054368 0.344506974773158 0.35638230566419 0.499103334295505 -9999 -9999 -9999 -9999 -9999 -9999 -9999
0.312038731596476 0.312048791453591 -9999 -9999 -9999 -9999 -9999 -9999 -9999 -9999 -9999 -9999 -9999 -9999 -9999 -9999 -9999 -9999 -9999 0.348741220033604 0.337434469329529 0.434265278871088 0.337561620049094 0.345053584819612 0.350803123594116 0.455405958453907 0.46798063298847 0.469122022908149 0.336937115868131 0.334745564981179 0.337843707254153 0.33074890857972 0.325036818908345 0.317366508291396 0.314573994757722 0.314321872709535 0.314536607335469 0.314488757661816 0.314508445609916 0.314520065112032 0.31437117922673 0.31470189445935 0.322463522144243 0.330987172991157 0.337038771825722 0.343856094674854 0.498635440795235 0.333194408443655 0.349629424644286 0.50623775558964 0.513980761524428 -9999 -9999 -9999 -9999 -9999 -9999 -9999
0.312050721183846 0.312094911125539 -9999 -9999 -9999 -9999 -9999 -9999 -9999 -9999 -9999 -9999 -9999 -9999 -9999 -9999 -9999 -9999 0.338004606224302 0.442599833776085 0.390603736681111 0.421047360918075 0.333795121429689 0.349623256556712 0.358085872708488 0.333358890778966 0.333694522858538 0.332088411597913 0.332537360257776 0.328652698703558 0.327019330370223 0.32273609287133 0.3197156097581 0.315329247709335 0.314988358069402 0.315161240752553 0.314781815251204 0.314725803141661 0.314831013092569 0.315028274407561 0.315209234348249 0.316386604778778 0.325701121940084 0.335484795591021 0.342992562414468 0.338006515394265 0.337127092965415 0.442783407811031 0.474868330779638 -9999 -9999 -9999 -9999 -9999 -9999 -9999 -9999 -9999
0.312088258402512 -9999 -9999 -9999 -9999 -9999 -9999 -9999 -9999 -9999 -9999 -9999 -9999 -9999 -9999 -9999 0.339607486581912 0.412069562594627 0.394388005267099 0.424987887722608 0.433471064166298 0.429284107577253 0.445737628040607 0.417410538996956 0.336645835275401 0.328656428927948 0.326816282801651 0.32744707255757 0.329651165222589 0.322844504353408 0.321590972727261 0.319471118515397 0.317440525342286 0.315172637028642 0.315139241240205 0.315315325454525 0.315177688986084 0.315102790779826 0.315413280559572 0.315866341277818 0.316707492191863 0.318207101140374 0.326811700793738 0.337976879202064 0.344906725591656 0.340547679359291 0.456553222742705 0.490689769125867 -9999 -9999 -9999 -9999 -9999 -9999 -9999 -9999 -9999 -9999
0.312196540648469 -9999 -9999 -9999 -9999 -9999 -9999 -9999 -9999 -9999 -9999 -9999 -9999 -9999 -9999 0.335147107482258 0.33568440665366 0.398559982214892 0.394390648733202 0.323690149159828 0.326194098996489 0.32812083332359 0.406761482659361 0.416895063106828 0.332303560366869 0.326972100442513 0.326196390000445 0.325602667513662 0.322860423893718 0.318534127269188 0.317205168743563 0.316866012042519 0.316558048241494 0.315391721624908 0.315303488600751 0.315308188096046 0.31521549055136 0.315301109481259 0.315672545840607 0.316463147808389 0.317355640708527 0.317748019193782 0.325910631314687 0.337932792061831 0.33945240323719 0.340524211254664 0.494662604960551 -9999 -9999 -9999 -9999 -9999 -9999 -9999 -9999 -9999 -9999 -9999
-9999 -9999 -9999 -9999 -9999 -9999 -9999 -9999 -9999 -9999 -9999 -9999 -9999 -9999 0.325424409782768 0.376269688595628 0.386671433993343 0.405705858528808 0.406400502677043 0.420183241220778 0.331399142497421 0.323251568761458 0.39296846396967 0.41501614614435 0.332144599938529 0.328232152618381 0.326338256014651 0.32114314019753 0.316119056637286 0.315405937598174 0.315496960947662 0.315749059498372 0.315964707588704 0.315746298544886 0.315632277040301 0.315633158195669 0.315578614678406 0.315789328298678 0.31612023151111 0.316981619626767 0.317515306061161 0.318163807039973 0.327272163217074 0.339026276501351 0.341975121683184 0.348677483128671 0.499056045624103 -9999 -9999 -9999 -9999 -9999 -9999 -9999 -9999 -9999 -9999 -9999
-9999 -9999 -9999 -9999 -9999 -9999 -9999 -9999 -9999 -9999 -9999 -9999 0.324574182968436 0.372743892250844 0.377983829504338 0.37542289828723 0.321026005277311 0.322002619143223 0.32229251925921 0.319853510573151 0.319426884515937 0.319280700840429 0.319628169773774 0.319830277443288 0.322598133312588 0.322744405103633 0.320660971980302 0.316818693999272 0.314470782092314 0.31470042586707 0.315260370731423 0.315636829676368 0.315739102442717 0.316163848701813 0.315961976007064 0.315985355996154 0.316103342699895 0.316182969773293 0.31647839179625 0.317500766997594 0.318318684781776 0.320012382885954 0.330563689721421 0.338914604744413 0.335468993538093 0.515665824306003 -9999 -9999 -9999 -9999 -9999 -9999 -9999 -9999 -9999 -9999 -9999 -9999
-9999 -9999 -9999 -9999 -9999 -9999 -9999 -9999 -9999 -9999 0.323111494429833 0.376654166054418 0.371624531215358 0.350769639690142 0.318464281020372 0.317124425540032 0.318288490524508 0.319891253394736 0.320317556361648 0.320028508029184 0.319714346768739 0.319070574657068 0.317530168215031 0.317808202105398 0.317493893985725 0.316659322365093 0.316232402589423 0.314567832544517 0.313844201321868 0.314664692079724 0.31524853387765 0.315436190599133 0.315664615442297 0.315963385855652 0.316154420339378 0.316046449434984 0.316163878073658 0.316393037212962 0.316768879349149 0.317899607288878 0.321061897672624 0.325725148109778 0.334682121794701 0.342969358656451 0.350202763070229 0.4981966254221 -9999 -9999 -9999 -9999 -9999 -9999 -9999 -9999 -9999 -9999 -9999 -9999
-9999 -9999 -9999 0.318250688959232 0.319092956003409 0.317970040974606 0.318543320656858 0.318887235596887 0.320635594705711 0.322407950612384 0.374162846111361 0.372617593314801 0.3170063800926 0.317017159559932 0.316526414763792 0.315965324397461 0.318028109113341 0.320450845796942 0.385765606275307 0.400133725701676 0.323138604643314 0.31958349519663 0.315452726948201 0.315988557527324 0.316167432066975 0.315729116015216 0.313821176732109 0.312540103126351 0.313040828475623 0.31524580229601 0.31519736812263 0.315216665425184 0.315520252821216 0.315796260054237 0.316037491022079 0.316135328639744 0.316419001924465 0.317396408830208 0.319248773644271 0.321429809410501 0.327053989148021 0.340007854209168 0.352542230571579 0.359575318998424 0.377273324559484 0.373034967240654 -9999 -9999 -9999 -9999 -9999 -9999 -9999 -9999 -9999 -9999 -9999 -9999
-9999 0.32457142201495 0.31867948853302 0.344534290589557 0.338484336578345 0.351800004033486 0.318381863621643 0.315059467307579 0.31693036575621 0.348038351768604 0.379625715672894 0.358000694356273 0.370318952678823 0.3832246479132 0.347793390576372 0.316871945155329 0.316248762707417 0.316630743559333 0.317190512192612 0.315665349738437 0.314870253878279 0.313964106007126 0.314541944199813 0.315042519752673 0.315444267856671 0.313753665545017 0.312225953614644 0.312190833698871 0.314082744765838 0.315782690261574 0.314998667587205 0.315241778353164 0.315344667928271 0.315713901399199 0.316016519524327 0.316920526187937 0.31773676977692 0.320853357568926 0.331475920501797 0.352418281383184 0.356319743633081 0.363087604294236 0.374181937810996 0.395802259632322 0.387324663839295 -9999 -9999 -9999 -9999 -9999 -9999 -9999 -9999 -9999 -9999 -9999 -9999 -9999
0.328634752505901 0.323142217380322 0.34557552251577 0.341217621785384 0.314614645392021 0.315022135691832 0.313752437801872 0.315408639807968 0.336877520393426 0.345287972147431 0.32044752677839 0.37238408714235 0.317478532510481 0.314815974707627 0.315382469493547 0.314260652971769 0.313146117730514 0.312921772636703 0.313083714307371 0.313415645534399 0.313330003107023 0.313347690832438 0.313688927060149 0.314088240238148 0.313897296807144 0.312598964304916 0.312387331345877 0.313072523634201 0.316115267669205 0.316132832032868 0.31513874191883 0.315188644684489 0.315470408799247 0.315833826644749 0.316800307223932 0.317745258240296 0.319131873698817 0.335981708474736 0.385394052428576 0.356700109033489 0.508136351688664 0.402748113677761 0.395595775557815 0.414417254212743 0.416407784188467 -9999 -9999 -9999 -9999 -9999 -9999 -9999 -9999 -9999 -9999 -9999 -9999 -9999
0.329709556451625 0.32141309683036 0.318728598258848 0.316603662717698 0.314921037799307 0.313996086072605 0.313526788598116 0.313625977320678 0.327738558753218 0.341949274459064 0.366142569954191 0.345771139007409 0.314098018125546 0.312784764725758 0.312434913735735 0.312462082692907 0.312409994661935 0.312404945641678 0.312509098206145 0.312659802208689 0.312907389243917 0.313020338676138 0.313547833525482 0.313787040773163 0.312627560733784 0.312666983624936 0.312997995513197 0.315400180716438 0.317076167597725 0.316830677712273 0.316028532609174 0.315645083164979 0.315613802149424 0.316139293838899 0.317419553844534 0.319564814702834 0.326096672584663 0.36151474196282 0.39802394603285 0.321409249118587 0.361970299287942 0.387052680549119 0.411547624898469 0.435895710019863 0.400305257279929 -9999 -9999 -9999 -9999 -9999 -9999 -9999 -9999 -9999 -9999 -9999 -9999 -9999
0.33963168898268 0.372871659779166 0.317728281313544 0.316279838120053 0.314525531212497 0.314099748127251 0.313536305076088 0.312631337953127 0.31245899864912 0.313246064246692 0.313468902564825 0.313444670792212 0.312575111429111 0.312151043659648 0.312142619814333 0.312224987280924 0.312223368892232 0.312198549682708 0.31223294117671 0.312304256017806 0.312351626930376 0.31265020348955 0.313264077999594 0.312947440692565 0.312399350305093 0.312529723116119 0.313135978569416 0.316594351842645 0.317195681637436 0.317450129935794 0.317167895871507 0.316943906177028 0.316733133813064 0.31679032079643 0.320887781371959 0.330217983098811 0.338572510858811 0.378286653232385 0.384092585950424 -9999 -9999 -9999 -9999 0.437377519629945 -9999 -9999 -9999 -9999 -9999 -9999 -9999 -9999 -9999 -9999 -9999 -9999 -9999 -9999
0.328994293267785 0.322967777989355 0.350620724432994 0.31703816042953 0.337837686025806 0.325973751410863 0.327748574552565 0.312314750578236 0.312171695004283 0.312241967144861 0.312372422197055 0.312355248478937 0.312254720400216 0.312009194974831 0.312082196053582 0.312099120111012 0.312085920403603 0.312046444643128 0.312059250767806 0.312042426574651 0.312162152091651 0.312294522188177 0.312448037076345 0.312295112562274 0.31244337576445 0.312693062886637 0.315443063611001 0.317043124271435 0.317611998176848 0.317981642853615 0.31784576869591 0.317827146945805 0.317874230014288 0.319123532094669 0.336040275934845 0.334509885292154 0.35571321502162 0.363404232789711 -9999 -9999 -9999 -9999 -9999 -9999 -9999 -9999 -9999 -9999 -9999 -9999 -9999 -9999 -9999 -9999 -9999 -9999 -9999 -9999
0.327073022103964 0.375234624756989 0.345795517639249 0.339904230337922 0.339420476041032 0.314032489538031 0.312877979214926 0.312481189078464 0.31231852192321 0.312222373186667 0.312126186266724 0.312092056182147 0.312015812451643 0.311901773030231 0.311917723704698 0.311950092947132 0.31199691255016 0.311993461652021 0.311979384901303 0.311977077155395 0.312052536363904 0.312164998223489 0.312145172227714 0.312273033745943 0.312538097029297 0.314136172152969 0.31558304982709 0.316853382148915 0.317457179178736 0.318263201365454 0.318477968300417 0.31904977939039 0.322881512878853 0.33143339006938 0.33787410711434 0.342821030836215 0.363261191901681 -9999 -9999 -9999 -9999 -9999 -9999 -9999 -9999 -9999 -9999 -9999 -9999 -9999 -9999 -9999 -9999 -9999 -9999 -9999 -9999 -9999
0.323983192063293 0.318483049629705 0.335770172442787 0.324825929056999 0.313048250741004 0.31282105657817 0.312690566279762 0.312619327805464 0.312434023768813 0.312219747343671 0.311975645571641 0.311985178791565 0.311894870940236 0.311861725693641 0.311893177653337 0.311944092866515 0.311973548128147 0.311989160438953 0.311963143445565 0.312000273864169 0.312051011965118 0.312149169735899 0.312222910691441 0.312558149188282 0.313064217276267 0.314820439228156 0.315985884689375 0.316143376525436 0.317375731050911 0.319190499902618 0.319670935180955 0.322747724122184 0.338147647112332 0.342318184839691 0.341993332227451 0.350875084615815 -9999 -9999 -9999 -9999 -9999 -9999 -9999 -9999 -9999 -9999 -9999 -9999 -9999 -9999 -9999 -9999 -9999 -9999 -9999 -9999 -9999 -9999
0.321056933830719 0.339637328377033 0.329873921299554 0.313374589568631 0.31377403198275 0.313150629245997 0.313024438985783 0.312653725173836 0.312504525009786 0.312094282568043 0.311951835285013 0.311950441003502 0.311860694741861 0.311825542517057 0.311843281936921 0.311953752385374 0.311971036541631 0.311978483773081 0.311965365425684 0.311958907731712 0.312133367682971 0.31220523177758 0.312311346381332 0.313039568423447 0.31409985680308 0.316320048176668 0.316872620707777 0.317744670803384 0.319444683854365 0.321313966851489 0.323022145275544 0.332733035493106 0.347598361521646 0.34874797555809 0.357895836867512 0.35195068160137 -9999 -9999 -9999 -9999 -9999 -9999 -9999 -9999 -9999 -9999 -9999 -9999 -9999 -9999 -9999 -9999 -9999 -9999 -9999 -9999 -9999 -9999
0.355802505432217 0.353233643816799 0.314457453148785 0.313090496266518 0.313568393817396 0.313719655885007 0.312895637568496 0.31270723186495 0.312611121311806 0.312098864575955 0.311926727056527 0.311916968260829 0.311889688865518 0.311817937852515 0.311839661563233 0.311891365116746 0.311968719984169 0.311939021523655 0.311941917293912 0.311991499319017 0.312493886527313 0.312488088524993 0.312811449047477 0.313895017551926 0.315347840087594 0.31756341714424 0.318879892635489 0.321439355260318 0.323367029486478 0.325018549620387 0.32788938318033 0.336651151579453 0.349846776301662 0.357991295365684 0.348970614147673 0.331685341760863 -9999 -9999 -9999 -9999 -9999 -9999 -9999 -9999 -9999 -9999 -9999 -9999 -9999 -9999 -9999 -9999 -9999 -9999 -9999 -9999 -9999 -9999
0.319948792840249 0.315996429181942 0.330551471033655 0.326337345487438 0.314109009070166 0.313841769333053 0.312889020091684 0.312732130378458 0.312834993518903 0.312189984852533 0.311919701898499 0.31190775754377 0.311929449532895 0.311944862115151 0.311857632139521 0.31178677873012 0.311843435257955 0.31188613134758 0.311903362928233 0.312095610175464 0.312583376666461 0.312758106838699 0.313330446621892 0.315667376395783 0.317454653200015 0.319746391452279 0.32164954018737 0.325296231048608 0.327429273219142 0.328933904753249 0.332465369864232 0.347244137063814 0.359829679181245 0.34605134641435 0.357051690025217 0.344557494347575 -9999 -9999 -9999 -9999 -9999 -9999 -9999 -9999 -9999 -9999 -9999 -9999 -9999 -9999 -9999 -9999 -9999 -9999 -9999 -9999 -9999 -9999
0.316246618562689 0.347344588775736 0.337412176098725 0.322250135686022 0.313054057554877 0.313275879607152 0.312801098409091 0.312567586362271 0.312496391945742 0.312005240643259 0.311904387711926 0.311902738776514 0.311938542762572 0.311955647456852 0.311835857909229 0.311771988537272 0.311770011812064 0.311813805821277 0.311902267652111 0.312376654680004 0.312752441009684 0.31346540144083 0.314878918572729 0.316106984808748 0.319247040705381 0.321879962316034 0.325953572952942 0.328475292756186 0.33180368092675 0.331522886082897 0.338004136274773 0.364884573807514 0.371492945347109 0.359357086185681 0.359921025621034 -9999 -9999 -9999 -9999 -9999 -9999 -9999 -9999 -9999 -9999 -9999 -9999 -9999 -9999 -9999 -9999 -9999 -9999 -9999 -9999 -9999 -9999 -9999
0.335218422323354 0.339231791304954 0.313294289879969 0.312279184210409 0.312924066577844 0.312924430788729 0.31259950180969 0.312250299937455 0.312069063901418 0.311953136457772 0.311909835601846 0.311916586133118 0.311922706050866 0.311953985010391 0.311841371004646 0.311862503166394 0.311796698483531 0.311774421700961 0.311946812405698 0.312866706300588 0.313427109365733 0.314659886845785 0.317729456187368 0.320787711494029 0.324806132433071 0.326940261361892 0.328505163923152 0.330929427942724 0.334207032192261 0.331135618298776 0.338178810640504 0.365468192379414 -9999 -9999 -9999 -9999 -9999 -9999 -9999 -9999 -9999 -9999 -9999 -9999 -9999 -9999 -9999 -9999 -9999 -9999 -9999 -9999 -9999 -9999 -9999 -9999 -9999 -9999
0.312715473604823 0.312431603528737 0.312286021976063 0.312439906949485 0.31254767225096 0.312309839605653 0.312161729137074 0.311983728703548 0.311942798742998 0.311907244711346 0.311894676498618 0.311905759377115 0.311927740972637 0.311886551071254 0.311878017081517 0.311888873503084 0.311859054324285 0.311886303172877 0.312533012762825 0.314865818729595 0.315433576504876 0.319479724466156 0.322114114669088 0.325074943563923 0.32967207797665 0.331050851152399 0.331359931083557 0.332096870689443 0.331711423959748 0.331631679398968 0.350190133176625 -9999 -9999 -9999 -9999 -9999 -9999 -9999 -9999 -9999 -9999 -9999 -9999 -9999 -9999 -9999 -9999 -9999 -9999 -9999 -9999 -9999 -9999 -9999 -9999 -9999 -9999 -9999
0.312157017893041 0.312237197157137 0.312300235012145 0.312399582342673 0.312248211599233 0.312105731713454 0.311983825924357 0.311907504358461 0.311891177136934 0.311875734007959 0.311884286501958 0.3119075654519 0.311797921527182 0.311821602283971 0.311852344326159 0.311890023117121 0.31192438670787 0.312194390629372 0.316197890670853 0.321030352310459 0.324669377119997 0.330800221193968 0.334202832018342 0.332268284780314 0.333566285380687 0.334076826800755 0.331707341273211 0.332097399382664 0.338298412795752 0.342489128981033 0.36016069988106 -9999 -9999 -9999 -9999 -9999 -9999 -9999 -9999 -9999 -9999 -9999 -9999 -9999 -9999 -9999 -9999 -9999 -9999 -9999 -9999 -9999 -9999 -9999 -9999 -9999 -9999 -9999
0.31220346065529 0.31231309106896 0.312301406948784 0.312211311749617 0.312013888302038 0.311974136152496 0.311908556751689 0.311857854484392 0.311845075969249 0.311860093206463 0.311897171930619 0.311926054441263 0.311868918858627 0.311862501404083 0.311887575854946 0.311983222039211 0.312210868234749 0.314351743876502 0.322907565705892 0.341286351904068 0.34393539865795 0.345257719146472 0.349258164516012 0.350356965259584 0.34449170141345 0.342996380754395 0.340863044865405 0.340595907929752 0.351189950800554 0.362373574727911 0.358051507649146 -9999 -9999 -9999 -9999 -9999 -9999 -9999 -9999 -9999 -9999 -9999 -9999 -9999 -9999 -9999 -9999 -9999 -9999 -9999 -9999 -9999 -9999 -9999 -9999 -9999 -9999 -9999
