raw_data/Abundance/Pinctada.mazatlanicaGrid_abun_Teorica.asc
NCOLS 96 
NROWS 96 
XLLCORNER 0 
YLLCORNER 0 
CELLSIZE 0.0104166666666667 
NODATA_value -9999 
[rows 26 to 51 of 96, columns 0 to 57 of 96]
0.311730668755937 0.311730674468761 0.311730664175016 0.311730663713203 0.311730663999255 0.311730663336274 0.311730664038055 0.311730666053023 0.311730671257831 0.311730674120411 0.311730668281288 0.311730665696155 0.311730662834338 0.311730661965548 0.311730661404164 0.311730660030208 0.311730657810402 0.311730658754207 0.311730668667528 0.311730703930485 0.311730758696053 0.311730838283474 0.31173103015065 0.311731272400821 0.311731775305561 0.31173321983055 0.311737626297628 0.311753043814353 0.311777470204815 0.311793365072775 0.311797287389035 0.311771733883371 0.311775436498226 0.311772820347939 -9999 -9999 -9999 -9999 -9999 -9999 -9999 -9999 -9999 -9999 -9999 -9999 -9999 -9999 -9999 -9999 -9999 -9999 -9999 -9999 -9999 -9999 -9999 -9999
0.311730663451264 0.311730662459906 0.311730660059639 0.311730664301403 0.311730665415653 0.311730664961389 0.311730664575619 0.311730664900765 0.311730665655005 0.311730666586092 0.311730667504285 0.311730664738544 0.311730662892171 0.311730662868175 0.311730662589201 0.311730661513251 0.311730687102473 0.311730713944228 0.311730781721524 0.311730841442416 0.311730905577016 0.311731027307455 0.311731372241598 0.311731971720967 0.311733543669834 0.311737706952716 0.311761108911947 0.311786516733257 0.311810873923651 0.311812895294064 0.311808772368099 0.311779082131701 0.312024084444517 -9999 -9999 -9999 -9999 -9999 -9999 -9999 -9999 -9999 -9999 -9999 -9999 -9999 -9999 -9999 -9999 -9999 -9999 -9999 -9999 -9999 -9999 -9999 -9999 -9999
0.311730657678639 0.311730660483651 0.311730660790087 0.311730665112683 0.311730666843918 0.311730665489641 0.311730665160941 0.311730664363348 0.311730664255172 0.311730665169664 0.311730665271027 0.311730666021477 0.311730665848418 0.311730662995766 0.311730661794017 0.311730692614687 0.311730773631343 0.311730824191157 0.311730978694114 0.311731781429591 0.311731622665954 0.311731370893431 0.311732926338258 0.311734330130372 0.311738393402119 0.311753830451122 0.311804136609709 0.311822899344673 0.311822645865645 0.311832842889279 0.311808735065855 0.311792567333449 -9999 -9999 -9999 -9999 -9999 -9999 -9999 -9999 -9999 -9999 -9999 -9999 -9999 -9999 -9999 -9999 -9999 -9999 -9999 -9999 -9999 -9999 -9999 -9999 -9999 -9999
0.31173065571613 0.31173066043413 0.311730662217471 0.311730666144369 0.311730667754299 0.311730666012108 0.311730665131775 0.311730664703974 0.311730664995401 0.311730665518602 0.311730664988411 0.311730666205169 0.311730666750046 0.31173068189132 0.311730714900282 0.311730800479266 0.31173097358635 0.311731355361599 0.311732004306092 0.311732846687687 0.31173269348414 0.311732916058112 0.311735684025594 0.311741720233582 0.311760125248838 0.311808516245605 0.311825803339046 0.311828990184293 0.311829982071518 0.311835646725659 0.311834214848187 0.311804038507745 -9999 -9999 -9999 -9999 -9999 -9999 -9999 -9999 -9999 -9999 -9999 -9999 -9999 -9999 -9999 -9999 -9999 -9999 -9999 -9999 -9999 -9999 -9999 -9999 0.339521838280168 0.340255693842268
0.311730658625617 0.311730661429659 0.31173066376102 0.311730668565608 0.311730667989038 0.311730666194184 0.311730664803427 0.311730664278787 0.311730665164583 0.311730666554987 0.311730667296215 0.311730673367317 0.311730697245159 0.311730789882785 0.311730868354957 0.311731032752996 0.311731910977053 0.311732675109114 0.311733446205239 0.311733775560555 0.311737295746877 0.311747319946572 0.311749215282396 0.311768739717431 0.311798366216924 0.311824077449399 0.311828894725795 0.31184184212905 0.311845643139588 0.311853852276712 0.311824860209084 0.311797012762279 -9999 -9999 -9999 -9999 -9999 -9999 -9999 -9999 -9999 -9999 -9999 -9999 -9999 -9999 -9999 -9999 -9999 -9999 -9999 -9999 -9999 -9999 -9999 -9999 0.343010772958735 0.337014540053109
0.311730661168455 0.311730664428701 0.311730666657848 0.311730669642967 0.3117306679006 0.311730666568205 0.311730664324871 0.311730664476988 0.311730665487526 0.311730669005011 0.311730692061322 0.311730721685178 0.311730804147222 0.311730979422536 0.311731128781308 0.311731620921266 0.311733404256369 0.311734310275004 0.31173556921105 0.311736960966581 0.311744225505151 0.311762150143873 0.311756448128745 0.311776802582765 0.311810031539119 0.311826936211131 0.311828951413457 0.311870993392081 0.311883387136046 0.3118553496534 0.311818587851458 0.311794154587985 -9999 -9999 -9999 -9999 -9999 -9999 -9999 -9999 -9999 -9999 -9999 -9999 -9999 -9999 -9999 -9999 -9999 -9999 -9999 -9999 -9999 -9999 -9999 0.367112722014073 0.451705987064767 0.432911236789327
0.311730663799174 0.311730668713936 0.311730670615175 0.311730670412509 0.311730668716873 0.311730667847995 0.311730665509908 0.311730664800284 0.311730666618313 0.31173069694116 0.311730780676767 0.311730861746586 0.311730973110526 0.311731209295411 0.311731468378586 0.311732270520752 0.311734829011169 0.311736489930293 0.311737750981112 0.311740550029881 0.311748527716862 0.311760908008523 0.311754286683999 0.311763234846131 0.311810659802896 0.311839156954926 0.311850093561632 0.311907053206913 0.311881442719868 0.311850434862478 0.311808924807977 0.311809291662329 -9999 -9999 -9999 -9999 -9999 -9999 -9999 -9999 -9999 -9999 -9999 -9999 -9999 -9999 -9999 -9999 -9999 -9999 -9999 -9999 -9999 -9999 0.357089285987574 0.359066304914327 0.342955553889023 0.330442677717585
0.311730667256093 0.311730672680016 0.311730672765194 0.311730672391291 0.311730671439937 0.311730670602251 0.311730669511675 0.311730671577984 0.311730702544427 0.311730810611965 0.311730957490578 0.311731055986125 0.311731234117557 0.311731619855068 0.31173202055166 0.311733115534064 0.31173750522688 0.311740043336173 0.311740805770541 0.311745717859254 0.3117552536639 0.311760142871945 0.311752895780251 0.311771242198676 0.311822818572097 0.31185178303019 0.311892523542336 0.311944200954906 0.311912066687237 0.311844206268901 0.31184188207476 0.312077458374888 0.312721060129855 0.312510637290854 -9999 -9999 -9999 -9999 -9999 -9999 -9999 -9999 -9999 -9999 -9999 -9999 -9999 -9999 -9999 -9999 -9999 -9999 -9999 0.349078996257905 0.344519898385218 0.437603095404087 0.344968700185853 0.319630754496186
0.311730670377263 0.311730675856287 0.311730674300167 0.311730676242527 0.311730678608429 0.311730677711119 0.311730681657814 0.311730747097699 0.31173090686879 0.311731183618543 0.311731516756953 0.311731704102333 0.311731894311468 0.311732644468404 0.311733623296907 0.311737666302081 0.311743448707951 0.311746056634121 0.311745968224866 0.311751527610312 0.311755687691662 0.311752650378481 0.311755842716263 0.31177907655105 0.311829712437976 0.311881728801644 0.311921535582819 0.311976059714664 0.311887439863301 0.311847831342084 0.311966472450544 0.312848986266143 0.312850390240362 0.313094925540833 -9999 -9999 -9999 -9999 -9999 -9999 -9999 -9999 -9999 -9999 -9999 -9999 -9999 -9999 -9999 -9999 -9999 0.34790999680337 0.344722564119798 0.429514970283601 0.336083570035246 0.328377983831742 0.322413120057208 0.322856723041174
0.311730674323664 0.311730675671245 0.311730679051357 0.311730688943207 0.311730700071612 0.311730723254516 0.311730781991451 0.311731151849955 0.311731505158011 0.311732039534684 0.311732419274464 0.311732563199445 0.311732723182013 0.311734415749301 0.311738274475516 0.311743733556109 0.311744078234718 0.311744437452389 0.311745727522591 0.311748579675657 0.311750479799092 0.311751217796085 0.311763505654547 0.311791770768996 0.311836997536838 0.311911922177757 0.311989333145405 0.312016910371231 0.311920663532723 0.311938128032112 0.311998112977489 -9999 -9999 -9999 -9999 -9999 -9999 -9999 -9999 -9999 -9999 -9999 -9999 -9999 -9999 -9999 -9999 -9999 -9999 -9999 0.356256300446604 0.347574570326717 0.326941876813399 0.323908587575491 0.32352784034109 0.31973026630905 0.328143067810702 0.467209622041697
0.311730675302334 0.311730680729076 0.311730691951177 0.311730720692703 0.311730803641439 0.311730954133376 0.311731378324508 0.311731876133233 0.311732315259947 0.311732646521496 0.311732923145538 0.311733128598661 0.311733253346763 0.311740061252999 0.311745269204313 0.311743992087094 0.311743361649801 0.311744925612463 0.311746519710639 0.311747877747291 0.311750145136284 0.311758340527384 0.31177916789749 0.311852679752636 0.311886607465197 0.311979372565128 0.312080818514024 0.312017428490587 0.312039694993011 0.312029441281715 -9999 -9999 -9999 -9999 -9999 -9999 -9999 -9999 -9999 -9999 -9999 -9999 -9999 -9999 -9999 -9999 -9999 -9999 -9999 -9999 0.371683568624997 0.358249180169976 0.322113820950632 0.321688839716771 0.321545123276293 0.422256012364158 0.495736733353826 0.358250648762255
0.311730684726878 0.311730700145335 0.311730736648958 0.311730921856362 0.311731195326161 0.311731713524821 0.311732413908228 0.311732686132367 0.311733072093104 0.311733440706829 0.311733945359194 0.311734395570844 0.31173759037586 0.311746953327195 0.311745157062606 0.311744648048522 0.311745040603238 0.311745627952035 0.311747825582894 0.311751606121255 0.311756215298125 0.311775462051732 0.311818584620555 0.311880791252333 0.311920654427451 0.312011311216306 0.312178523958383 0.312143230748721 0.31213384350687 -9999 -9999 -9999 -9999 -9999 -9999 -9999 -9999 -9999 -9999 -9999 -9999 -9999 -9999 -9999 -9999 -9999 -9999 -9999 0.359593529542691 0.476511098103561 0.478286626169558 0.47573568137995 0.417558573098736 0.323273039580585 0.459584690926186 0.502973368670619 0.369725347679422 0.37037740265155
0.311730719580098 0.311730842552085 0.311731156916598 0.311731499691911 0.311732925377798 0.311734130137475 0.311735246208864 0.311735209787775 0.311735192722733 0.311737682603456 0.311742441106788 0.311745686490123 0.311749494872994 0.311748224011979 0.311747220581618 0.311746821212634 0.311747044614891 0.31174824742134 0.311750807677005 0.311756778620751 0.311764201767287 0.311795353253003 0.311859083108693 0.311896871456639 0.311938855572727 0.312009378255147 0.312149754235627 0.312356905051029 -9999 -9999 -9999 -9999 -9999 -9999 -9999 -9999 -9999 -9999 -9999 -9999 -9999 -9999 -9999 0.362573890714844 0.34089579447324 0.506355242972006 0.510609754805911 0.348489797035343 0.442566937309023 0.447100775394501 0.347371317155225 0.350949689103617 0.340525004294495 0.446358548856408 0.528920163347549 0.371712353033676 0.379984052189108 0.378706670624341
0.311730788013855 0.311731305570446 0.311731849962918 0.31173363146228 0.311737968861463 0.31173920077541 0.31174239387686 0.311748483394747 0.311748244572271 0.311752123036366 0.311753364672394 0.311752372285847 0.311751167893319 0.311751426394932 0.311750672214053 0.311750469959524 0.311749668049396 0.311752581413388 0.311755860368742 0.311765586356089 0.311776155521006 0.311842551165402 0.311871346147946 0.311913159613612 0.311968710878897 0.312022728933842 0.315334681500769 -9999 -9999 -9999 -9999 -9999 -9999 -9999 -9999 -9999 -9999 -9999 -9999 -9999 -9999 -9999 0.345376675121117 0.33864746780876 0.424986712848785 0.345561717748342 0.35582600290869 0.368390397297296 0.347626852211869 0.345099404898735 0.356400809926913 0.358084697834664 0.352403889178844 0.378090743022291 0.380805288991842 0.377587603307311 0.382632805224535 0.3799587924019
0.311731219933893 0.311732584397106 0.311738179310736 0.311737728247304 0.311742582825943 0.311746550668564 0.311762902944275 0.311792391983531 0.311768213373958 0.311761389413072 0.311760380783895 0.31175777867335 0.311757226188934 0.311757879330665 0.311755708369441 0.311755987372603 0.311755028117498 0.311757368466154 0.311766106531474 0.311775309024416 0.311820688232136 0.311879391390172 0.311918062655796 0.311935096563928 0.31205775867805 0.312214407542142 -9999 -9999 -9999 -9999 -9999 -9999 -9999 -9999 -9999 -9999 -9999 -9999 -9999 -9999 -9999 0.358598411414057 0.332579038906671 0.336824416096597 0.340154919040044 0.345800510853 0.35679204291019 0.359098320226021 0.355524647772923 0.352113695344402 0.347523463315388 0.347944655581167 0.34622170311878 0.356141162811886 0.385980901903491 0.530300933808798 0.387294998275247 0.503807822803869
0.311732320024061 0.31174076294639 0.311743877830615 0.311745974510441 0.311759464852262 0.311774076288057 0.311797965291232 0.311852267959361 0.311833035274868 0.311780904361001 0.311768240689775 0.311767820084946 0.311768267711873 0.31177066886025 0.311772347754944 0.311774210517391 0.311766358248191 0.31177023503809 0.311784273311691 0.311812737567253 0.311904952532517 0.311922652594107 0.311982835212005 0.311995901864953 0.312237123727523 0.318071315098205 -9999 -9999 -9999 -9999 -9999 -9999 -9999 -9999 -9999 -9999 -9999 -9999 -9999 -9999 0.40441056013823 0.380516857468135 0.393505381307079 0.337921689504198 0.340398352896305 0.340511463873677 0.341766875297942 0.345470958745465 0.348913632767226 0.351845236675697 0.348004280427718 0.339930371280498 0.336155912890938 0.344597146339123 0.379757595259599 0.54249906128288 0.39624224987928 0.538538267904888
0.311739180773184 0.31174706417654 0.311750460707393 0.311761690768208 0.311789473596953 0.311850868390918 0.311885776829404 0.311904612993981 0.311904694941431 0.311860589296935 0.311799361922489 0.311806777432346 0.311793290468287 0.311806341554157 0.311833281998371 0.311815852745197 0.311805928586008 0.311809241436473 0.311841852996633 0.311924516825146 0.311971794628966 0.312024290047436 0.312124955586394 0.312279486740419 0.312741567552447 -9999 -9999 -9999 -9999 -9999 -9999 -9999 -9999 -9999 -9999 -9999 -9999 -9999 -9999 0.414067729250206 0.417994745005767 0.429515264002057 0.501338531745005 0.341308087069805 0.337673409293414 0.337682514565547 0.340614000986636 0.343521549353568 0.348007805049189 0.351357664038881 0.347317272959337 0.342210977603283 0.338394106268689 0.345934446468896 0.368553117321872 0.383731605968107 0.527298543752451 0.567452793860366
0.311750055669642 0.311756394466383 0.31177589792992 0.311817504030356 0.311836359580352 0.311878201830426 0.311946012316624 0.312029215118504 0.312102251149752 0.312036522833688 0.312032255104523 0.311911608780164 0.31187524114839 0.311875987193268 0.311913234218099 0.311951411742999 0.311975416764964 0.311976771394483 0.312017114505558 0.312071208046146 0.312128841481566 0.312207085141036 0.312461295527445 0.312799588696228 0.313028518735136 -9999 -9999 -9999 -9999 -9999 -9999 -9999 -9999 -9999 -9999 -9999 -9999 0.384147217583224 0.393633736272314 0.361891582741757 0.377823459227409 0.500309929712397 0.351403777836459 0.337328818800937 0.334523278853743 0.334104818169604 0.338427883891119 0.343146470885367 0.346168246359803 0.351380280359986 0.353837528962157 0.351211979684748 0.35077052084551 0.355838926520751 0.370974825990878 0.391723391435053 0.539576856364997 -9999
0.311768964118332 0.31177942666345 0.311827161199468 0.311838875866363 0.311868687408483 0.311914432295681 0.312038138285195 0.312090120577523 0.315926612304972 0.312272525613014 0.312182348172679 0.312384200307137 0.312175392919643 0.312070702850402 0.312061048324756 0.312246499220635 0.312217083317276 0.312217121500675 0.312264316182171 0.312237872709585 0.312233634352266 0.312266201854658 0.312406329055605 0.312699169293335 -9999 -9999 -9999 -9999 -9999 -9999 -9999 -9999 -9999 -9999 -9999 -9999 0.376737288377442 0.364358524052973 0.471410677116626 0.357654400296751 0.494029935406513 0.352137780257786 0.336134060237818 0.333305110929688 0.329781488101478 0.326104573611127 0.333363972108253 0.340833203070284 0.345825476921753 0.354096882358729 0.354501920109433 0.475505993547426 0.366561118753868 0.370455238042367 0.379599868448773 0.542091086347616 0.505328403250133 0.348023372127352
0.311793248466548 0.311835672866602 0.311873470907256 0.311883646195725 0.311937967955553 0.312039195671636 0.314104312512056 0.311998311824884 0.312053840473848 0.31242542075524 0.312564346647702 0.312590757811258 0.312535362510473 0.312581852267674 0.312631173470792 0.312478492743039 0.312385804009906 0.312208556670501 0.312138669301101 0.312127287710934 0.312247518423677 0.312584933374277 0.312211570221858 -9999 -9999 -9999 -9999 -9999 -9999 -9999 -9999 -9999 -9999 -9999 -9999 0.393523885569802 0.378909042640465 0.338715757349759 0.4932345458279 0.346125657183696 0.339782160947644 0.336088416389769 0.331018923956241 0.328758584206914 0.325560283940474 0.325743035563743 0.330619907433883 0.337087675948632 0.347476468362442 0.358597530258689 0.357862352963538 0.36836425635472 0.379218034456086 0.382821078754775 0.378395622779529 0.392537285276389 0.37538765207252 0.339997632806902
0.31187189334543 0.311926133157809 0.311923478236686 0.31194226006335 0.312045410754163 0.314770653949879 0.312486449576009 0.312007556025847 0.311892620763145 0.311949307543981 0.312513577412597 0.312513051656561 0.3129392165758 0.313029678923037 0.312796586893608 0.312653026123911 0.312452178506573 0.312257440233118 0.312280923023668 0.312092073805254 0.312910708262469 0.312674752478095 -9999 -9999 -9999 -9999 -9999 -9999 -9999 -9999 -9999 -9999 -9999 -9999 -9999 0.403770547622795 0.358122881233933 0.50046060728028 0.467172907234708 0.335455570604658 0.328765839052775 0.331195889325929 0.326852615774647 0.323990887486838 0.323271923450453 0.325229909421262 0.328770215457769 0.333724746487652 0.347147503691819 0.364293905992673 0.368946700052796 0.375892554098235 0.402692894608049 0.377108842224172 0.37919688672726 0.388066890377388 0.366688005126822 0.330178507338336
0.311927479269493 0.311994927013398 0.31199970874986 0.312065545154316 0.312181713740815 0.314024817611963 0.311967784490887 0.311733062162483 0.311746272076608 -9999 -9999 -9999 0.313415046348749 0.313443302064207 0.313304144134165 0.313115767802465 0.312849006826435 0.312500897586856 0.312423899293638 -9999 -9999 -9999 -9999 -9999 -9999 -9999 -9999 -9999 -9999 -9999 -9999 -9999 -9999 0.389491424888567 0.377819347169027 0.372941271053218 0.484060543575902 0.518957527041424 0.464540014995901 0.326067623829373 0.327809227413711 0.32596118026095 0.322328411654522 0.320118385876694 0.320466735965407 0.324222337630097 0.330317847373822 0.337556215629505 0.350369888871644 0.374279746056815 0.380917783160457 0.385680134204636 0.390779674036203 0.388471046972724 0.391222307749265 0.379977590383078 0.362979809620916 0.436760123435616
0.312040000460206 0.312074162853813 0.312129079393515 0.31212428297113 0.316945433512998 0.313879591458621 0.312090866622401 0.311772267276087 -9999 -9999 -9999 -9999 -9999 -9999 -9999 -9999 -9999 -9999 -9999 -9999 -9999 -9999 -9999 -9999 -9999 -9999 -9999 -9999 -9999 -9999 -9999 -9999 0.390444834996462 0.377195782887123 0.378057552836772 0.498327330134982 0.519381069054851 0.351406715021018 0.328575215774888 0.325631246319422 0.333600738555565 0.326170102198641 0.320743506866414 0.318742138679666 0.319349460330958 0.32574438666864 0.33531338150015 0.343381445650098 0.357832981117946 0.375664922294902 0.390693908247077 0.40795104240581 0.382981155313248 0.376722896173102 0.378519571967924 0.490048288018152 0.480033369826874 -9999
0.312129223315558 0.312212674603252 0.31229480709508 0.312685902030682 0.314759081442716 0.311916663968509 0.311936265857101 -9999 -9999 -9999 -9999 -9999 -9999 -9999 -9999 -9999 -9999 -9999 -9999 -9999 -9999 -9999 -9999 -9999 -9999 -9999 -9999 -9999 -9999 0.37513035470514 0.365782177408785 0.491773002791275 0.534367465830918 0.515523077136429 0.385477468470056 0.380266903062153 0.351579127754639 0.330431046466731 0.319051600444816 0.333691027608913 0.451780591552569 0.322952710232566 0.319105174691175 0.31872745275687 0.319760871772156 0.329732143400885 0.341026029236592 0.350194245235008 0.357324260752305 0.368234726515662 0.397135447703713 0.425722771299303 0.371066759867579 0.349289886109251 0.339684675792126 0.490088821165068 -9999 -9999
0.312200870058509 0.312278555652914 0.3124997667708 0.312355700805359 0.311933806258752 0.311976096135753 -9999 -9999 -9999 -9999 -9999 -9999 -9999 -9999 -9999 -9999 -9999 -9999 -9999 -9999 -9999 -9999 -9999 -9999 -9999 -9999 -9999 -9999 0.391909608936102 0.382604901971223 0.482562285732288 0.391708999230713 0.525604963135655 0.526018812440037 0.356740348461949 0.340260628312327 0.32796340023122 0.318968243147028 0.316627953234002 0.319104440395035 0.322620573402619 0.319119185061522 0.318154848627067 0.318171766810128 0.320960094855804 0.332478734053976 0.340689692232725 0.347396870660889 0.353526774835801 0.378738098499124 0.398127334929332 0.423295775698091 0.376434464649395 0.319538262554419 0.412285739378179 -9999 -9999 -9999
0.312200582214422 0.312208565482054 0.316402083741404 0.312137280012804 0.311872333923114 -9999 -9999 -9999 -9999 -9999 -9999 -9999 -9999 -9999 -9999 -9999 -9999 -9999 -9999 -9999 -9999 -9999 -9999 -9999 -9999 -9999 -9999 -9999 0.400214791995508 0.394393879636217 0.388029294415031 0.377380531795892 0.511802545455375 0.470382368802473 0.336198883901038 0.324264633087749 0.31847062533902 0.317092233997264 0.316611446256779 0.317062157227378 0.317125365439091 0.317319425222913 0.317445812274492 0.31840033851252 0.323911113554212 0.333773709354253 0.3406568838812 0.346323329704526 0.354226412197786 0.382908606854637 0.390748246161421 0.412350063720024 0.362306606919963 -9999 -9999 -9999 -9999 -9999
