raw_data/Abundance/Scarus perricoGrid_precio_Teorico.asc
NCOLS 96 
NROWS 96 
XLLCORNER 0 
YLLCORNER 0 
CELLSIZE 0.0104166666666667 
NODATA_value -9999 
[rows 50 to 74 of 96, columns 0 to 56 of 96]
0.115833796456822 0.168118900614046 0.198113493789516 0.168626370025579 0.154214072898362 0.046521103466539 0.0361685616315864 -9999 -9999 -9999 -9999 -9999 -9999 -9999 -9999 -9999 -9999 -9999 -9999 -9999 -9999 -9999 -9999 -9999 -9999 -9999 -9999 -9999 -9999 0.143175783999131 0.0486206337769996 0.423582485013035 0.468431338054851 0.549225941080264 0.495989746375608 0.120648122279308 0.0583031833169869 0.0154659655568358 -0.0318543132710503 -0.0543747609649252 -0.030212085869839 -0.009604847609347 -0.0438554673347777 -0.0511618659831158 -0.0495381297058868 -0.028707671240191 0.0313791117606464 0.0667062797491382 -0.0484586792484786 -0.0400701767079007 -0.027674158373304 -0.0141977774630757 -0.0444536510496143 -0.0914041073978537 -0.10118154210902 -0.0747543013489352 -9999
0.163694298032444 0.185526262307371 0.227348541244456 0.50059179741157 0.160848489175611 0.0514664426338324 -9999 -9999 -9999 -9999 -9999 -9999 -9999 -9999 -9999 -9999 -9999 -9999 -9999 -9999 -9999 -9999 -9999 -9999 -9999 -9999 -9999 -9999 -9999 0.329420374825326 0.438043704844959 0.409252278525918 0.342428009888594 0.552475569550523 0.414633776043647 0.0617717201608481 0.0026664592881671 -0.0430528032982351 -0.0529435645526602 -0.0545389422451271 -0.0512412202685467 -0.0530841136788937 -0.0550369587950729 -0.0520216617883751 -0.0435310849266212 -0.00289497427907576 0.0502873225305642 -0.0483518784965089 -0.0419325562802919 -0.0328949572440471 -0.0118519752323123 -0.012753313876653 -0.0383961910085493 -0.0870521425947647 -9999 -9999 -9999
0.169563364200469 0.195149109563648 0.23678481886414 0.243903486998146 0.380402808319937 0.194978294696368 -9999 -9999 -9999 -9999 -9999 -9999 -9999 -9999 -9999 -9999 -9999 -9999 -9999 -9999 -9999 -9999 -9999 -9999 -9999 -9999 -9999 -9999 -9999 0.298171204493566 0.317060343700632 0.31858938552231 0.536143678162359 0.423482981206852 0.0718323841643306 0.0207006949604446 -0.0406063363835499 -0.0824596273402285 -0.0833022587389212 -0.0834843507042361 -0.0836345185317338 -0.0834791267544115 -0.0831698357568594 -0.0810695591678525 -0.028976663196239 0.0223018770416054 0.0599574340947787 -0.0479038626091701 -0.0395214132168017 -0.0266850076200068 0.197727916540557 -0.0089033457757571 -0.037361268504408 -0.0529938139747827 -9999 -9999 -9999
0.164414871428885 0.202824999012279 0.261247000415837 0.32104381274149 0.353762322611218 -9999 -9999 -9999 -9999 -9999 -9999 -9999 -9999 -9999 -9999 -9999 -9999 -9999 -9999 -9999 -9999 -9999 -9999 -9999 -9999 -9999 -9999 -9999 0.282801183231837 0.292227510470903 0.307566851392392 0.531713271192062 0.423275681610637 0.0805746227358889 0.024278685991107 -0.0320859083799412 -0.0852274086290461 -0.0879823373428985 -0.0896059077804505 -0.0907327054656341 -0.0891853383596505 -0.0864468277738184 -0.0863323154768695 -0.0844702675838323 0.00344507657154879 0.0478287493194602 0.0791500599107028 0.0948700028908415 0.109724262757188 0.163554992703787 0.212573884423055 -0.00653515518860255 0.116755865060785 -9999 -9999 -9999 -9999
0.16304337730033 0.218112100435522 0.332091222822953 0.391208921671407 -9999 -9999 -9999 -9999 -9999 -9999 -9999 -9999 -9999 -9999 -9999 -9999 -9999 -9999 -9999 -9999 -9999 -9999 -9999 -9999 -9999 -9999 0.222523435842967 0.283427228012405 0.53333435403446 0.545741649467091 0.498532897821968 0.14365340226881 0.0987125082062737 0.0501538215906021 -0.00866951183122713 -0.0889034109087988 -0.0903735796451521 -0.0901651191711988 -0.0908008655728694 -0.091559996694207 -0.0917534486773944 -0.0892053220407256 -0.0883697388283042 -0.0460225773136042 0.0347365360209366 0.0552210529204696 0.0897654576336554 0.101297119571876 0.124888642819472 0.190101778995017 0.224787976632014 0.182878631864519 -9999 -9999 -9999 -9999 -9999
0.177568445407888 0.253263478366424 0.375920991049779 -9999 -9999 -9999 -9999 -9999 -9999 -9999 -9999 -9999 -9999 -9999 -9999 -9999 -9999 -9999 -9999 -9999 0.284625419678525 0.313418504394335 0.539595631038523 0.228084040211825 0.2241370558999 0.216932980332254 0.488087485767911 0.540074907704971 0.458939504143381 0.166662828250235 0.140944411145478 0.124186311787497 0.0638505205116872 0.0269644595596622 -0.0435520636457581 -0.0900085665161376 -0.0914580052928694 -0.0901319512358045 -0.0897122939332278 -0.0903658681001729 -0.0908477152816139 -0.0908258244442537 -0.0892272957979243 -0.00476481663693064 0.0442325159243308 0.0675645000774663 0.0958210934382737 0.502302433679532 0.160084797463156 0.226566607167535 0.219404820717516 0.216787870614904 -9999 -9999 -9999 -9999 -9999
0.204267804201932 0.295533524431332 0.372931730872366 -9999 -9999 -9999 -9999 -9999 -9999 -9999 -9999 -9999 -9999 -9999 -9999 -9999 -9999 -9999 -9999 0.289400773176922 0.532627047812176 0.563208713444125 0.415551698655685 0.175555980927838 0.206604485250462 0.206789396490286 0.12554205114674 0.174383494411648 0.192056199588128 0.139521506717062 0.122987290922993 0.0841285670133905 0.0230456679928231 -0.0108561079720978 -0.085163892032766 -0.0867435149559206 -0.0851646383113124 -0.0868759379379824 -0.0880665838988001 -0.0882183272032291 -0.0879577101508682 -0.0871628405791433 -0.0582150274447183 0.0146699351073721 0.0558686568590437 0.0837637197240529 0.113736753741516 0.151230617109642 0.462660946494624 0.512595273230775 -9999 -9999 -9999 -9999 -9999 -9999 -9999
0.262590301799307 0.310720292850007 -9999 -9999 -9999 -9999 -9999 -9999 -9999 -9999 -9999 -9999 -9999 -9999 -9999 -9999 -9999 0.280810277909793 0.536500233467848 0.549594105163141 0.499092606731747 0.490628149619116 0.504736960137476 0.473895755411066 0.394566345931697 0.143868164650488 0.113225138338059 0.152769609311939 0.155297005988986 0.124905226787169 0.0701341858721414 0.0365582848724697 -0.00799205675079812 -0.0385153468164534 -0.0845380960117137 -0.0858535363294524 -0.0859207843184644 -0.0865766802408871 -0.0870526401137957 -0.0864066945719912 -0.0856119079201048 -0.0602162148267346 -0.0433703862796357 0.0063638548862491 0.0479100107611762 0.10290742283527 0.149970235564658 0.451349022128391 0.508765205891116 -9999 -9999 -9999 -9999 -9999 -9999 -9999 -9999
0.250202077929528 0.286038373726323 -9999 -9999 -9999 -9999 -9999 -9999 -9999 -9999 -9999 -9999 -9999 -9999 -9999 -9999 0.275904740264973 0.283024237597364 0.5386495156814 0.526829292705248 0.158321921696948 0.197609341171522 0.141385544686223 0.409171846282587 0.476584016574776 0.138392138516885 0.1180966788491 0.148472703281605 0.145350771362614 0.119765855197819 0.0240514856336559 -0.00266031113616094 -0.0395480304849556 -0.0495948468754111 -0.0829866658336443 -0.0850335420466663 -0.0861604226516884 -0.0863208725391584 -0.0859398558813162 -0.0847045161275547 -0.0994311291945365 -0.0587264770084987 -0.0528154534021997 0.00364823017583903 0.0489423627503245 0.0982771790542232 0.175721820604809 0.511591943185097 -9999 -9999 -9999 -9999 -9999 -9999 -9999 -9999 -9999
0.233752440370714 -9999 -9999 -9999 -9999 -9999 -9999 -9999 -9999 -9999 -9999 -9999 -9999 -9999 -9999 0.180145593988027 0.517396331879103 0.493869486105526 0.521283613907318 0.46578039081846 0.491249219209375 0.234843665445188 0.171694404049554 0.472200873912416 0.442981581226788 0.164681873308809 0.133654098945807 0.120728554522639 0.109318784746993 0.0331925686283309 -0.025802243019487 -0.0376354014904421 -0.0426728645982931 -0.0490664816645795 -0.0806748607366601 -0.0830792872932329 -0.0842567489997313 -0.0843307964154991 -0.0841024351803092 -0.0823929597900859 -0.0931065346018057 -0.0945062214754461 -0.0934476668173363 -0.00895641447238803 0.0463618973766463 0.090620361168444 0.16821177083315 0.487321306460302 -9999 -9999 -9999 -9999 -9999 -9999 -9999 -9999 -9999
-9999 -9999 -9999 -9999 -9999 -9999 -9999 -9999 -9999 -9999 -9999 -9999 -9999 0.201058806452532 0.422132217037918 0.432127374368997 0.511825777129627 0.157316104056116 0.178128154317667 0.185512995133213 0.176822996059901 0.147143498270677 0.133654098945807 0.124351322266084 0.0892820349752832 0.114310559023838 0.10714213898674 0.0723415119726335 0.00572620132829325 -0.0420275824151966 -0.0366497333703613 -0.0411942380384143 -0.0458230721822073 -0.0499158295701896 -0.0542869488559688 -0.0566140112032344 -0.0571066379636785 -0.0588583195516911 -0.05744826769824 -0.0531383432532634 -0.0930100988296467 -0.0605126532493214 -0.0488247703353934 -0.0772929751240165 -0.0612383676757492 0.107173648525365 0.435634054338561 -9999 -9999 -9999 -9999 -9999 -9999 -9999 -9999 -9999 -9999
-9999 -9999 -9999 -9999 -9999 -9999 -9999 -9999 -9999 -9999 -9999 0.222074010318374 0.471753935982978 0.458908823803142 0.373942523703508 0.129115066987094 0.102405757812431 0.133122582781113 0.161568233373668 0.141867308947825 0.184546979014853 0.154957034651194 0.133270180093617 0.0591506240663118 0.0456189356238135 0.0297928552504129 0.023583817744596 -4.00442400095291e-05 -0.0395085606418364 -0.0793478116415332 -0.0369602681654907 -0.0344054250219046 -0.0400286338688193 -0.0464289674420231 -0.0501624331698464 -0.0509582977796331 -0.0510304380391158 -0.0481521246055966 -0.0479852069707246 -0.0480215258599814 -0.0886809369821414 -0.0841051715349793 -0.0800163942992443 -0.0677982390181996 -0.0459159424013114 0.139262796820986 0.212972728846172 -9999 -9999 -9999 -9999 -9999 -9999 -9999 -9999 -9999 -9999
-9999 -9999 -9999 -9999 0.274630262347446 0.269965192234235 0.266976761255206 0.253394491711232 0.241391845090411 0.242740950862575 0.224933086349364 0.432561045124278 0.360843676817906 0.0971851247813652 0.0915863772868037 0.0847197854617943 0.0806650053598384 0.123620798489024 0.158022581080015 0.479519378857173 0.469649430482208 0.148516650796002 0.101489493597163 0.00545422425805983 0.00431324728049517 0.00750483186381376 0.005739468502451 -0.0477042745579347 -0.0940923685615634 -0.0886246344118095 -0.0296969878331652 -0.0323224786791412 -0.0338560810919361 -0.0412298106491247 -0.0448153473850893 -0.045331440459825 -0.0454296175485922 -0.0409905039952547 -0.0284468054283147 -0.0184175680436182 -0.0773729927681553 -0.0715233298423358 -0.0618702997648495 -0.0463831956911789 -0.0281317929619071 -0.0132740504623438 -0.0257740502744018 -9999 -9999 -9999 -9999 -9999 -9999 -9999 -9999 -9999 -9999
-9999 -9999 0.277053180028001 0.274193274798626 0.524217317792946 0.525776210756479 0.513207221638801 0.240866133314411 0.238070905559055 0.249764261182323 0.498073521916756 0.416443916117792 0.426301426516984 0.406796192909969 0.456882262950549 0.339490989209426 0.109400046188709 0.104761510423813 0.125828953787901 0.0845265822381223 0.0591531116614664 0.0294976606254035 -0.0124780200128801 -0.0123594446438454 -0.0122823291940536 -0.0104041948523502 -0.0493982439383612 -0.0976566114830049 -0.0982619677638705 -0.0761684162744721 -0.0152840273472397 -0.0284732568567917 -0.0340548399447866 -0.0356067676418869 -0.0410046832876357 -0.0394093055951689 -0.0379028179695588 -0.0279528519504548 0.00869390234770018 0.0598355419322045 -0.0499282675459625 -0.0427974931155373 -0.0411640552172055 -0.0360954971699222 -0.0190917063305078 -0.0121587786347098 -9999 -9999 -9999 -9999 -9999 -9999 -9999 -9999 -9999 -9999 -9999
-9999 0.278364142674462 0.268753733393957 0.526421327099898 0.494032838187343 0.175305563015611 0.167470467477087 0.160642018777781 0.200491634757289 0.459737192989615 0.443551240517186 0.191349722564229 0.453983385397085 0.130807460890589 0.0710993727921161 0.0780944903667785 0.0569093008320405 0.016381400573719 0.00745922595264656 0.0119866491339714 -0.00713051962893062 -0.0159332896825835 -0.0202434628870756 -0.0204482748881356 -0.0233901878377734 -0.050932675549541 -0.0934115137677565 -0.0957850941444126 -0.0871126740768594 -0.0105012110633785 -0.0123428606761482 -0.0246833227189595 -0.0266758864377734 -0.0316005785652838 -0.0314882221841355 -0.0222733405332081 -0.0212268921715173 0.0116906253105771 0.131809961737882 -0.0387024139720774 -0.0702096308412052 0.0287107513581732 -0.0269916451827273 -0.0121620954282492 -0.000668576615731928 -0.00678640229921453 -9999 -9999 -9999 -9999 -9999 -9999 -9999 -9999 -9999 -9999 -9999
0.269535667470878 0.265276075367862 0.259952621737074 0.238395122127534 0.192984901779169 0.172971369562235 0.160113819406627 0.153448722789138 0.155232328514967 0.423190274176997 0.510828251472643 0.509347303157286 0.418509449294473 0.0599632384834727 -0.0152798813553154 -0.0198172549172586 -0.0143055732531072 -0.0167442457029747 -0.0204383245075173 -0.0184358104080851 -0.0334034216936421 -0.032694208315073 -0.0125169923369684 -0.0255825054474996 -0.0299502250199008 -0.0926058646170284 -0.0930247756410587 -0.0898078175871635 -0.0302170610601481 -0.00834197846920821 -0.00887266543551736 -0.0115982405265457 -0.00986521590219243 -0.0133304359525142 -0.0133113643896624 -0.0148229930452586 0.00801313047373174 0.119304820895838 0.187464098932784 -0.000390795156804485 -0.0897603874395496 -0.0737545368563118 -0.0387761297084913 -0.0278502801102478 0.00322119300763712 -0.0050757660312524 -9999 -9999 -9999 -9999 -9999 -9999 -9999 -9999 -9999 -9999 -9999
0.271043979332935 0.234985458368998 0.512411191189337 0.234365217977124 0.186898585634311 0.177512059917718 0.17083867131638 0.157836011443421 0.0954695133230939 0.056456558513908 0.105346095285138 0.0794369625518637 0.0495344103971131 -0.010247476357612 -0.0491460017896874 -0.0457254755323095 -0.0330170981661367 -0.0374157468382932 -0.042168629060461 -0.0449266258083373 -0.0564924507200142 -0.0556335670329782 -0.0503086208450969 -0.0350946547193985 -0.0827777907604985 -0.0946208166922334 -0.0940885542489931 -0.0891419712841224 -0.0119406994594921 -0.00512303033918932 -0.00327972232964989 -0.00395883580684862 -0.00137588283801583 -0.0029414093886278 -0.00685273817000318 0.0339123128263877 0.130964179385327 0.221996065670197 0.0338393433685202 0.0289818992300218 -9999 -9999 -9999 -9999 -0.0244533030869999 -9999 -9999 -9999 -9999 -9999 -9999 -9999 -9999 -9999 -9999 -9999 -9999
0.26572964688438 0.224914014786512 0.240565134300708 0.491657184814725 0.212302736551207 0.511903721777804 0.496357910458485 0.442192184364404 0.0403618178638135 0.0151152146400408 0.0131765488162427 -0.00108898019685495 -0.0159415816664321 -0.0420347135213064 -0.0810339036373036 -0.0829155206122234 -0.0807182278121881 -0.0550318177650867 -0.0803612579075067 -0.0825660964128443 -0.0895782954742348 -0.0879652558561704 -0.0852790676884228 -0.0809278491638802 -0.0924160611067344 -0.0938398776533741 -0.0916429165326928 -0.0258032380575488 -0.00599037184975082 -0.000868413426482709 0.000207886077063013 0.00444426062530273 0.00897582979855191 0.00593267172612291 0.0439414672912457 0.16657825001498 0.220568186051472 0.291910756687887 0.0853176374972769 -9999 -9999 -9999 -9999 -9999 -9999 -9999 -9999 -9999 -9999 -9999 -9999 -9999 -9999 -9999 -9999 -9999 -9999
0.25422037330255 0.273679171800014 0.518595352743608 0.514814208108655 0.516182385443671 0.516925347196504 0.158609653536494 0.101151180656141 0.0621896361468165 0.0413900238610375 0.0190729785309682 -0.0158172019087034 -0.0331202504452131 -0.0780826207459168 -0.0933034692182095 -0.091530643071383 -0.0897982818057376 -0.0863188824630348 -0.09008783788173 -0.0877946068285666 -0.0896360906016593 -0.0918006300654928 -0.0899976210974575 -0.0920348786092152 -0.0927716213741615 -0.0904671961428026 -0.0443856567820559 -0.0178893686724637 -0.00291736263546692 0.0020636320623753 0.00394425399923334 0.00769471829394625 0.0186517457514604 0.0600660590831951 0.165390837927863 0.23427566455156 0.282303664200922 0.080404637066993 -9999 -9999 -9999 -9999 -9999 -9999 -9999 -9999 -9999 -9999 -9999 -9999 -9999 -9999 -9999 -9999 -9999 -9999 -9999
-9999 0.270168345838525 0.261944356257503 0.52933015503398 0.437440048420782 0.0896079099405324 0.0855688846078889 0.0846940803118637 0.0759418913596871 0.0642783868782739 0.0253284511463373 -0.0402813735365241 -0.0776663631567181 -0.0865391175540531 -0.0959430564367281 -0.0956753911980959 -0.0934896242556101 -0.0920634030336543 -0.091974595886636 -0.0928319040967407 -0.092774772328024 -0.0920109147758928 -0.0913182853650209 -0.0923633240894574 -0.090350859609407 -0.0598084150610615 -0.0265068128871008 -0.00980800121363723 -0.00102347352445116 0.00669304664503773 0.0119418724211891 0.016766977822678 0.0616349024273465 0.161427269648242 0.2269463800278 0.25903884511696 0.0740944373582234 -9999 -9999 -9999 -9999 -9999 -9999 -9999 -9999 -9999 -9999 -9999 -9999 -9999 -9999 -9999 -9999 -9999 -9999 -9999 -9999
-9999 0.276169254549742 0.514454336009627 0.451548029740757 0.115956517817781 0.102641250153731 0.0944031642001664 0.0954877556875607 0.0867430295208479 0.0712826256351698 0.000468254369908452 -0.0758500870145251 -0.0828141096497553 -0.0952296141463962 -0.0991359760294463 -0.0986157120868348 -0.0929231988389136 -0.0924270065254145 -0.0928435957939672 -0.0935157440047331 -0.0902861821353881 -0.0895569021559054 -0.0897311167365641 -0.0903625513066335 -0.0827324336088468 -0.0355284913143563 -0.00761560068407258 0.00570132537674752 0.0144908282562427 0.0208217579246338 0.0370558039033845 0.0631597982571004 0.16794725654838 0.250234416666538 0.0416006402507914 0.0396760707995359 0.0453560797358135 -9999 -9999 -9999 -9999 -9999 -9999 -9999 -9999 -9999 -9999 -9999 -9999 -9999 -9999 -9999 -9999 -9999 -9999 -9999 -9999
0.280495182523547 0.521352437373261 0.49192086990111 0.163096445996961 0.104925691704015 0.109900882013163 0.116425844103611 0.109823766563371 0.0907323029503999 0.0703995293552959 -0.0103983904636561 -0.0789466454629389 -0.0844503668225957 -0.0922466558767079 -0.100044404319978 -0.099272951310641 -0.0963395791043672 -0.0926484024941716 -0.0942825037512114 -0.0948905549268278 -0.0921976502521628 -0.0519977808748912 -0.0603712749247031 -0.0549384500269517 -0.0348737562696724 -0.0126223005318454 0.0139493617109304 0.0274594909954224 0.0390749019705138 0.0529722669007346 -0.0513525816116331 -0.0386540717062402 0.0284221903202426 0.277453682847888 0.0327116335651133 0.0336851124689366 -0.0403674443288723 -9999 -9999 -9999 -9999 -9999 -9999 -9999 -9999 -9999 -9999 -9999 -9999 -9999 -9999 -9999 -9999 -9999 -9999 -9999 -9999
0.226852680610311 0.208202350538084 0.151978554052784 0.414108893466032 0.426510384509968 0.157209966662854 0.142008272673251 0.111607372289201 0.0907190357762422 0.0740753657953716 -0.0217584083362113 -0.0819056398993048 -0.0865824017097427 -0.089354909429354 -0.0924105883973944 -0.0982708982304754 -0.101917920026677 -0.0986741705729673 -0.0975371405797146 -0.0966987049248492 -0.0871379646275975 -0.0437074554230805 -0.0510567236279158 -0.0288967284719387 -0.00328469751995904 0.0173134195582995 0.040826168959334 0.0542649871827282 -0.0531045948789997 0.0886734033607974 0.132772661062702 0.206223053993427 0.0348791581431322 0.0530784042939964 0.0229992328832711 0.011025608205921 0.068448425555725 -9999 -9999 -9999 -9999 -9999 -9999 -9999 -9999 -9999 -9999 -9999 -9999 -9999 -9999 -9999 -9999 -9999 -9999 -9999 -9999
0.429520374647003 0.123188786130513 0.461098736737552 0.514849034440819 0.408657743283975 0.132060379650109 0.126053666550198 0.0984289223586522 0.0766740735335167 0.0488088618103623 -0.0422495588228231 -0.083545960144231 -0.0882396376017199 -0.0888583025166625 -0.0927656511457906 -0.0995888261433688 -0.102909865178531 -0.103089195913225 -0.101628894637651 -0.0976401933549847 -0.0519611303062804 -0.0332705841123878 -0.0260131081687563 0.00197490783519549 0.0262148642197505 0.046509494689151 0.0666764286072834 0.0855539590369614 0.104537626859901 0.129506448624747 0.186804886216822 0.243099993763219 0.0347373652193214 0.0416819016925075 0.0618231304607093 0.0562136033871446 -9999 -9999 -9999 -9999 -9999 -9999 -9999 -9999 -9999 -9999 -9999 -9999 -9999 -9999 -9999 -9999 -9999 -9999 -9999 -9999 -9999
0.492410096948176 0.444955073382751 0.477806254994056 0.134032213409302 0.0365218001435359 0.131692215567232 0.125975721902021 0.0713738374575041 0.0291751024536937 -0.02312094712221 -0.0772923946851471 -0.0834708347705629 -0.0874217992347344 -0.088411364587224 -0.0893425543734196 -0.0973830340598887 -0.098292498848401 -0.101772851769246 -0.103325534036877 -0.0968069982339117 -0.0285858619974554 -0.0132939512235804 4.45339952459822e-05 0.0426454302157125 0.0729294136274978 0.0832927350414536 0.0953525963508289 0.117588380239182 0.135328250484835 0.172356933559055 0.231283916778992 0.0361304185058829 0.0607003958476115 -9999 -9999 -9999 -9999 -9999 -9999 -9999 -9999 -9999 -9999 -9999 -9999 -9999 -9999 -9999 -9999 -9999 -9999 -9999 -9999 -9999 -9999 -9999 -9999
