raw_data/Abundance/Scarus perricoGrid_precio_Teorico.asc
NCOLS 96 
NROWS 96 
XLLCORNER 0 
YLLCORNER 0 
CELLSIZE 0.0104166666666667 
NODATA_value -9999 
[rows 25 to 49 of 96, columns 0 to 56 of 96]
-0.104551984783953 -0.104247394512044 -0.103950562220225 -0.104213630383011 -0.104492490629038 -0.104487202001739 -0.104479878521604 -0.104484841273937 -0.104455451995583 -0.104203924615917 -0.10414274718828 -0.104399689233399 -0.104481617350617 -0.104495700455985 -0.10450666411703 -0.104502251952424 -0.104658596561611 -0.104667162263846 -0.10467429618923 -0.104678508931625 -0.104669532776189 -0.104593632102031 -0.104347589040482 -0.103968734102829 -0.103552137371491 -0.100914026126097 -0.0990880483628015 -0.0975578207874329 -0.0965444242733625 -0.0953228160448543 -0.0915765806619041 -0.0892254715614777 -0.0865865477016669 -0.0840068286065351 -0.0842567489997313 -9999 -9999 -9999 -9999 -9999 -9999 -9999 -0.103390252970815 -0.102908994520227 -9999 -9999 -9999 -9999 -9999 -9999 -9999 -9999 -9999 -9999 -9999 -9999 -9999
-0.104558845571389 -0.104298709454091 -0.104239662237106 -0.10442781232582 -0.104477700217447 -0.104482948214025 -0.104476684449425 -0.104483473925801 -0.10446458644499 -0.104413984613554 -0.104410802150153 -0.10447381210622 -0.104510327515494 -0.104512335004784 -0.104539677821525 -0.1045439000997 -0.104514193238364 -0.104666337211453 -0.104670474579714 -0.104642770398317 -0.104510810938153 -0.10430166222954 -0.104054170558413 -0.10359052925671 -0.101416006244323 -0.0998410268321234 -0.0979525026346577 -0.0954498492374145 -0.0919604995140934 -0.0914184525299117 -0.0887485166505073 -0.0860964914562158 -0.0850571742006348 -0.0844249104321805 -0.0819053082199509 -9999 -9999 -9999 -9999 -9999 -9999 -9999 -9999 -9999 -9999 -9999 -9999 -9999 -9999 -9999 -9999 -9999 -9999 -9999 -9999 -9999 -9999
-0.104615267546288 -0.104414726746109 -0.104451559738364 -0.104501187261698 -0.104488591738232 -0.104482464791366 -0.10447742658198 -0.104475036832235 -0.104486702824311 -0.104494037084025 -0.104498621721895 -0.104493815688057 -0.104518699102388 -0.104527676004102 -0.104547839621227 -0.104543250837365 -0.104559060333771 -0.10458930451566 -0.104503828258554 -0.104399323556912 -0.104239568537688 -0.10405257020553 -0.103832398133589 -0.101759941150394 -0.100008640993639 -0.0981631107324277 -0.0954476104017754 -0.0916917563175609 -0.0902404103845439 -0.088031923406313 -0.0844257396305654 -0.0811915342502651 -0.0826481870529452 -0.0593065012787069 -9999 -9999 -9999 -9999 -9999 -9999 -9999 -9999 -9999 -9999 -9999 -9999 -9999 -9999 -9999 -9999 -9999 -9999 -9999 -9999 -9999 -9999 -9999
-0.10461634467499 -0.104516481825907 -0.104502984963796 -0.104510123532692 -0.104508608587242 -0.10449344420718 -0.104487474808008 -0.104492963272117 -0.104500002337206 -0.104500907821842 -0.104502728741495 -0.104487767515037 -0.104511031504923 -0.104523639466365 -0.104546567630904 -0.104539997892101 -0.104217927289042 -0.103496813255253 -0.104216837722364 -0.104062877970652 -0.102051304878866 -0.102105526161251 -0.103595446403132 -0.100235824767122 -0.0972054612257714 -0.0952928819831609 -0.0909297230018764 -0.0893348428284404 -0.0878264480465452 -0.0864343897980455 -0.0841649567385275 -0.0779798830660329 -0.0779327016779345 -9999 -9999 -9999 -9999 -9999 -9999 -9999 -9999 -9999 -9999 -9999 -9999 -9999 -9999 -9999 -9999 -9999 -9999 -9999 -9999 -9999 -9999 -9999 -9999
-0.104565307514402 -0.104552957433658 -0.104522699155396 -0.104514542330884 -0.10451020147734 -0.104507352351689 -0.104504678186898 -0.104515366554079 -0.104520455344567 -0.104519475232076 -0.104513550609616 -0.104499960048088 -0.104514058079028 -0.104514371516017 -0.104372399485355 -0.10405442346392 -0.103304762617336 -0.102305802447146 -0.10146960562792 -0.0992240866498213 -0.0988926892233289 -0.100634403846756 -0.100640440410997 -0.0978444083332076 -0.0937399592479988 -0.0900608889342221 -0.088595695388178 -0.087097250986901 -0.0867026354755471 -0.0855995528641704 -0.0833195060653263 -0.0743855568271888 -0.0685475026787573 -9999 -9999 -9999 -9999 -9999 -9999 -9999 -9999 -9999 -9999 -9999 -9999 -9999 -9999 -9999 -9999 -9999 -9999 -9999 -9999 -9999 -9999 -9999 -9999
-0.104525224893677 -0.10453362716091 -0.104515708183814 -0.104510945268291 -0.104499091877379 -0.104510894687189 -0.104516729756224 -0.104525620421306 -0.104534488698032 -0.104531930621015 -0.104518394786581 -0.104498015577876 -0.104448457707206 -0.104250678137648 -0.10338791463137 -0.102704091307345 -0.101788316319124 -0.0887777044336543 -0.0833602197060228 -0.0971251865301332 -0.0974118652877302 -0.0972485878337678 -0.0940151701919331 -0.0937173221320921 -0.0893953743105351 -0.0885251306056266 -0.0869902014754158 -0.0861230258045313 -0.08653654703906 -0.0850259134215256 -0.0773285477347269 -0.0726072579710222 -0.0734435874619901 -9999 -9999 -9999 -9999 -9999 -9999 -9999 -9999 -9999 -9999 -9999 -9999 -9999 -9999 -9999 -9999 -9999 -9999 -9999 -9999 -9999 -9999 -9999 -9999
-0.104524832682841 -0.104516593767689 -0.104506878050213 -0.104498512267708 -0.104489515465233 -0.104504425281391 -0.104519354169112 -0.104534628832559 -0.104537198518354 -0.104533332795484 -0.104506079532169 -0.104284147072057 -0.104038714300519 -0.103345774769451 -0.102360189569209 -0.101514854983782 -0.0927549544866259 -0.0811391289123421 -0.0791353710153326 -0.0776776402547522 -0.0950711543350499 -0.0933083614886801 -0.0902453026550146 -0.0899974552577805 -0.0876819187680644 -0.0881591224385502 -0.0862305728350474 -0.0854134807466083 -0.085651709442578 -0.084755097229031 -0.0744612626397263 -0.0724058456833402 -0.0779806293445793 -9999 -9999 -9999 -9999 -9999 -9999 -9999 -9999 -9999 -9999 -9999 -9999 -9999 -9999 -9999 -9999 -9999 -9999 -9999 -9999 -9999 -9999 -9999 -0.05521399265024
-0.104518819336154 -0.104509065475552 -0.10449770545768 -0.104489396889864 -0.104489696230481 -0.104504440206962 -0.104519880710086 -0.104533210903321 -0.104538292231024 -0.104516280330699 -0.104248397012892 -0.103564666559086 -0.102960396528105 -0.102245478264648 -0.101252703914409 -0.0998571796166604 -0.0886141035923218 -0.0782880131858462 -0.0754190696940759 -0.0735001387918374 -0.0930450080816492 -0.0913005405195849 -0.0885824282140202 -0.0881410459137603 -0.0881369828416745 -0.0881796865584947 -0.086425434455489 -0.0847691106817351 -0.0837787990506991 -0.0822883149539168 -0.0750255321406222 -0.0763203254185781 -0.0761785324947673 -9999 -9999 -9999 -9999 -9999 -9999 -9999 -9999 -9999 -9999 -9999 -9999 -9999 -9999 -9999 -9999 -9999 -9999 -9999 -9999 -9999 -9999 -0.0601599951762413 -0.0577265466761984
-0.104516900571091 -0.104505412027469 -0.104492770898092 -0.10448534791415 -0.104489882800117 -0.10449611920117 -0.104505868915779 -0.104522084719393 -0.104492364590883 -0.104206126966827 -0.103348038481042 -0.102375521447345 -0.101683513935262 -0.100826354980866 -0.0930309946289451 -0.0889747219698966 -0.0850544378459648 -0.0716779753411118 -0.0667133987712898 -0.0650156979981314 -0.0573906384104924 -0.0894932197199483 -0.088069817772501 -0.0878413736174726 -0.0878267797258991 -0.087404137309137 -0.0864921020056316 -0.0847852800502398 -0.0823704055940178 -0.0765006760672847 -0.0774584831216342 -0.0822273688726298 -0.0758685781385074 -0.0733635698178513 -0.077477223005132 -9999 -9999 -9999 -9999 -9999 -9999 -9999 -9999 -9999 -9999 -9999 -9999 -9999 -9999 -9999 -9999 -9999 -9999 -9999 -0.0673161430772431 -0.0637913865828886 0.0397117263300848
-0.104477841181172 -0.104497969971965 -0.10448853120675 -0.104489792417493 -0.104488717776386 -0.104466251475347 -0.10446189155024 -0.104437780948803 -0.103847638799903 -0.102509627702128 -0.101046465692127 -0.0996483045435147 -0.0936574540087054 -0.0915740930667496 -0.0855192864605162 -0.0798984822889175 -0.066919454569927 -0.0559665731043372 -0.0557042976552066 -0.0515068954310552 -0.0586876705240873 -0.0876038082802108 -0.0878020696140303 -0.0873172373184039 -0.0872513160468076 -0.086592020411007 -0.0844937338981237 -0.0816184884986285 -0.0735106696113251 -0.0745559570952771 -0.0765534960044001 -0.0831991064598449 -0.0772461254152721 -0.0780760700786765 -0.0772564074752443 -9999 -9999 -9999 -9999 -9999 -9999 -9999 -9999 -9999 -9999 -9999 -9999 -9999 -9999 -9999 -9999 -9999 -0.0593950596662097 -0.00699204349865933 0.126062787732431 -0.0681830699886122 -0.0807899534724783
-0.104455815184475 -0.104491171374407 -0.104494602597324 -0.10447262137734 -0.104400666858295 -0.10432277776641 -0.104165003702128 -0.103706219015365 -0.100870650758585 -0.0990151535327886 -0.0894004324206827 -0.0869257727609124 -0.0874558792883521 -0.0865518042893414 -0.0763361631077289 -0.0619145789586009 -0.0490838119108231 -0.050281340218235 -0.0501752028249732 -0.0531910802705404 -0.0570219768085845 -0.0584723277035397 -0.0877242908055307 -0.0866493180194007 -0.086915988219971 -0.0855803154616417 -0.0834732394458789 -0.0791669634737957 -0.070100342494081 -0.0792633163261162 -0.0838579045766146 -0.0822882320340783 -9999 -9999 -9999 -9999 -9999 -9999 -9999 -9999 -9999 -9999 -9999 -9999 -9999 -9999 -9999 -9999 -9999 -9999 -9999 0.0502218158581605 0.0146682767106023 -0.013162108680388 -0.0630726374228936 -0.0590849394702728 -0.0740395323411875
-0.104423841294755 -0.104502518125106 -0.104468582352007 -0.104377312485786 -0.104313468356143 -0.103827970214214 -0.103141899762566 -0.100588839395508 -0.0897389941212202 -0.0877625997709111 -0.0856062693710878 -0.0854812262546512 -0.0842565002402159 -0.083057976894742 -0.0542576781529833 -0.0494268512826388 -0.052308564429536 -0.0517354225059221 -0.0520740671262981 -0.0549912699640672 -0.0556811630202691 -0.0568285248253971 -0.0524788817777858 -0.0489763478001455 -0.0853862001197465 -0.0833555761950676 -0.0801070256827093 -0.0690269451848822 -0.0672051134135106 -0.0795168851922058 -0.080336547795638 -9999 -9999 -9999 -9999 -9999 -9999 -9999 -9999 -9999 -9999 -9999 -9999 -9999 -9999 -9999 -9999 -9999 -9999 -9999 -9999 0.106794704863485 0.0563545671125705 -0.0543807311932962 -0.0694462708081049 -0.0689415377512418 0.0482541280908923
-0.104354430756355 -0.104453937050134 -0.104348351073798 -0.104155379196475 -0.103347408290269 -0.102107035302312 -0.100786329574829 -0.0921065213496669 -0.0860318139821969 -0.0841674443336821 -0.0833664386939092 -0.0819658397020455 -0.0807828223663686 -0.0664707753238803 -0.0454000980860912 -0.0478540277862401 -0.0533867710893669 -0.0541410099402337 -0.0547283311562287 -0.0570048953218564 -0.0570772014210161 -0.051192463403517 -0.0499153320511587 -0.0472835392974578 -0.0832560723888846 -0.0794039483721881 -0.0756396364644481 -0.0754710604328065 -0.0776778890142676 -0.0788934938464695 -9999 -9999 -9999 -9999 -9999 -9999 -9999 -9999 -9999 -9999 -9999 -9999 -9999 -9999 -9999 -9999 -9999 -9999 -9999 0.076549693775788 0.316904454404278 0.381928533348076 0.378796651048467 0.103167791128116 -0.0667609118387422 0.0957962174867279 0.13167646079792
-0.104255838239197 -0.104255517339423 -0.103759702311189 -0.103055737758396 -0.102058071137686 -0.0941792685522965 -0.0900685175593628 -0.0868291711490764 -0.0820638509511357 -0.0780822890665629 -0.0698662597900355 -0.0578022524887359 -0.0541637299759789 -0.0486730270309644 -0.0506249600289202 -0.0525344380695713 -0.0527364307961227 -0.0546777500547524 -0.056426529448418 -0.0559616808338665 -0.0495030546142073 -0.0492334822192899 -0.0463298782350325 -0.0423668903942805 -0.0339293822291575 -0.0768229025596405 -0.0725558476711611 -0.0740379568642563 -0.0767933830971396 -9999 -9999 -9999 -9999 -9999 -9999 -9999 -9999 -9999 -9999 -9999 -9999 -9999 -9999 -9999 0.038548360996129 0.0444696666624002 0.41385267116511 0.36724177155547 0.179341271554715 0.24288688977831 0.248867068529907 0.0465526130051636 0.0312547320029177 -0.0160518650516182 0.134860582595775 0.253537113833427 -0.00507079084094325
-0.104168655491815 -0.103904985331001 -0.102201489290331 -0.10139831115079 -0.0911927447295534 -0.0856113274812354 -0.0829633653590297 -0.0785511178333616 -0.0661284822306109 -0.0496021438211978 -0.0453732320584218 -0.0469064198720243 -0.0495447632929656 -0.0508020768039259 -0.0523498585091019 -0.0533942338748306 -0.0547702885945025 -0.0545609989221643 -0.0574944540482766 -0.0506068835041303 -0.0501816705723751 -0.0471044324463284 -0.0435898750921076 -0.0378553878219449 -0.0317806804544749 -0.0216157862140157 -0.0108295736237823 -0.0194084601135236 -9999 -9999 -9999 -9999 -9999 -9999 -9999 -9999 -9999 -9999 -9999 -9999 -9999 -9999 -9999 0.0155886869177948 0.0363974203858072 0.480210930310145 0.0608164836214916 -0.00966703748821136 0.0476421796828671 0.0250937880034225 0.0227504733678136 0.0302116004347663 0.0314015001170376 0.0343592507558262 0.0541149022750689 0.0137229905518642 0.013577880834514
-0.104079993454514 -0.102272957899122 -0.0978624931499813 -0.0640649391300532 -0.0795048618156254 -0.0779943111179295 -0.0719663705393655 -0.0577301951490918 -0.0497314158493972 -0.0489571933174552 -0.0434396243447714 -0.0455433006471562 -0.0489255179391537 -0.0530429854390047 -0.0528073272580281 -0.05321355154677 -0.0551398623146337 -0.0549112523199284 -0.0501868116023612 -0.0508653446406905 -0.0487629950557215 -0.0436918664934452 -0.039148522703131 -0.0350541898382175 -0.0300938421801582 -0.0224298102684308 -0.0164722686327413 -9999 -9999 -9999 -9999 -9999 -9999 -9999 -9999 -9999 -9999 -9999 -9999 -9999 -9999 -9999 -0.00608572966400948 -0.0221752463642794 0.20068981317127 0.0188590453476749 0.00256032189490528 0.0139261441561544 0.0373866540589429 0.0516173567398765 0.0586796393837124 0.0696491048169994 0.0746947769888606 0.0869669130847595 0.0746582922599268 0.0552260281107787 0.290678567887988
-0.103034543447679 -0.0994671495723747 -0.0623706380702728 -0.0581305321293012 -0.070082265969291 -0.0638916366676179 -0.0563698951987322 -0.0429872137059928 -0.0378254537602515 -0.0389315214858137 -0.0433460907669594 -0.049498576942929 -0.0531690235935032 -0.0542511274857429 -0.0507698209867549 -0.0573801905108432 -0.0536351160056319 -0.0525286336808773 -0.0526261474109366 -0.0511154308735637 -0.0459928920114262 -0.0406458891465077 -0.0348206875730415 -0.0312955164794945 -0.023071443978634 -0.0246344000142529 0.12297153615368 -9999 -9999 -9999 -9999 -9999 -9999 -9999 -9999 -9999 -9999 -9999 -9999 -9999 -9999 -0.0106148112421041 0.074972558447788 0.256260201329301 0.0198731549723562 0.0174353117208736 0.0125073857196623 0.028519206531271 0.0375715652987662 0.0398560068490501 -0.0643881606604709 -0.0649106385627699 -0.063525877260057 -0.0641754712747548 -0.0594885103241832 -0.0474317170488319 0.121899382642059
-0.100680722868534 -0.072194317175363 -0.0602134784720646 -0.0637030769549012 -0.0624845699283523 -0.0531405820889025 -0.0391093845393657 -0.034186848327656 -0.0355287400738717 -0.0378349066218389 -0.0429925205756559 -0.0439962652205266 -0.0452853370296269 -0.046922920919883 -0.0472983819485467 -0.0479147251080117 -0.0499677373890817 -0.0516401476115019 -0.0509865734445568 -0.0474356972010792 -0.0434752798753203 -0.038418496445102 -0.0366732826044913 -0.0340145409032825 -0.0329729018922238 -0.0309613495303967 -9999 -9999 -9999 -9999 -9999 -9999 -9999 -9999 -9999 -9999 -9999 -9999 -9999 -9999 -0.018226023216716 0.106955569350147 0.108083279153554 0.351824485985805 0.0158954903201922 0.00864663803976326 0.0093298975088863 0.0170580264557632 -0.0683591088057175 -0.0673627440264721 -0.0684557104175535 -0.0689427815488191 -0.0666862010642665 -0.0650194293908633 -0.0610464082496545 -0.0560518146983006 -0.0566880586190022
-0.0781125548076102 -0.0544561882463183 -0.0550422656647359 -0.0594749114706716 -0.0541871962902703 -0.0374190636318326 -0.0289707758877065 -0.0294430043678831 -0.0326394812216724 -0.0382699870143739 -0.0354726862630553 -0.040407162931507 -0.0441699822821543 -0.0457594726660887 -0.0450983527938414 -0.0441811764603499 -0.0448083821186565 -0.0454183404505581 -0.0460472874254729 -0.0439154183780029 -0.0409794756567361 -0.0373461770938036 -0.0379527357123272 -0.0372990786255436 -0.0394045791643752 -0.0370254431585405 -9999 -9999 -9999 -9999 -9999 -9999 -9999 -9999 -9999 -9999 -9999 -9999 -0.0250376391888094 -0.0135684158889684 0.0929296786702737 0.100236574837643 0.405059851492076 0.0488262749764443 -0.00035265203110102 -0.00833368648535963 -0.00444889205229972 0.00425437419517025 -0.0711179347519787 -0.0693762864644229 -0.0692024864829567 -0.0693023219684936 -0.0655141291472696 -0.0615729492240394 -0.0560118473361505 -0.0560084476227725 -0.059004921826134
0.0316527472276495 -0.0457992741885619 -0.0495402856216874 -0.0522891611873303 -0.0377668294344421 -0.0283245815863866 -0.0198869075815867 -0.0194349944618391 -0.0208438025177129 0.160389113270399 -0.0131347451336877 -0.0152898317359337 -0.0331021739204232 -0.037361268504408 -0.039463783929054 -0.0401574083779878 -0.0416499654707323 -0.0410283154416042 -0.040223329649584 -0.0376147544506591 -0.0349092459605443 -0.0351436603439437 -0.0315780243692156 -0.036783317230162 -0.0425435096502553 -9999 -9999 -9999 -9999 -9999 -9999 -9999 -9999 -9999 -9999 -9999 -9999 -0.0287037740077822 0.0625387286668417 0.355423206976089 0.0896999509612516 0.300424136505225 0.0467143066902109 0.0142619695020219 -0.0141015904504321 -0.0209292099513532 -0.0165900148033911 -0.0785453134446676 -0.0744386255238197 -0.0703555697569402 -0.0687961792743762 -0.067570789901233 0.0312240516626779 -0.0583637856349618 -0.0537006226780356 -0.0568768670912344 0.0664998093513086
0.0449373345514602 -0.0469228380000445 -0.0402974599851903 -0.0379584571811828 -0.0291538628910831 -0.0240605947319311 -0.018243436382798 0.146078807544519 -0.0108876175107224 -0.000365919205258747 -0.0134639368924763 -0.00951114819185804 -0.0210544189074668 -0.0340623027302503 -0.0328107106881456 -0.0375388827984446 -0.0408560909370692 -0.038053566235926 -0.0340537619868863 -0.036780249196138 -0.0375036418670881 -0.030375272111979 -0.0405957226442237 -0.0242796689452106 -9999 -9999 -9999 -9999 -9999 -9999 -9999 -9999 -9999 -9999 -9999 -9999 -0.0249465102863135 0.0665221977076997 0.0640934756384506 0.297842841933162 0.019524062452331 0.00844348443547305 0.0118075422828421 -0.00656666472722715 -0.0243463364953532 -0.0238381208052737 -0.0160352810839211 -0.0795631544620809 -0.0756818426622374 -0.0703389028694046 -0.0675321492564986 -0.065108651137074 -0.0587777214686829 -0.0557528886805593 -0.0541496336034363 -0.0619231197019649 -0.0599748351769025
0.0623654262044064 0.0618231304607093 0.0667742740166966 -0.0272924783567538 -0.0194441156440725 -0.0198562272413469 0.127583537570261 0.0905606588847343 0.0121400508351702 -0.0530477118697984 -0.0245368033643551 -0.0185494105868107 -0.0191995021205394 -0.0235361267535084 -0.023912416980557 -0.0236067744558983 -0.0322909691405165 -0.0466175271547398 -0.0391216566754616 -0.0435984987553102 -0.067600143524057 -0.0172193763774984 -0.030430745483926 -9999 -9999 -9999 -9999 -9999 -9999 -9999 -9999 -9999 -9999 -9999 -9999 -9999 0.0840887654909173 0.0649939850844064 0.341856692201426 0.253822358077818 0.00569054579774438 -0.0136712364886908 -0.0133461907218265 -0.0271283799963904 -0.0364416874956004 -0.0348974713434793 -0.0202658512434668 -0.079422024896978 -0.074416817606298 -0.0683445978339825 -0.0635917156118147 -0.0588726646837492 -0.055357195211305 -0.0484308181827474 -0.0541524528779448 -0.0560080330235801 -0.057340554828047
0.0754211547739962 0.0991237906051632 0.0795091028113463 0.0951660267142358 -0.0114804943558959 -0.0158221770990126 0.178652207696898 -0.0230146438892712 -0.0789232620684859 -0.0675891981053769 -9999 -9999 -9999 -0.0219110637588636 -0.0208297061451703 -0.0268082264999967 -0.0299019656739021 -0.0358851295396837 -0.0375450188664925 -0.0393485253535588 -9999 -9999 -9999 -9999 -9999 -9999 -9999 -9999 -9999 -9999 -9999 -9999 -9999 -9999 0.169069161963093 0.133315786004784 0.119519583277516 0.345072323537906 0.371109152822448 0.259471686673856 -0.0259601223919639 -0.0155327868626971 -0.0131712298626214 -0.0310903727990806 -0.0520720770501745 -0.0422338869733493 -0.0225693643566024 -0.0765756356012759 -0.0711341041204835 -0.0630843291201201 -0.0555232836477921 -0.0489884540965644 -0.0479988887440748 -0.0485255126382981 -0.0571714812773744 -0.0535713506498363 -0.066318119901228
0.104089030533693 0.10825326482245 0.0945806126545261 0.0914114164275986 0.0959952250990939 0.17767458280115 0.0889470388278005 -0.033252010068567 -0.0304514754435475 -9999 -9999 -9999 -9999 -9999 -9999 -9999 -9999 -9999 -9999 -9999 -9999 -9999 -9999 -9999 -9999 -9999 -9999 -9999 -9999 -9999 -9999 -9999 -9999 0.322289268715546 0.186330584740683 0.139538090684759 0.416909096411697 0.371779974315798 0.0666681366234348 -0.00475901224823663 -0.0168959890074037 0.0321079771409366 -0.0084290442996183 -0.0338904928249077 -0.0552662321484861 -0.052171000417488 -0.0168852094284006 -0.0713353505684885 -0.0648292112813769 -0.055795177798187 -0.0444526560115524 -0.0365047065728497 -0.0290209423899904 -0.0599147182940003 -0.0690136780107245 -0.0683112640589112 -0.0132043977980157
0.105433161115548 0.108992080583359 0.141388032281377 0.139054668026387 0.14817667945821 0.229248234744165 -0.0513223158705858 -0.0456384926217379 -9999 -9999 -9999 -9999 -9999 -9999 -9999 -9999 -9999 -9999 -9999 -9999 -9999 -9999 -9999 -9999 -9999 -9999 -9999 -9999 -9999 -9999 -0.0312594463497532 0.552203592480289 0.656904814139544 0.356620569443824 0.480852729860025 0.16082112562891 0.107703506293289 0.0788134053664505 0.024033243269189 -0.0381609474267651 0.0376279507889366 0.345758899800568 -0.0158379318683249 -0.0482012131499802 -0.0528919884131221 -0.0481176299527865 0.00209597079938477 -0.0647025097681706 -0.0562326628660381 -0.0479425861737429 -0.0370329888638427 -0.0187127626686277 -0.0409792268972206 -0.0721754114521882 -0.0931712120758246 -0.0970209397091889 -0.0567457708265883
